50
367 610 973
662 446 607
518 797 869
662 432 814
289 279 148
733 650 803
811 521 935
614 189 943
794 220 724
539 350 536
763 791 777
328 374 643
632 600 522
529 562 786
525 174 665
376 733 608
805 450 874
771 601 794
547 268 453
413 512 302
164 201 249
282 636 726
418 367 387
706 493 418
579 435 476
467 651 453
239 415 519
422 203 307
381 326 140
548 649 352
325 220 368
280 393 632
439 508 651
609 503 506
639 803 730
618 536 681
693 362 395
419 422 706
509 687 554
221 805 687
314 257 654
640 646 752
665 813 926
188 585 712
182 819 893
581 551 950
762 693 832
582 390 665
358 648 613
807 793 902
