50
770 523 967
365 427 242
476 850 519
519 454 830
251 627 683
844 582 806
390 743 586
691 806 474
309 335 647
590 788 434
743 225 667
368 591 330
542 228 963
633 781 475
284 701 831
559 438 531
849 763 801
761 815 587
174 161 789
626 548 457
157 544 885
739 515 720
185 197 399
512 733 527
242 849 912
527 834 908
340 528 650
838 329 696
223 350 714
815 172 837
292 680 336
346 343 798
765 238 987
254 769 431
217 248 467
655 337 802
203 590 726
826 436 932
450 451 713
776 760 823
343 365 228
761 335 806
788 416 827
585 758 335
518 752 646
277 504 790
382 845 921
746 842 857
470 453 689
346 623 155
