50
832 500 690
651 794 585
539 437 447
313 322 625
808 524 924
842 280 708
493 764 846
753 648 407
227 552 911
427 175 913
342 443 636
711 622 219
670 482 163
586 513 264
465 387 619
435 651 662
418 479 776
198 788 878
336 483 738
507 183 498
467 769 786
226 519 947
216 786 775
587 483 343
691 826 635
780 634 527
466 377 813
376 350 455
534 374 297
308 706 919
171 240 756
398 560 889
339 396 793
333 777 944
727 250 288
273 333 614
313 448 876
836 163 400
816 796 396
454 396 905
594 437 893
385 536 671
287 659 724
277 376 703
228 217 961
437 611 431
212 844 930
373 174 951
321 668 569
299 793 670
