50
581 802 786
665 164 515
704 263 701
677 604 732
648 710 228
473 714 794
621 677 510
167 448 657
705 221 636
269 653 991
786 591 55
752 260 749
287 204 799
535 789 628
554 322 995
790 191 764
309 702 804
380 536 744
481 286 976
201 744 642
613 402 988
556 169 836
806 626 778
817 191 851
535 230 472
607 429 364
345 544 576
351 633 788
154 746 710
359 410 580
687 376 868
680 189 651
682 187 624
684 711 468
586 428 428
271 498 918
622 278 923
201 282 761
827 598 558
699 260 413
305 572 964
206 306 823
280 164 724
822 516 193
680 223 521
798 375 923
186 647 884
493 729 433
378 694 448
559 381 324
