50
109 -758 472
373 -734 805
-73 -676 125
216 -309 972
32 -271 710
359 -463 564
17 -548 782
202 -414 586
440 -840 927
404 -155 906
-104 -324 728
239 -152 824
220 -572 895
333 -443 586
458 -585 894
367 -816 569
-199 -696 521
175 -308 890
181 -364 519
19 -487 741
17 -662 621
-38 -792 208
448 -165 861
-102 -657 203
276 -327 709
213 -388 519
91 -454 560
326 -414 903
-201 -743 971
-135 -505 727
-170 -790 253
123 -555 347
296 -527 954
317 -509 870
416 -586 894
196 -527 402
64 -396 477
257 -681 798
462 -159 968
-93 -572 824
-194 -293 778
92 -571 639
141 -439 766
98 -380 545
37 -183 817
67 -602 293
430 -212 863
-100 -368 616
441 -768 799
291 -728 632
