50
-24 -559 719
-38 -586 815
315 74 499
170 -14 782
250 -156 854
-146 -290 588
435 -539 852
238 -213 295
-79 18 707
245 -47 312
169 -217 579
451 57 824
301 81 392
411 -50 598
280 -151 677
-24 70 831
-18 -73 557
294 60 485
439 -125 519
357 -403 492
63 81 912
464 83 599
90 -359 629
-135 -47 542
-30 -465 461
144 -89 934
-169 -96 787
123 77 640
37 21 948
444 -105 797
-111 -527 944
95 -486 869
381 -338 877
112 -104 741
189 -119 554
61 -565 649
16 80 977
422 -541 827
267 -419 649
-57 -532 908
-84 -136 708
145 -416 767
269 -261 942
64 -469 915
-199 98 854
431 -251 973
460 -358 522
216 -475 725
121 -136 546
312 -265 670
