50
-135 -119 401
-250 -551 772
-224 -334 793
79 -48 368
327 -634 798
-86 -192 506
309 16 412
288 -236 525
224 -247 444
-181 -245 740
-241 -332 662
-92 -430 492
-159 -511 791
-64 -579 653
-153 26 997
105 -487 517
406 -248 844
224 -39 949
-260 -472 539
136 -9 307
353 -136 738
-81 -102 340
348 -246 471
-242 -87 558
-22 -392 923
71 -184 715
-36 -261 957
338 -120 602
373 -423 689
147 11 387
-109 -540 557
-216 -560 578
342 13 592
119 -414 953
240 -202 953
195 -399 968
56 -248 247
249 -608 781
232 -266 884
33 -62 956
266 -199 836
-235 -564 782
120 3 175
225 -158 324
-55 -46 155
396 -264 427
-167 -59 339
204 -106 363
123 -364 967
-128 -152 863
