50
82 257 696
-248 32 831
111 59 928
-178 552 382
60 281 313
-95 104 483
76 129 508
188 201 370
-135 231 744
247 11 743
326 31 553
171 546 309
-144 153 548
-165 136 670
131 400 850
28 200 795
330 472 536
316 59 579
350 261 435
14 258 945
188 304 207
274 509 810
132 15 875
-99 135 507
126 299 481
-253 618 493
255 450 398
-233 273 623
45 682 333
355 525 923
-11 315 756
-221 357 613
333 84 690
-103 237 587
-153 657 319
209 196 498
-284 655 738
-286 209 517
237 40 861
182 208 914
41 506 760
220 423 504
-38 266 478
-223 138 921
149 32 908
212 -13 523
347 15 712
-258 118 550
-315 680 857
50 224 324
