50
640 394 312
432 711 807
710 615 823
733 566 639
473 821 979
707 369 695
634 791 919
470 335 893
290 197 333
518 583 582
554 180 511
435 607 635
584 623 802
595 288 307
349 467 872
792 709 912
370 707 630
578 452 869
704 535 486
693 539 827
602 744 721
299 833 945
520 520 520
693 185 652
496 666 787
469 780 747
714 491 493
677 660 934
397 541 677
548 330 490
196 241 725
191 269 335
724 284 477
817 734 682
765 538 892
449 575 512
767 802 858
451 669 963
259 594 762
393 197 136
397 624 919
571 652 975
284 489 668
579 537 744
261 648 817
740 425 780
286 684 753
588 442 305
261 478 429
639 375 984
