50
-29 -184 708
-123 -644 958
-34 -666 635
-567 -270 491
-383 -318 973
54 -195 939
49 -794 623
-181 -508 726
-379 -747 641
-40 -613 586
-550 -616 629
-22 -624 906
-161 -622 462
-575 -196 978
1 -121 997
-461 -227 496
-119 -733 865
-162 -174 207
-421 -634 557
-477 -330 890
-102 -229 667
-461 -426 656
-258 -202 882
-546 -742 614
-298 -776 799
-229 -764 961
-345 -811 669
25 -773 706
-193 -542 990
-444 -514 906
-146 -633 967
-227 -591 463
-278 -691 893
13 -285 977
-502 -503 501
-444 -126 703
-219 -732 913
-579 -297 774
-506 -203 846
-40 -421 705
-246 -733 843
-443 -500 683
-77 -159 836
-88 -218 816
-336 -686 631
1 -339 352
-183 -714 758
-344 -258 442
-453 -675 835
-507 -294 947
