702 1000
444 5
370 38
771 25
254 13
518 6
665 9
708 28
553 16
99 3
650 44
95 37
717 40
366 39
85 17
490 14
862 38
911 11
198 25
323 49
946 36
809 29
665 32
168 24
32 44
742 38
708 31
768 46
861 19
703 50
275 30
135 32
726 2
993 38
6 1
142 14
392 25
488 21
74 50
273 25
380 29
841 7
168 46
256 29
27 5
956 32
446 25
21 24
298 22
813 28
965 47
680 39
370 14
349 5
620 28
376 33
829 11
996 10
917 41
983 43
974 4
452 14
735 47
587 31
838 35
148 18
55 37
177 24
787 4
732 14
726 3
312 4
397 11
39 24
661 28
11 41
364 3
416 45
581 48
934 10
603 28
70 13
543 9
340 27
79 42
284 4
433 35
111 32
383 38
795 45
248 22
238 28
66 43
259 6
305 39
62 5
178 34
577 3
417 39
379 42
872 22
617 24
399 5
550 30
479 47
914 27
395 8
180 19
106 10
237 48
270 43
668 24
843 26
839 42
599 1
673 23
768 42
346 33
753 40
815 39
605 17
376 4
65 2
836 15
979 26
325 42
473 14
997 18
587 50
286 35
425 17
248 14
661 14
143 35
247 36
301 10
491 37
837 37
399 47
140 16
331 16
863 6
110 32
215 20
672 32
751 9
768 40
918 11
125 4
692 31
164 18
774 16
42 17
506 7
991 22
230 5
360 4
914 8
480 6
407 11
690 34
609 8
712 31
392 48
985 25
956 23
757 43
350 36
931 17
762 20
326 37
631 31
510 48
542 17
536 8
203 50
652 28
738 34
145 47
647 5
688 27
242 10
470 28
667 24
605 25
836 12
489 35
654 2
647 42
224 11
509 33
46 35
517 17
1000 2
398 19
300 50
801 38
676 10
468 16
776 6
584 50
492 31
708 42
853 37
891 41
486 45
871 5
532 21
483 4
607 40
607 21
336 19
349 49
229 30
365 13
108 29
216 45
732 48
963 31
759 33
290 34
347 34
986 41
9 44
383 19
842 4
895 27
550 46
834 39
522 3
418 28
609 2
965 44
144 17
642 45
135 9
221 44
146 34
47 46
244 48
381 29
765 43
983 19
40 18
295 37
282 40
976 45
116 3
707 30
335 13
668 28
820 8
285 21
267 12
611 27
45 3
759 20
321 39
84 12
931 10
535 22
203 37
773 35
526 29
120 15
976 44
236 2
321 18
409 34
260 43
409 31
124 39
446 32
494 23
120 41
232 22
169 34
269 26
297 22
929 25
895 29
515 23
564 34
910 17
378 19
695 41
877 21
849 15
446 45
342 49
254 2
213 50
667 11
146 38
919 42
807 14
75 37
935 42
678 9
194 32
180 3
35 45
167 9
406 47
619 31
628 1
676 8
806 7
805 32
158 1
620 50
243 37
586 32
264 10
254 26
17 43
714 3
877 11
594 11
87 10
947 43
251 36
651 26
747 8
620 3
914 4
531 35
307 28
772 35
640 10
552 38
670 21
244 22
212 47
492 47
629 23
904 28
542 10
270 36
142 27
109 17
417 12
30 18
467 14
37 8
885 3
621 2
746 47
583 12
484 10
28 29
702 31
530 32
685 9
485 25
972 43
650 37
906 40
729 34
47 39
418 6
167 2
702 18
166 33
436 20
489 44
486 27
138 22
963 36
212 34
112 4
104 29
265 43
419 46
740 14
964 30
912 36
754 12
673 13
267 36
779 46
617 21
145 48
160 30
636 33
609 5
275 26
674 6
731 46
117 30
460 48
607 37
298 42
863 32
34 48
129 3
375 34
239 47
182 12
287 18
460 41
956 3
877 26
42 31
199 2
53 5
20 7
970 38
153 14
15 17
256 35
225 44
651 9
388 25
339 16
689 31
44 20
254 37
811 42
42 43
460 11
442 18
386 2
942 5
971 37
49 48
373 25
860 21
851 46
407 21
405 3
141 14
410 49
531 33
64 19
177 12
422 8
738 32
238 22
108 20
708 47
252 17
842 4
47 13
48 12
932 47
474 26
503 10
470 16
787 27
601 30
150 33
289 29
232 13
8 8
855 5
312 23
99 46
566 14
614 49
976 29
733 42
736 17
45 22
442 32
50 23
842 43
129 4
506 42
729 4
453 41
186 49
59 13
569 38
268 9
918 48
355 45
643 8
832 35
302 39
442 31
536 47
659 37
367 40
740 13
929 39
854 48
499 13
712 22
768 48
708 46
83 26
794 17
968 13
703 47
320 38
753 14
810 39
664 49
834 27
396 7
12 5
175 21
611 9
534 19
472 24
568 38
674 6
658 9
858 42
966 25
222 13
431 35
21 50
915 34
850 14
834 34
321 46
88 42
85 50
609 4
156 43
978 3
329 26
210 34
545 16
398 33
195 36
247 31
66 2
723 45
235 21
830 43
237 38
84 34
716 8
374 8
295 43
531 30
967 5
245 20
863 24
787 37
248 7
747 1
515 18
860 43
224 29
674 5
452 37
645 9
56 35
225 43
474 29
836 3
482 50
707 18
809 28
845 40
341 32
573 49
810 36
412 8
568 6
280 14
649 26
852 30
460 8
194 32
217 6
478 39
1000 26
695 7
347 34
85 7
428 23
814 13
705 42
746 39
250 12
589 24
737 6
448 43
852 29
620 19
684 8
866 22
340 37
330 7
345 17
918 42
941 19
915 22
197 40
832 29
658 4
918 25
774 28
705 39
271 50
938 3
400 10
905 40
800 35
675 43
209 35
949 21
630 19
663 32
206 20
1 39
693 46
851 8
180 30
163 24
110 41
276 12
195 18
406 50
997 7
15 28
972 49
689 23
550 5
844 2
589 29
525 41
653 3
498 37
720 24
914 1
567 14
779 8
459 17
911 30
871 21
778 6
411 22
909 2
751 33
789 47
796 18
225 47
190 38
42 33
911 47
396 4
385 16
533 18
98 27
266 29
329 43
374 17
166 21
855 10
25 7
423 37
856 28
519 40
736 20
310 22
588 4
764 33
25 20
766 49
21 21
951 26
270 40
68 22
257 3
834 7
565 49
336 5
104 43
41 40
111 46
725 39
216 32
86 21
986 50
176 19
594 16
711 21
250 34
693 22
76 4
474 42
323 4
171 45
665 15
664 16
104 40
129 18
942 23
576 9
611 30
215 44
149 2
583 28
110 22
344 44
393 20
910 45
1 628 2
1 409 7
292 628 6
1 141 9
189 628 3
598 628 6
409 657 1
590 657 3
301 657 10
344 628 6
87 628 9
1 375 1
141 227 7
227 560 8
427 628 5
409 701 3
1 225 1
225 499 2
141 547 8
662 701 4
141 554 10
212 657 4
1 657 7
1 172 8
172 462 6
335 547 5
1 470 7
452 554 2
436 470 2
289 628 9
301 547 4
85 499 10
467 554 6
74 547 7
409 429 7
172 541 8
357 657 8
227 409 4
21 227 10
172 405 8
227 672 7
225 658 7
466 701 5
172 205 1
657 676 7
190 554 5
495 657 6
560 617 9
554 618 10
554 651 4
219 405 6
482 547 4
499 646 5
393 470 1
134 205 2
496 672 1
264 547 9
43 462 2
159 547 8
236 628 2
547 633 10
563 617 9
120 429 10
80 646 3
208 628 10
31 701 9
179 541 5
618 651 7
222 657 9
256 405 3
554 670 1
225 250 4
326 701 7
131 205 2
1 223 7
617 662 6
1 348 4
398 405 10
429 621 6
241 547 1
658 659 3
343 462 3
194 554 4
391 657 10
98 547 7
560 700 10
302 621 9
348 549 9
549 636 6
141 514 8
306 700 9
125 670 4
256 514 6
409 596 4
391 470 5
398 636 7
225 501 2
252 554 1
429 511 4
517 618 10
201 514 9
163 659 9
436 621 8
50 628 5
554 603 3
243 250 2
90 676 8
462 550 6
172 559 9
225 628 9
141 444 10
1 636 8
356 636 5
470 491 3
144 223 4
409 548 10
554 657 9
596 621 3
219 444 2
559 689 2
250 687 3
172 679 4
537 559 5
39 405 1
375 651 10
205 224 9
348 499 2
511 559 7
117 223 6
405 426 8
15 223 10
405 651 8
405 654 3
223 284 7
462 660 7
224 541 7
224 591 10
301 687 2
415 672 4
318 659 2
382 633 9
224 306 2
119 444 7
597 621 7
274 628 1
213 224 1
106 603 1
333 501 7
172 194 9
591 661 10
250 667 7
654 686 3
194 683 7
378 462 8
558 617 1
171 462 3
286 646 7
662 669 7
390 603 9
663 700 7
211 499 3
312 554 2
56 689 1
635 700 8
426 643 7
416 662 6
277 306 7
596 638 7
554 642 9
67 638 8
545 548 1
405 698 5
461 689 9
519 658 4
1 328 7
548 691 10
430 638 10
279 621 9
83 643 5
401 426 1
328 470 2
15 689 3
221 499 3
522 689 10
283 687 3
129 499 6
224 661 10
1 256 6
370 560 9
97 672 5
547 598 4
553 660 6
436 646 2
306 576 5
659 688 2
225 650 8
348 659 5
541 576 3
172 643 7
70 141 5
91 550 9
27 688 5
170 651 10
59 284 4
103 676 6
388 617 7
141 688 6
576 664 1
404 691 4
578 670 7
1 311 1
166 658 2
593 642 6
524 700 10
199 603 7
1 405 3
250 284 1
236 514 6
222 541 5
520 672 1
512 547 4
4 636 5
107 646 8
280 311 10
446 698 10
141 404 2
256 492 8
638 701 9
44 560 6
306 342 8
506 541 9
378 636 8
659 662 5
269 651 7
159 698 3
345 514 10
224 646 4
401 429 10
292 559 1
162 683 6
286 541 1
240 676 10
215 688 9
43 669 3
306 428 3
253 628 2
85 670 8
429 627 6
242 618 5
16 375 3
443 642 6
635 672 6
680 691 6
471 550 9
12 669 2
562 643 6
1 269 8
404 476 9
37 628 10
350 628 8
621 701 1
194 509 3
194 612 8
597 658 4
586 643 4
99 686 2
547 651 6
37 342 7
74 429 3
469 499 5
44 428 9
277 618 8
451 492 8
470 612 3
405 583 8
553 664 1
428 437 3
63 591 10
554 589 9
219 651 7
115 499 4
663 698 7
452 598 6
555 617 5
227 232 2
1 156 7
387 596 1
397 618 8
536 687 4
10 549 3
335 342 2
205 328 8
416 444 7
318 462 10
616 670 4
190 657 5
295 660 6
445 627 1
462 483 8
662 696 1
306 553 5
320 342 3
74 509 8
3 205 9
15 603 10
141 278 4
281 491 3
141 508 1
94 638 10
217 426 8
105 553 5
444 665 10
269 603 1
349 444 5
256 511 2
476 672 5
137 576 8
539 560 6
325 591 8
591 658 1
141 421 5
612 672 1
152 549 8
396 627 8
62 591 2
559 683 10
98 679 7
262 670 3
261 278 8
533 665 1
311 444 3
278 444 10
462 617 1
306 395 3
37 444 4
385 638 10
492 579 5
94 172 7
559 572 1
282 659 2
557 687 7
358 636 2
384 603 8
196 444 9
577 642 1
159 618 4
175 404 4
347 470 7
196 583 6
174 696 3
223 238 3
347 509 10
315 659 2
388 429 2
389 672 8
128 683 9
506 576 2
192 284 2
208 627 8
192 659 3
342 391 2
110 491 2
452 462 3
328 492 4
37 646 4
227 633 5
141 687 2
269 678 5
470 674 3
476 685 4
133 559 10
90 638 6
475 676 5
94 541 4
152 598 2
7 636 7
68 657 9
269 519 4
415 691 7
324 348 8
179 591 9
661 670 3
256 372 8
43 618 8
40 559 6
509 647 3
48 638 1
139 156 8
257 596 3
27 541 1
348 662 3
405 660 2
135 348 9
222 591 1
190 662 2
498 628 9
493 621 3
472 654 2
137 688 9
110 678 5
463 470 5
15 553 10
465 579 4
89 470 7
282 660 4
205 446 4
134 462 7
15 172 10
195 650 9
20 409 4
483 563 5
397 437 3
559 669 4
1 536 10
384 437 2
79 643 10
305 669 2
302 483 6
63 669 4
349 476 10
230 395 5
601 657 6
432 689 10
597 700 2
553 571 4
130 508 9
194 553 5
240 541 2
189 642 3
388 560 2
598 618 1
152 548 9
525 700 5
548 688 10
31 446 4
121 250 7
569 598 10
401 688 8
470 591 5
532 658 6
405 631 6
46 685 9
301 536 10
311 621 6
126 550 1
509 553 5
631 694 2
298 328 10
278 521 8
250 338 8
75 621 8
238 547 2
647 684 1
52 338 8
570 688 3
538 627 6
256 605 1
270 284 6
443 579 3
238 443 7
642 673 9
89 437 8
558 589 1
290 391 5
317 674 5
75 618 8
428 573 8
90 694 2
266 673 10
225 557 2
333 443 8
140 238 1
405 646 2
176 563 5
340 596 9
509 614 9
446 596 7
521 563 1
388 547 10
375 595 1
370 618 9
622 661 4
445 628 5
491 624 10
426 560 9
525 684 5
44 238 1
42 141 7
392 683 5
595 664 1
109 579 8
386 521 6
405 690 4
493 643 9
423 698 2
336 549 4
473 672 2
662 665 4
101 696 2
180 701 10
473 519 6
199 554 8
481 596 5
375 665 5
227 395 3
189 576 5
382 395 6
232 261 6
536 700 1
454 554 4
99 338 9
375 502 2
8 684 10
100 679 5
412 694 7
23 684 8
240 643 8
553 567 6
51 572 2
238 419 6
305 595 7
651 685 2
225 308 1
136 446 3
256 678 6
404 638 10
338 590 7
223 573 5
26 443 9
74 686 10
245 269 7
194 549 2
185 573 3
11 375 1
210 521 3
18 238 6
399 557 6
615 687 4
151 509 7
672 683 5
141 571 8
656 690 1
576 666 3
415 646 4
541 676 1
485 664 2
140 375 3
554 645 1
473 483 8
519 594 7
298 667 5
127 224 6
209 696 10
632 636 6
433 690 9
429 438 1
317 700 6
492 660 2
593 621 3
355 372 8
269 500 7
326 429 9
251 636 1
629 698 5
435 483 4
315 617 2
676 679 1
453 536 4
281 553 3
142 205 4
70 672 6
90 501 9
256 519 6
7 500 6
502 665 8
64 696 8
1 653 3
499 527 4
362 686 4
274 686 9
215 674 10
1 645 8
37 375 5
262 311 6
16 571 9
386 483 5
443 654 10
272 664 6
401 550 6
75 261 8
646 700 1
338 381 7
125 696 3
472 508 5
443 657 8
58 519 10
398 557 7
340 595 4
548 660 1
508 623 2
336 348 10
480 627 2
189 667 1
256 341 1
323 664 8
230 338 5
82 306 2
7 560 7
207 341 1
537 665 6
47 341 10
638 675 10
263 553 5
225 405 6
10 514 5
119 256 6
263 659 8
505 689 1
214 328 4
151 598 7
557 650 8
502 617 3
614 615 1
447 571 6
148 591 8
519 661 3
111 667 10
259 672 5
425 615 9
311 391 2
510 651 3
317 666 3
576 603 8
269 685 2
152 636 4
226 583 8
444 616 2
632 662 2
570 646 4
190 665 6
603 636 4
419 654 4
223 434 10
196 576 1
571 615 10
93 560 3
414 502 1
527 698 4
44 647 1
248 583 4
142 662 7
139 701 5
131 690 3
284 627 3
491 574 7
513 666 2
646 667 2
225 533 2
427 679 2
627 679 7
249 519 8
53 696 6
433 583 5
272 591 1
311 687 3
364 462 5
172 669 8
272 686 9
299 660 10
81 519 7
404 514 2
395 520 3
396 553 8
145 462 9
375 437 4
126 553 1
34 261 6
84 666 10
33 223 10
347 633 3
105 429 3
106 675 6
250 346 5
676 691 6
4 684 5
419 660 8
601 667 10
248 521 7
605 646 1
493 662 6
326 664 8
10 576 4
1 182 8
392 547 1
409 517 3
375 456 1
661 688 3
559 575 10
258 501 6
317 554 10
249 683 1
312 409 10
44 391 10
409 647 10
472 696 8
470 659 1
129 583 9
409 580 9
306 575 1
103 591 8
572 644 9
227 698 7
527 683 8
469 679 3
158 381 4
343 685 2
372 611 6
459 627 9
484 492 9
557 654 2
15 589 7
214 476 7
288 676 10
243 595 2
438 618 2
187 675 2
145 687 4
591 631 2
488 636 3
600 690 1
34 580 8
228 660 8
370 651 3
615 662 8
339 557 3
503 623 4
364 691 2
622 646 5
388 437 3
452 573 2
307 520 6
391 631 9
199 557 5
141 492 10
470 549 4
553 612 7
58 616 3
62 684 3
448 690 8
250 317 1
41 698 8
23 644 1
187 381 5
480 672 4
419 457 8
368 684 10
292 560 6
285 696 6
275 421 8
483 636 4
390 573 6
654 694 3
470 541 8
625 647 5
372 506 4
346 497 6
138 616 4
117 338 4
318 596 8
161 547 2
108 653 2
648 666 10
225 524 1
121 520 7
456 695 7
468 618 10
220 670 3
224 354 1
606 687 8
346 496 5
324 690 5
338 658 8
594 695 3
337 646 7
354 605 2
1 666 7
644 675 4
504 669 7
58 497 10
387 483 3
462 586 1
212 426 8
572 696 10
278 647 6
48 476 3
483 578 2
13 594 4
33 182 3
250 366 1
116 696 10
160 194 1
274 421 10
544 553 7
77 638 6
174 638 6
578 599 6
54 284 5
260 506 8
422 583 10
564 614 4
128 506 1
52 517 1
291 338 6
443 630 10
73 470 5
435 614 10
114 638 5
404 614 7
244 508 2
370 554 8
223 636 2
205 389 1
500 616 10
109 673 10
201 509 9
49 624 2
249 346 7
579 698 2
178 660 6
286 676 2
429 465 6
78 514 1
628 650 9
577 666 9
486 596 3
412 575 3
570 664 6
205 620 6
96 354 9
73 421 6
261 454 7
483 628 10
465 523 8
74 342 10
45 434 7
470 508 10
444 548 9
30 701 9
605 611 5
438 526 5
404 587 10
195 651 7
407 701 2
482 678 6
271 650 5
509 689 5
523 583 5
550 573 3
131 194 6
374 678 9
152 701 8
317 528 8
49 256 3
518 633 5
511 612 3
117 547 8
194 353 7
316 560 10
158 559 3
106 499 10
273 683 9
550 694 8
646 676 5
496 571 6
82 457 7
155 624 9
461 470 9
11 683 4
273 651 3
628 642 2
450 603 3
149 683 7
437 605 5
171 372 7
363 611 5
695 699 2
232 655 6
213 426 5
89 567 7
256 374 4
598 643 8
70 675 3
462 508 6
382 618 7
617 653 8
223 527 10
422 666 9
263 578 5
100 650 7
274 661 6
441 611 4
47 342 6
377 573 5
344 589 8
364 524 5
484 560 4
543 683 10
676 688 7
317 331 6
245 684 9
506 684 10
66 389 1
391 543 2
126 454 7
350 643 1
457 659 8
394 576 7
141 533 8
546 599 8
146 658 7
331 416 9
328 485 6
508 558 4
336 700 9
356 571 3
291 674 5
261 290 10
302 674 6
84 331 3
497 575 1
16 701 5
225 674 9
245 485 9
167 311 9
268 409 10
501 688 9
437 484 2
653 687 3
172 234 2
25 557 1
218 618 10
372 653 10
492 671 9
21 521 10
284 553 5
550 676 1
143 421 5
117 256 6
348 653 4
31 689 7
26 651 2
41 664 6
260 457 4
342 672 5
89 623 3
456 583 8
234 528 7
330 438 10
538 701 10
55 557 3
526 620 9
71 308 3
156 354 7
172 634 6
331 659 8
113 638 6
21 250 5
324 366 7
510 685 1
491 666 6
436 575 5
150 524 2
421 614 1
119 620 2
66 311 10
124 429 7
60 521 7
674 688 5
389 474 4
93 290 6
114 631 5
115 550 7
24 665 1
272 644 7
321 496 9
91 428 7
666 673 8
623 645 4
76 701 2
509 636 8
646 648 7
172 637 9
410 594 5
13 419 2
506 514 3
341 388 4
583 661 9
232 494 8
317 414 6
227 635 4
