903 1000
255 26
905 44
995 28
905 48
102 17
779 40
764 4
507 44
481 2
511 34
647 22
5 40
237 16
447 4
164 26
615 18
443 41
773 26
622 25
686 1
119 47
645 6
38 27
557 34
868 19
146 4
175 44
277 29
940 27
991 48
308 4
512 16
159 2
20 16
704 50
454 23
833 46
805 6
447 7
862 26
948 23
673 49
143 27
636 6
371 5
940 46
192 33
581 39
71 38
213 41
472 10
519 3
324 8
965 14
380 49
630 49
187 25
96 4
343 35
449 23
531 44
991 44
727 50
251 24
904 36
998 10
274 45
905 25
640 21
638 32
362 17
233 22
782 31
942 27
431 6
591 5
408 36
739 50
241 45
698 49
455 44
405 43
955 31
99 14
309 31
953 7
313 21
452 12
152 5
226 26
637 35
264 9
729 11
275 29
602 20
621 7
370 1
183 27
987 48
439 12
335 4
573 34
516 50
839 6
70 50
411 28
447 20
413 16
657 28
770 47
382 40
758 14
649 29
137 31
176 21
842 21
643 18
131 40
480 14
992 25
768 12
217 25
121 9
483 13
28 20
913 34
983 50
592 25
800 26
804 9
213 35
990 17
438 46
722 2
948 2
997 31
62 47
67 13
980 7
783 40
419 3
296 31
793 29
154 48
182 31
575 5
586 27
362 21
803 4
398 50
93 26
631 48
99 39
93 33
670 35
707 49
334 46
715 42
958 20
918 9
609 46
582 2
827 8
239 7
524 6
648 1
311 24
299 46
28 28
472 1
675 17
78 13
915 8
715 8
4 9
512 33
94 6
353 49
656 8
530 27
396 31
862 26
245 27
166 4
897 26
560 15
1 11
927 13
209 36
101 40
139 19
925 13
331 40
737 26
395 20
578 44
733 15
608 14
351 30
962 32
889 3
653 42
652 12
999 3
956 13
9 9
441 4
958 2
834 44
47 16
516 20
476 6
834 2
286 29
795 29
615 47
326 41
26 16
185 26
970 35
151 40
773 36
835 14
87 2
534 32
18 2
407 33
764 10
86 43
172 14
706 39
9 29
401 35
151 33
287 14
265 2
712 41
379 29
680 26
117 43
629 30
926 5
185 40
981 27
611 24
654 1
768 39
784 20
74 40
163 4
137 30
936 39
587 1
883 36
466 37
736 13
583 31
511 47
199 32
152 5
730 10
937 1
857 33
727 42
841 30
337 35
592 26
813 34
868 6
140 34
277 27
801 12
279 49
951 2
839 37
886 13
737 9
70 40
148 26
848 15
920 16
487 24
792 45
85 49
700 1
726 32
277 17
420 4
287 27
334 28
23 37
388 39
837 25
651 49
832 24
899 1
143 11
518 12
702 19
569 40
65 8
866 11
823 7
267 45
470 47
557 21
284 23
861 48
146 42
643 3
176 38
457 11
387 29
924 18
353 45
244 5
731 36
91 45
524 23
424 22
703 28
474 20
140 34
495 11
734 19
287 34
801 23
283 37
384 23
656 7
908 14
844 3
450 39
745 41
7 9
465 36
822 6
339 32
41 34
243 48
273 21
273 32
282 14
53 19
963 13
576 10
401 2
849 48
920 30
261 16
952 5
795 6
590 41
554 31
969 28
435 33
719 42
564 35
967 25
131 22
848 14
196 11
846 14
244 46
923 6
936 6
859 13
187 23
9 13
233 38
465 46
579 9
136 13
107 9
485 10
973 15
41 23
587 44
102 19
342 38
992 32
457 49
301 35
412 23
820 44
586 47
328 31
771 37
338 48
791 30
318 19
238 29
710 32
879 44
516 14
99 32
727 23
359 12
165 17
977 5
833 32
743 22
561 41
126 12
947 43
818 36
378 40
289 43
265 42
210 40
759 4
733 26
565 26
258 47
408 34
322 46
937 22
396 44
980 44
626 29
513 46
892 34
918 2
368 39
401 31
97 21
394 27
957 42
856 9
998 5
174 49
749 41
587 3
278 32
296 21
705 3
294 49
822 2
590 9
490 29
228 2
154 41
56 37
390 24
830 42
998 27
63 24
315 11
183 5
53 28
144 6
641 35
866 7
452 16
55 12
193 28
408 6
374 3
34 44
627 49
647 10
485 33
628 16
930 28
668 48
453 41
920 37
324 14
871 34
434 9
964 41
262 11
259 29
479 2
765 19
436 2
136 41
48 23
438 6
606 11
993 39
228 12
261 44
640 39
753 29
150 31
409 21
203 16
912 40
532 30
997 40
860 43
528 19
319 41
345 15
452 38
561 14
536 30
537 37
539 38
807 38
45 29
105 28
683 30
729 10
25 42
617 29
880 8
339 30
852 17
414 50
304 48
487 5
701 18
891 33
449 22
134 25
634 2
924 44
364 23
653 39
637 49
129 18
744 32
634 13
925 31
127 6
312 29
973 2
503 41
431 50
1 16
173 39
555 47
998 5
659 46
549 26
973 16
592 44
304 7
845 25
855 7
598 25
202 30
107 18
779 28
551 2
409 26
76 9
366 42
456 1
519 30
323 16
645 34
599 33
277 17
462 47
354 27
433 2
53 2
542 20
715 25
850 1
825 35
571 30
890 9
822 34
275 6
646 21
579 22
22 39
798 21
385 49
32 28
546 33
653 23
205 4
716 26
532 24
301 5
534 39
786 37
909 5
157 46
24 40
595 38
257 43
949 24
291 32
699 15
809 31
448 22
120 42
914 29
344 36
831 31
114 9
536 35
528 25
823 28
932 7
339 20
676 25
456 17
34 10
233 45
666 22
918 13
959 25
12 25
386 5
278 17
275 1
936 3
947 12
744 49
723 22
642 34
368 23
484 29
489 42
631 41
728 43
542 10
448 41
642 40
326 45
486 46
892 22
985 10
86 50
965 30
266 16
141 12
29 4
125 23
112 49
850 21
298 31
10 26
414 28
394 3
362 32
354 8
632 11
752 2
988 13
521 17
511 18
32 31
353 47
329 48
880 28
743 7
505 43
191 14
30 37
783 1
736 31
910 3
345 10
160 46
902 32
682 27
664 38
418 18
13 34
520 42
934 47
558 22
577 9
838 42
68 14
810 32
552 33
515 47
786 11
396 21
626 36
718 45
769 45
539 15
187 30
913 2
102 41
771 38
174 5
169 10
681 20
492 11
408 48
388 48
96 10
229 37
225 13
152 29
807 6
676 16
589 32
638 31
676 47
224 10
977 12
465 25
747 43
716 13
79 7
436 7
865 9
487 32
793 1
21 43
874 49
122 46
271 35
841 49
201 30
765 18
993 20
602 48
772 39
587 2
165 44
520 13
397 42
324 31
19 20
944 10
190 5
542 11
581 43
884 27
394 19
932 24
537 39
505 30
150 29
537 29
750 20
43 15
148 50
100 2
860 1
476 41
247 40
84 21
325 40
847 29
647 3
817 34
769 27
412 21
770 33
37 27
233 27
295 19
425 47
975 41
350 36
954 9
814 38
495 46
904 49
1 45
389 9
93 32
788 50
46 43
952 2
381 28
68 21
942 46
767 36
144 35
824 20
184 1
891 43
492 28
561 6
906 16
279 8
493 10
744 42
765 9
393 18
846 9
297 42
557 17
399 12
441 3
497 20
772 30
343 39
954 35
368 4
983 32
536 21
755 35
222 20
55 29
348 49
190 36
805 3
384 44
862 1
256 26
112 24
117 13
636 38
823 19
112 29
999 3
97 35
424 41
987 45
181 42
72 25
453 28
212 29
142 36
190 20
817 8
437 33
770 16
360 2
240 10
811 8
158 44
402 31
841 8
297 35
771 5
100 17
701 8
848 41
17 14
924 5
128 30
18 22
615 29
642 25
717 2
858 12
522 16
868 15
842 15
810 28
866 47
158 26
257 42
336 4
541 27
566 33
31 28
708 10
718 49
797 35
668 47
410 50
448 31
424 33
962 9
170 27
607 20
838 5
584 18
98 20
428 15
35 37
548 30
376 19
382 34
579 10
829 17
792 9
622 21
728 47
751 43
293 1
636 37
587 18
582 11
317 43
272 47
119 16
504 43
61 43
142 9
852 50
472 2
511 25
910 37
446 46
854 11
74 10
654 3
147 43
164 8
126 43
21 29
52 38
262 33
454 41
1 268 2
268 755 4
161 755 6
1 112 10
639 755 4
58 268 3
1 153 7
153 175 4
153 304 5
153 726 7
175 557 5
268 335 8
175 824 7
92 112 9
128 557 8
112 498 7
28 153 3
18 335 8
142 268 5
112 408 2
175 517 7
509 824 3
1 872 10
181 557 8
557 623 3
112 366 6
112 201 1
152 268 2
298 335 5
257 498 5
410 517 2
201 238 4
153 457 7
268 376 3
148 623 8
557 620 5
112 644 1
208 726 6
335 807 10
1 152 10
75 268 8
335 513 8
152 783 10
869 872 4
276 408 7
390 726 7
171 498 7
156 268 6
557 591 8
50 807 2
201 576 10
1 479 5
342 576 8
483 517 7
78 557 4
498 823 7
575 620 7
397 644 5
402 726 1
112 153 10
175 733 1
457 616 3
152 323 4
458 623 10
153 667 6
304 814 8
44 824 10
351 376 6
112 778 3
227 823 9
44 513 2
335 713 10
66 323 5
713 813 2
201 766 7
457 670 9
197 670 2
29 766 8
498 775 7
766 785 3
414 778 6
366 849 1
179 775 10
366 741 7
47 813 10
457 653 2
202 823 9
858 872 3
393 713 1
644 842 4
366 591 2
725 807 10
712 813 2
394 842 2
220 778 3
565 814 1
321 591 10
376 534 4
197 323 9
1 273 9
462 517 7
428 823 7
393 813 6
689 733 6
22 713 5
516 778 10
238 820 6
201 591 5
446 820 5
828 872 8
182 620 1
741 855 4
91 778 2
764 783 3
394 653 6
623 874 10
627 813 1
778 838 4
50 653 8
402 653 7
335 525 7
289 616 4
268 770 4
458 525 4
706 849 6
72 335 5
408 746 6
201 846 10
384 755 3
464 741 3
741 767 4
523 820 10
692 778 8
153 228 7
366 457 10
643 778 7
542 766 10
1 781 8
522 814 3
153 879 1
228 347 1
29 273 8
268 587 8
288 824 6
230 587 1
655 823 9
108 733 4
483 620 5
160 846 9
454 741 5
419 746 7
287 807 4
11 591 2
247 323 5
451 874 4
145 175 10
214 785 8
347 670 10
379 872 5
576 761 10
92 783 10
83 842 1
268 395 4
565 807 2
322 823 2
605 842 8
598 823 10
123 498 6
517 729 5
695 767 1
273 746 8
334 335 4
557 807 10
152 831 6
525 740 1
211 831 7
525 718 6
311 347 7
670 845 9
161 785 3
767 878 7
517 616 8
233 845 2
160 576 7
457 757 2
238 732 8
596 813 8
268 375 4
383 823 5
129 667 6
200 376 9
452 623 7
442 587 9
484 517 1
701 713 6
688 770 10
62 807 8
479 790 10
70 304 7
454 591 3
64 616 1
220 824 4
80 517 10
49 653 5
692 878 7
567 713 3
238 829 4
417 513 7
628 757 9
667 673 9
488 733 1
325 525 7
587 629 10
460 525 4
732 891 5
495 845 6
382 845 5
124 673 1
595 838 9
3 713 9
127 238 1
422 845 1
452 838 1
323 551 3
451 755 5
201 687 5
210 761 7
357 879 6
335 839 10
9 228 2
203 757 3
89 849 3
741 770 8
531 576 9
447 813 8
398 855 5
396 879 3
677 718 10
405 878 6
172 757 9
653 865 5
320 761 8
790 810 4
151 153 10
334 814 10
710 755 5
57 733 7
553 842 2
1 561 9
311 755 7
388 855 5
842 869 9
326 755 4
285 829 5
713 809 10
526 770 6
156 376 9
783 812 6
187 869 8
686 839 2
388 726 4
347 469 3
135 623 10
551 809 1
670 691 9
488 810 3
58 824 7
325 785 3
11 557 4
610 713 3
366 488 8
92 781 3
629 729 8
1 572 2
629 839 2
65 814 9
69 323 4
287 551 2
530 820 6
509 673 4
482 757 2
525 810 9
347 449 6
253 733 2
248 814 3
133 814 7
245 733 3
456 879 2
637 869 2
623 670 6
497 865 2
366 753 5
849 894 8
670 864 4
789 810 6
775 844 10
498 543 1
673 784 6
237 783 8
175 583 7
449 529 5
401 691 2
99 839 7
576 848 6
422 551 10
304 729 2
753 868 2
629 836 1
347 771 3
128 732 2
451 513 3
73 846 2
513 559 3
718 864 6
737 741 2
557 559 6
273 782 9
418 775 1
35 529 6
98 238 9
137 729 7
195 667 9
380 781 1
497 551 1
534 603 10
620 796 6
201 692 7
805 864 3
248 746 4
34 894 6
587 856 6
1 107 10
718 745 2
243 733 10
536 692 5
411 691 5
717 741 7
99 152 1
214 449 5
175 660 2
350 687 7
113 778 3
534 624 8
732 882 4
117 273 1
491 848 10
585 620 8
61 757 6
56 529 1
376 842 4
1 301 1
201 327 4
34 268 1
15 783 6
303 644 8
407 591 9
278 814 8
823 883 2
57 498 3
534 876 7
273 533 6
43 745 1
497 629 10
410 883 1
249 469 9
341 517 9
484 813 9
228 783 4
313 729 8
4 878 4
9 745 9
16 534 3
44 576 2
12 620 7
8 616 9
674 876 2
433 767 8
819 872 7
577 855 2
796 810 2
536 872 8
670 883 4
9 809 1
267 882 9
457 878 1
347 841 4
749 778 10
178 869 10
235 878 4
57 790 9
533 854 3
316 757 9
65 691 10
107 858 3
301 613 1
347 668 10
167 874 5
791 849 10
770 796 3
807 884 2
67 729 5
688 845 1
321 745 6
576 644 1
335 444 9
320 782 7
417 644 9
77 112 8
647 796 7
64 814 6
525 669 4
438 849 4
284 824 2
655 855 8
276 771 9
642 869 6
181 790 2
469 472 4
545 891 6
375 703 2
761 832 2
792 842 6
444 840 7
845 847 7
112 884 2
577 812 7
781 831 10
376 482 1
125 807 4
376 885 6
482 606 5
377 576 6
40 620 7
750 832 3
281 583 10
624 767 4
314 488 8
422 767 6
321 616 6
235 670 4
482 633 7
128 841 2
152 622 9
118 832 10
243 767 8
268 802 7
107 683 6
172 525 10
97 660 9
738 812 9
208 813 1
607 872 10
225 839 4
814 866 1
501 874 7
339 691 3
153 847 9
53 854 8
133 366 7
89 479 2
824 890 9
1 5 3
683 872 1
749 824 10
371 824 1
63 620 5
175 765 10
1 33 9
599 883 1
513 630 3
48 841 7
641 810 1
479 761 9
175 449 5
735 753 1
253 630 4
718 896 2
325 488 4
112 851 2
118 301 3
304 339 10
317 444 2
179 785 2
822 868 4
622 844 1
349 366 9
622 885 2
837 876 2
479 751 5
449 695 2
429 813 8
165 812 7
703 710 6
668 714 7
823 852 1
583 650 3
238 623 3
323 329 10
195 812 6
417 683 4
510 813 6
692 762 5
551 616 3
112 301 10
9 852 7
306 622 4
726 838 1
268 523 9
153 882 7
159 838 5
301 333 10
627 781 5
366 688 7
738 831 6
653 721 9
273 602 6
366 622 10
152 257 9
252 876 7
77 840 8
149 775 7
153 247 5
761 877 6
224 753 5
630 786 6
465 879 9
612 745 3
5 534 5
464 623 3
238 625 8
755 785 8
440 692 1
92 301 9
573 740 7
572 690 5
111 228 10
250 784 7
179 703 3
870 872 2
710 854 5
347 445 10
523 752 10
104 865 1
155 767 4
304 486 4
623 770 1
585 885 10
107 257 10
208 529 10
125 790 3
273 840 3
153 763 2
82 335 8
594 812 1
644 820 7
5 606 6
277 660 5
552 854 8
366 425 8
19 425 7
521 872 9
629 854 6
80 836 9
359 812 9
152 186 2
244 865 2
162 670 10
693 781 9
462 874 1
323 781 9
682 847 9
613 693 4
257 408 1
247 629 2
236 668 9
688 855 1
201 653 9
175 856 6
407 752 3
217 851 3
746 752 10
872 879 2
709 765 8
270 587 9
309 633 7
335 736 10
327 602 6
248 848 2
433 445 10
508 829 5
549 785 10
667 784 4
295 557 9
521 755 7
133 633 9
412 488 8
202 790 1
133 721 10
203 395 9
7 153 5
257 653 4
490 669 8
306 591 3
308 633 2
784 840 1
597 633 9
809 882 4
498 883 10
408 893 2
327 569 3
373 823 10
522 622 10
453 784 10
271 613 3
838 855 4
200 820 4
209 247 3
327 437 5
669 717 4
35 872 1
655 809 10
649 713 7
19 622 9
151 273 5
487 576 8
238 542 1
356 855 3
107 178 6
268 284 5
70 879 3
681 854 2
334 488 9
300 437 6
264 771 3
45 525 9
220 849 1
762 835 4
338 469 8
692 765 4
814 865 9
543 760 2
742 849 3
39 851 4
153 308 10
105 751 8
830 854 7
146 339 2
153 811 9
596 874 3
228 658 4
123 660 5
696 767 8
469 796 4
602 828 6
327 450 4
175 858 9
569 607 10
191 488 7
220 796 2
457 700 1
446 767 8
578 829 6
221 752 6
401 814 2
481 713 7
185 877 9
378 807 3
376 690 3
46 602 5
736 872 2
425 632 9
327 620 10
649 890 9
163 650 6
557 708 3
553 858 10
376 569 10
409 523 8
825 868 10
576 751 6
201 308 5
477 823 2
316 761 7
449 799 6
106 513 6
449 714 1
218 799 6
28 854 10
24 838 5
413 576 9
283 469 8
126 855 3
268 353 7
753 789 8
448 820 5
850 869 7
327 848 5
352 692 2
251 741 9
673 786 4
490 700 10
832 864 8
187 673 2
434 629 5
153 776 10
174 660 5
33 884 9
395 723 8
375 473 1
284 891 8
353 516 8
170 790 4
727 765 9
379 775 2
367 852 1
37 858 8
683 889 1
152 232 5
616 882 8
276 708 2
522 835 5
216 559 2
188 583 10
191 551 2
302 836 9
686 732 4
150 557 5
550 572 6
820 865 7
523 806 6
801 894 5
272 776 1
778 880 8
447 771 8
7 849 2
204 844 1
93 842 10
717 843 2
523 767 2
427 786 4
129 533 2
395 493 3
171 872 5
201 772 2
301 764 8
281 493 3
472 558 2
245 761 1
273 397 1
781 863 10
746 848 3
377 498 1
69 874 7
333 608 4
617 717 1
152 539 8
199 533 2
685 718 10
23 879 8
690 889 3
124 517 8
295 829 5
206 878 4
457 845 7
301 373 2
342 493 8
539 797 10
542 634 8
201 453 4
752 902 6
67 323 10
218 781 4
623 863 4
359 513 4
330 591 6
262 847 3
120 721 6
68 482 5
613 762 6
366 760 4
329 621 3
112 760 2
472 581 3
482 591 6
6 893 5
644 745 2
693 780 7
395 508 8
299 785 2
769 831 6
450 714 1
571 624 10
495 683 8
126 874 2
475 513 3
257 877 2
700 823 4
513 634 1
243 852 4
531 616 8
107 483 10
50 445 1
102 880 2
444 613 4
695 778 3
782 902 8
428 691 5
721 899 8
692 785 7
401 736 7
273 364 10
152 541 4
353 490 5
534 803 5
397 480 3
581 882 8
541 797 7
695 899 3
50 864 3
782 823 9
575 644 1
605 896 3
746 816 10
557 644 5
616 737 10
1 488 4
96 858 9
796 901 10
824 848 5
403 753 5
476 901 10
364 466 3
409 784 9
153 708 8
238 344 2
418 650 9
228 552 6
745 767 7
278 803 8
408 840 9
773 844 5
500 543 2
266 863 5
285 366 7
726 776 9
522 723 2
667 812 3
307 810 7
786 853 4
178 894 5
213 572 1
228 486 2
4 851 2
383 839 6
130 473 9
448 726 2
523 803 5
707 771 5
315 753 10
9 713 3
633 666 3
397 692 1
25 848 6
261 700 2
159 778 7
732 842 1
744 789 7
749 876 4
751 879 3
236 557 9
558 753 5
257 415 9
300 785 10
64 757 1
732 827 9
188 493 10
84 175 7
374 723 9
464 806 7
366 852 2
454 714 8
327 556 7
50 899 8
52 602 5
280 667 5
186 190 4
488 581 5
480 789 2
517 594 1
530 803 10
522 878 4
37 375 2
644 699 8
365 852 10
35 556 10
519 829 10
674 713 2
473 868 8
232 453 9
737 770 1
123 450 4
533 886 1
814 828 5
63 700 6
321 572 4
280 842 1
190 364 6
22 201 8
802 827 5
187 877 8
190 635 4
89 753 9
572 895 10
575 895 3
378 824 9
726 731 5
353 891 2
684 784 7
258 733 6
138 445 9
576 628 5
195 607 6
338 884 3
372 796 10
568 623 6
504 508 4
494 866 2
474 746 5
666 797 4
171 891 10
452 775 8
679 783 2
820 890 1
632 844 7
632 717 1
206 634 3
278 397 6
23 329 3
88 323 5
81 729 2
329 783 7
815 902 2
634 807 7
701 796 3
450 680 6
263 890 1
167 831 1
508 524 3
472 741 4
72 700 2
178 765 5
62 658 4
228 232 4
583 732 1
814 895 10
269 690 3
65 856 9
142 690 1
570 784 2
341 453 6
460 851 6
719 740 1
826 831 8
590 879 7
557 853 6
198 751 10
251 901 8
313 591 2
569 900 8
473 890 7
667 802 2
544 782 10
123 879 1
537 851 7
381 895 6
257 585 7
264 736 6
556 587 2
530 797 2
26 858 3
827 891 3
33 544 8
284 784 2
521 781 5
337 623 3
546 816 4
301 314 7
329 848 5
246 314 2
701 836 9
80 314 5
606 806 10
343 841 10
518 650 10
268 317 5
257 656 6
327 621 8
53 760 10
353 789 8
692 734 3
