785 1000
759 13
244 49
158 37
117 8
961 45
652 23
297 49
429 15
925 6
968 16
670 14
521 9
439 13
244 5
578 4
665 38
280 28
397 19
42 29
993 29
186 11
738 29
921 50
754 13
133 10
416 23
394 3
871 32
46 21
235 28
16 50
674 12
30 41
5 4
133 16
841 29
961 45
500 29
390 17
463 50
553 33
423 5
755 26
207 40
974 26
935 2
747 12
631 29
624 27
988 37
999 9
653 23
616 22
462 44
761 31
54 9
792 35
647 50
703 42
352 7
459 10
173 37
187 36
378 23
651 27
369 9
485 9
440 41
886 49
307 7
670 14
63 17
584 15
564 50
725 42
641 46
451 1
552 34
657 16
645 49
390 13
159 33
450 40
227 1
31 17
565 39
484 41
884 43
831 38
694 34
787 26
758 41
465 47
681 28
377 43
28 34
182 15
756 43
536 13
449 20
7 3
741 36
233 3
596 43
967 37
880 21
533 26
403 3
392 4
910 44
385 29
168 16
32 34
655 43
717 6
61 26
554 21
166 29
676 29
433 5
786 21
749 44
386 44
437 45
933 4
629 23
772 29
401 32
443 16
91 22
379 14
100 15
350 16
436 33
422 43
667 29
361 40
186 38
593 18
475 46
189 17
930 3
387 6
652 38
82 48
902 5
601 15
323 9
698 33
56 25
820 14
794 18
207 43
446 16
358 42
230 2
988 33
992 20
825 11
315 19
774 30
77 6
421 45
15 4
403 37
622 12
328 40
236 40
178 27
843 30
288 25
727 3
27 23
482 45
625 46
832 14
813 17
289 47
484 25
925 50
851 45
408 15
461 22
475 33
498 22
647 22
374 19
877 47
27 27
477 49
883 27
862 10
993 31
370 7
557 21
924 22
342 31
393 8
892 41
906 42
358 9
757 14
394 42
76 42
58 41
41 49
16 24
183 44
319 25
718 12
936 10
988 16
392 4
333 50
139 18
586 3
372 30
284 10
595 43
63 23
276 22
480 17
609 20
758 24
702 30
511 5
204 32
443 43
518 41
876 38
468 40
482 13
209 44
264 37
819 22
806 38
925 42
554 7
830 48
935 21
975 38
889 44
146 30
971 10
947 26
731 48
897 7
914 39
136 18
685 28
89 1
553 43
597 22
840 31
785 1
210 13
250 45
462 12
149 43
292 43
100 36
361 2
766 42
692 18
541 25
331 26
241 37
785 11
993 14
866 8
899 6
595 10
939 24
407 35
513 41
673 35
511 44
915 45
440 34
252 42
933 24
298 31
66 12
470 11
972 24
976 33
584 17
720 47
745 31
724 18
384 18
660 23
734 28
482 44
810 27
200 44
252 3
277 24
469 19
851 33
468 22
103 3
761 33
414 1
254 16
423 23
436 21
837 27
873 37
595 39
571 29
934 27
190 33
363 14
962 12
617 6
9 28
258 27
404 7
756 26
7 22
651 7
841 49
41 36
767 17
587 3
269 30
8 37
863 15
661 36
150 50
944 14
930 43
234 37
942 12
794 6
136 18
833 47
346 11
414 4
369 14
10 14
693 31
624 45
707 50
657 17
855 44
198 15
840 9
852 17
982 48
728 7
66 31
659 3
582 36
458 1
82 32
536 11
921 16
59 48
283 32
765 28
808 6
201 19
554 7
319 34
170 3
202 8
818 23
465 37
504 16
530 20
401 45
949 50
918 27
525 37
511 35
80 41
734 13
568 41
744 50
117 34
655 31
517 50
136 38
572 33
253 29
326 3
651 33
296 20
804 40
198 9
868 13
501 21
598 39
377 39
537 28
519 25
29 49
947 19
953 46
262 25
784 28
397 25
742 19
426 10
161 43
268 2
302 4
24 8
563 20
762 8
483 18
613 9
48 11
258 23
152 36
708 43
490 39
994 31
93 7
353 17
990 44
573 10
59 11
474 4
165 9
128 42
182 45
666 29
91 8
648 28
192 15
821 10
4 9
37 10
162 22
987 50
894 10
75 38
791 30
105 31
681 30
523 39
434 24
600 24
881 1
639 28
260 35
234 5
329 7
117 16
121 33
299 7
741 12
730 25
898 38
174 30
581 38
993 47
497 31
914 35
283 21
788 8
136 11
887 4
729 7
559 7
636 35
750 17
165 24
154 40
589 49
895 24
800 15
743 3
888 17
190 46
137 26
897 31
516 5
950 11
177 45
226 25
520 16
559 36
762 37
825 28
515 13
406 29
643 36
370 6
141 7
592 14
987 30
815 49
299 37
367 44
403 45
770 34
12 31
915 15
255 16
740 11
480 47
292 8
768 20
145 44
610 33
290 45
144 41
219 49
655 4
875 10
599 25
758 30
143 13
775 10
98 27
688 27
283 41
741 6
27 36
878 40
50 33
736 4
576 2
871 28
42 42
435 30
932 48
137 26
911 32
871 36
942 40
458 29
433 10
990 39
330 6
140 20
781 9
506 46
926 9
822 44
487 19
265 42
694 36
479 29
714 16
170 43
917 15
807 14
746 48
616 44
850 17
673 14
156 27
137 27
670 20
335 38
30 39
72 2
985 49
573 26
238 45
9 33
647 24
420 36
193 3
112 47
350 18
452 30
71 42
552 20
205 49
998 40
854 12
426 11
756 3
533 20
294 48
251 49
800 39
150 1
195 1
359 42
203 34
384 38
242 2
25 47
247 4
32 48
545 39
643 35
653 34
219 6
664 20
567 1
932 10
578 12
263 40
980 34
685 45
478 4
596 11
988 32
282 10
752 19
320 33
804 7
763 30
453 39
366 2
264 11
576 46
157 40
528 27
606 47
537 43
438 48
779 15
805 42
276 42
803 22
492 42
957 39
609 2
243 25
725 37
85 3
184 22
349 13
18 17
977 24
650 12
359 11
264 38
128 49
621 6
384 15
420 3
112 5
663 7
247 22
434 16
181 4
55 34
181 23
840 33
340 39
482 19
860 32
745 29
755 22
578 14
390 17
67 5
205 3
838 9
594 29
916 23
585 5
59 29
238 14
796 9
600 30
550 19
619 44
691 28
121 35
455 22
303 49
141 40
458 23
27 45
677 11
217 14
435 46
45 48
905 30
203 24
548 4
800 27
391 18
470 14
452 34
690 46
858 3
80 27
231 46
938 45
103 3
484 5
367 46
718 41
330 9
501 28
170 25
602 16
519 5
311 34
194 45
28 19
669 18
200 18
937 27
350 45
55 41
630 40
317 50
589 18
735 16
534 31
668 16
412 38
550 5
913 39
723 42
776 3
787 19
940 29
160 38
222 18
301 14
511 4
357 17
349 1
675 25
541 14
651 45
130 15
106 42
32 28
353 23
899 44
232 13
488 48
49 30
98 22
795 2
18 21
498 41
939 41
325 28
832 2
487 17
634 2
808 50
428 10
56 34
669 18
684 45
44 29
315 8
685 19
876 23
271 41
711 11
65 48
894 14
318 13
106 35
41 13
948 27
36 35
994 46
271 49
143 13
833 19
147 42
974 41
680 16
864 19
630 34
524 32
51 13
175 26
448 48
422 36
977 26
10 48
429 43
325 47
420 22
178 39
1 551 6
1 645 4
373 551 4
1 274 10
274 452 8
451 452 4
47 645 10
1 743 10
92 743 10
534 645 9
452 762 8
80 645 3
1 490 8
140 743 4
411 645 5
1 24 5
19 452 6
645 779 6
7 24 5
86 743 4
591 762 8
583 743 2
490 614 8
336 743 1
552 645 4
301 645 6
1 701 9
24 551 2
243 645 10
671 701 4
227 645 5
430 490 7
452 595 5
614 762 10
452 591 4
128 762 9
274 399 3
318 614 5
452 778 8
451 614 10
566 743 10
645 690 8
46 762 9
511 778 8
1 20 2
614 633 6
149 614 2
582 595 9
280 595 7
45 490 10
229 633 2
274 477 1
203 490 9
1 58 7
525 633 6
320 701 5
279 591 6
52 58 10
701 771 1
267 274 8
382 762 8
388 490 3
452 675 4
82 551 3
604 778 10
304 633 4
614 781 5
20 43 9
196 781 2
526 675 3
360 477 6
490 673 2
43 89 5
101 614 8
496 675 5
22 399 8
70 762 5
464 645 3
241 452 1
43 423 6
697 779 2
643 690 5
1 256 9
274 720 5
348 490 1
89 405 2
632 779 10
595 646 3
274 751 3
256 657 4
273 405 2
596 762 4
452 677 5
24 538 7
69 399 9
121 399 8
543 720 9
550 657 4
101 274 6
464 771 5
58 436 7
274 509 7
89 284 4
326 645 1
349 751 5
24 312 8
43 657 2
427 633 4
58 221 1
556 690 6
410 779 3
218 436 3
31 452 4
701 761 5
221 297 4
341 399 5
312 572 7
551 761 1
518 720 8
160 779 1
377 538 7
399 737 10
297 494 3
384 551 5
477 679 7
556 737 8
24 520 10
520 607 4
325 551 9
17 509 1
737 738 5
591 771 9
58 351 5
163 591 5
156 274 10
683 778 1
304 762 5
496 771 2
331 351 1
43 435 7
604 679 1
10 657 1
353 405 10
256 362 9
305 645 1
405 642 10
657 784 10
680 751 5
77 89 7
423 754 7
20 549 7
423 434 9
315 642 1
393 549 6
645 733 5
398 679 5
388 754 4
663 737 3
272 733 4
221 489 4
1 267 5
631 743 6
379 489 9
312 657 4
438 743 1
572 679 10
242 679 10
589 633 3
43 371 10
385 657 4
423 771 9
131 645 7
112 435 3
267 365 6
58 510 8
622 673 6
312 342 8
161 362 7
399 465 8
675 688 10
509 657 9
109 435 8
256 772 2
607 636 7
256 490 3
89 675 7
390 490 4
353 751 6
3 538 4
48 362 8
1 104 5
451 645 6
11 297 2
200 256 6
365 482 5
351 431 6
43 494 4
163 677 7
494 737 8
17 688 7
106 489 10
314 572 7
516 607 3
246 778 3
177 642 9
424 489 3
212 762 2
368 733 8
89 139 4
158 423 1
284 414 5
1 582 3
587 591 5
12 520 2
284 473 7
131 743 2
326 733 2
119 549 5
631 762 2
129 778 10
431 515 1
434 489 10
24 146 2
162 297 3
365 640 2
582 648 2
435 436 5
342 711 4
221 566 5
482 585 3
43 321 1
285 645 2
247 434 3
280 673 8
274 305 5
582 625 2
580 595 2
296 646 4
405 584 6
436 592 7
362 737 1
89 776 6
420 636 1
544 720 3
309 754 10
690 736 9
195 509 8
58 650 8
24 588 9
588 660 8
93 677 6
659 761 6
557 645 8
305 313 7
20 188 9
218 778 1
499 772 5
313 772 4
19 305 3
515 626 7
384 510 10
105 779 5
473 618 9
647 677 9
24 154 3
43 703 9
24 265 7
566 618 1
267 774 2
570 720 9
631 738 2
313 737 1
43 172 4
577 648 10
490 569 6
52 520 6
234 510 2
228 509 5
321 395 1
306 736 5
357 736 9
538 659 10
274 684 9
221 500 7
256 783 8
579 582 6
1 121 9
524 660 3
452 634 5
197 761 3
609 650 7
79 690 1
173 781 10
575 660 8
188 777 4
566 711 2
15 362 1
1 469 4
102 584 8
61 274 2
384 761 1
51 761 7
320 572 4
122 473 9
476 711 8
487 634 1
625 784 7
60 351 5
1 739 5
105 701 4
174 436 1
272 648 9
490 634 1
308 625 1
482 704 6
537 626 8
614 743 4
193 414 7
228 569 7
270 675 7
313 426 4
44 595 6
362 736 1
572 618 2
456 636 8
257 711 7
106 414 10
312 634 7
89 649 3
407 473 5
502 648 10
321 574 7
595 738 2
432 482 7
6 650 3
80 434 5
58 81 6
319 399 9
160 588 2
315 777 10
234 515 7
20 461 7
14 81 1
265 473 5
104 410 5
274 672 2
121 465 5
115 461 4
81 133 9
281 500 7
306 569 6
569 650 3
495 711 4
297 528 5
221 677 4
276 672 2
172 299 1
408 657 9
558 633 10
108 778 9
145 704 4
473 515 2
174 256 4
147 549 10
334 701 10
592 646 7
58 285 3
362 384 4
331 733 5
87 500 2
298 566 6
396 509 5
209 284 1
407 645 4
410 768 6
126 704 9
399 690 9
588 649 1
285 307 1
353 566 4
435 549 3
285 302 8
153 738 6
267 380 8
370 720 7
640 676 1
323 566 3
325 645 2
339 399 10
405 540 3
133 576 3
136 267 9
410 756 2
489 620 10
223 434 3
96 688 4
126 779 2
646 661 5
11 703 2
592 650 7
262 423 3
37 307 9
95 500 6
405 520 4
24 322 6
391 640 3
409 646 5
316 640 8
679 691 3
141 569 8
619 754 3
60 297 6
683 690 10
423 424 3
426 749 1
222 431 8
570 614 4
201 642 6
355 774 2
20 476 10
245 569 4
380 690 5
620 701 8
489 677 5
444 737 4
582 762 9
104 202 8
482 749 4
307 650 5
134 711 2
443 540 1
101 574 1
274 734 9
337 576 6
297 501 4
661 678 4
321 595 3
691 718 8
295 754 1
636 674 2
117 636 7
330 351 7
468 676 10
576 620 8
342 496 4
658 660 8
173 538 5
33 321 8
133 529 10
426 582 6
521 614 5
141 614 1
119 477 5
455 684 10
666 673 5
1 669 5
543 659 6
483 674 4
355 749 1
625 765 2
360 777 4
124 371 5
634 643 2
35 672 4
429 614 8
572 738 6
553 688 7
175 477 5
81 285 2
58 705 7
446 620 7
452 582 8
146 784 1
492 684 6
188 552 8
441 659 5
348 434 8
584 659 8
37 436 7
43 203 6
89 247 7
216 657 5
54 582 8
674 772 7
230 529 10
477 520 2
575 756 4
276 738 9
74 661 9
133 415 10
136 399 10
338 756 8
606 705 7
611 777 10
133 708 4
305 618 7
382 781 2
210 625 1
564 774 1
253 482 5
592 699 10
104 780 7
728 737 6
98 566 2
17 549 4
63 221 2
532 551 9
435 484 2
646 664 2
305 402 4
244 640 9
569 699 10
146 633 2
125 405 7
422 642 5
293 510 5
397 737 1
221 674 6
708 751 5
558 762 2
21 528 6
351 571 2
26 322 4
96 202 7
515 633 3
189 674 7
662 778 7
614 778 10
220 380 1
24 514 4
517 749 6
154 416 2
482 650 8
42 650 1
551 699 8
69 761 7
185 501 4
347 395 3
104 375 10
565 661 6
389 549 1
26 674 1
342 414 6
174 416 4
641 771 9
256 307 1
58 228 9
395 774 7
380 751 1
576 690 6
284 710 7
43 549 2
81 634 4
137 588 8
436 758 10
302 735 5
411 771 10
325 677 4
32 221 9
276 736 6
238 520 3
3 620 10
61 677 8
105 426 3
121 745 8
485 701 6
395 509 10
1 668 5
275 710 4
430 645 3
20 138 5
391 510 9
67 566 4
543 751 1
78 490 5
128 371 2
106 305 5
33 677 8
121 783 3
129 675 3
483 772 6
221 284 3
225 673 5
98 138 2
293 664 2
321 573 6
424 690 1
63 650 2
247 292 2
247 701 2
302 334 5
188 516 10
250 473 6
299 746 6
154 405 6
247 532 1
365 773 2
572 701 5
407 688 7
346 711 2
533 538 5
434 667 7
60 138 5
585 664 2
80 476 4
124 710 6
312 360 2
153 779 6
26 482 1
494 528 10
494 741 5
718 744 8
302 701 6
193 749 9
79 736 6
243 321 7
264 649 2
482 684 10
80 642 9
354 452 7
267 711 1
414 489 9
256 306 7
326 532 7
416 776 7
349 584 8
89 184 2
484 531 4
115 701 9
676 746 5
351 639 10
127 360 1
256 724 7
339 768 4
490 666 3
229 735 5
469 777 7
299 659 8
111 678 6
557 704 3
754 777 4
476 591 7
365 706 4
241 582 10
177 362 10
516 694 9
334 633 1
584 772 7
146 689 1
310 688 1
348 574 5
514 617 8
161 307 7
430 674 3
188 648 4
40 496 9
361 705 10
99 746 9
568 743 7
347 677 1
528 599 3
698 776 3
321 509 3
522 773 8
277 754 8
431 477 9
408 754 4
76 676 8
688 766 4
335 399 7
362 693 5
260 620 6
573 680 9
501 506 1
531 681 2
554 659 4
1 229 7
489 574 6
618 746 9
244 510 8
574 681 9
139 269 10
312 774 6
612 645 8
495 626 9
102 688 8
405 488 6
515 530 5
504 773 9
223 284 4
722 784 1
210 395 9
221 732 9
669 779 6
53 307 5
184 760 5
473 634 4
587 693 1
238 673 6
414 532 2
190 582 10
402 467 10
614 775 6
529 758 5
70 680 1
590 771 9
444 667 3
98 202 9
410 728 8
110 588 8
675 705 4
447 532 10
638 645 7
476 760 1
133 229 8
61 691 2
633 733 10
122 371 9
639 699 5
490 698 9
66 636 2
43 91 4
172 174 1
50 732 5
590 648 6
3 299 1
183 582 10
465 652 10
31 661 10
528 739 10
138 277 5
500 754 9
771 778 5
28 659 5
423 696 1
483 599 9
621 678 1
202 571 7
582 688 6
540 757 4
626 776 2
542 784 6
416 610 10
415 444 1
477 524 6
419 674 9
480 530 9
44 639 5
527 614 6
326 657 8
494 574 1
119 588 10
213 751 4
621 771 1
99 636 10
360 603 5
132 661 6
639 748 9
683 691 6
54 305 3
738 755 9
424 524 5
410 515 9
492 681 9
195 307 9
231 380 8
206 362 9
134 384 1
531 545 3
1 184 3
265 424 8
134 146 10
81 594 10
648 706 2
365 379 10
592 726 9
222 247 10
545 584 6
34 640 8
182 188 4
517 756 6
84 639 2
269 605 6
88 501 9
196 515 3
226 484 9
65 773 1
24 511 6
40 532 3
417 571 5
600 771 3
202 506 10
304 703 5
351 643 5
744 771 2
618 729 5
190 313 1
694 765 6
588 643 1
332 648 7
154 727 7
76 574 2
689 783 6
263 594 3
506 777 1
381 699 9
365 588 8
693 744 3
92 267 1
656 673 4
139 769 10
373 643 7
121 253 5
104 659 1
90 701 9
667 731 8
239 657 9
365 676 6
189 571 2
478 693 5
263 666 6
443 675 8
457 614 1
290 594 10
225 313 6
97 677 9
292 669 10
133 777 1
247 353 8
421 677 3
323 661 3
463 639 6
42 89 9
360 671 4
269 540 3
154 668 4
625 655 9
91 267 10
464 684 3
102 221 7
475 681 7
539 693 10
307 411 7
389 574 7
219 673 10
416 701 3
277 589 2
1 227 4
276 745 10
588 626 7
263 748 8
305 576 4
573 658 9
660 784 1
222 299 6
59 633 10
464 652 8
569 730 5
86 705 2
621 754 6
517 668 10
16 778 6
305 769 6
424 664 7
322 607 8
188 477 3
461 674 9
445 710 8
44 756 10
292 584 8
49 743 1
266 414 7
143 727 8
597 676 8
399 570 6
556 743 4
371 372 7
516 602 4
197 699 9
139 415 3
48 678 6
192 599 7
121 514 5
321 681 1
273 731 6
749 783 3
703 779 9
18 484 8
81 486 7
659 666 5
566 704 4
284 484 2
508 515 5
524 639 1
340 698 1
568 751 5
647 754 5
705 742 10
650 703 7
249 746 1
253 627 3
264 693 7
115 184 1
567 672 6
440 592 8
422 582 6
509 781 9
59 436 8
138 306 2
302 589 1
104 550 6
267 544 2
258 585 9
184 494 2
449 744 2
264 490 3
139 674 9
179 643 2
146 627 2
327 673 2
291 664 3
643 703 1
227 571 1
91 470 10
743 775 7
319 500 1
116 733 9
515 744 6
294 766 6
284 754 1
81 113 6
10 277 3
41 667 9
38 476 1
344 705 1
589 646 5
333 626 3
511 516 1
528 576 3
328 766 9
15 755 1
468 718 2
733 785 2
671 766 9
39 730 2
601 727 9
736 759 8
109 584 2
213 755 5
149 742 6
708 759 9
70 730 9
277 292 10
503 689 2
18 748 5
158 551 5
506 549 6
213 603 4
256 593 4
89 428 8
539 602 7
370 708 9
343 514 2
304 675 8
152 312 8
625 712 8
404 510 3
744 746 7
522 741 3
462 698 3
361 677 2
674 781 8
428 435 4
614 690 6
289 371 6
24 733 3
250 738 9
495 775 1
236 652 9
435 594 8
267 776 1
229 644 7
330 602 8
285 759 10
517 760 2
483 744 4
643 728 3
110 684 6
8 777 10
94 307 9
266 781 2
494 566 6
43 344 9
89 137 3
172 499 10
299 597 4
50 482 6
489 758 2
451 699 10
279 307 7
