657 1000
196 28
927 49
758 33
152 15
441 49
283 3
664 44
209 13
518 11
682 40
900 29
707 18
49 29
500 50
735 45
91 22
249 22
327 17
450 15
530 28
17 43
790 11
242 37
337 26
155 1
488 40
124 18
450 22
653 22
77 27
800 38
956 10
325 9
357 45
382 10
915 33
97 48
927 11
896 35
848 3
920 25
865 37
771 40
416 45
478 25
837 48
212 42
569 17
465 37
892 16
284 44
272 31
806 38
867 48
805 20
808 47
563 7
19 6
863 1
361 19
657 23
877 24
953 20
593 36
835 20
97 29
422 5
293 13
646 41
340 30
444 16
80 24
894 13
107 24
237 16
394 48
323 9
970 48
817 2
480 15
146 40
664 8
707 21
2 37
73 29
274 26
188 31
541 49
651 8
387 48
263 30
735 10
422 3
557 31
524 44
866 32
470 6
803 2
690 23
173 20
69 36
201 9
557 4
857 2
347 35
844 43
966 37
421 23
207 5
804 15
633 22
74 18
774 4
519 5
612 28
358 7
41 43
155 10
553 20
835 11
526 38
567 17
729 35
421 44
708 12
251 38
238 3
633 49
443 33
919 47
801 4
783 1
738 38
369 4
120 21
132 30
799 18
614 15
18 37
621 34
673 32
551 34
619 33
146 6
739 22
303 44
518 40
901 38
695 7
796 38
195 12
87 32
12 36
415 44
49 40
951 16
781 36
904 1
47 1
796 24
284 30
830 41
117 35
455 29
545 50
784 49
585 18
371 41
486 15
196 21
9 44
9 28
370 30
611 43
60 20
799 7
39 34
588 26
610 44
274 17
736 26
832 3
667 20
201 41
982 34
33 46
22 7
847 7
552 7
127 2
785 30
791 41
438 37
265 47
701 2
870 1
102 28
409 49
182 10
752 26
555 25
105 1
457 30
138 15
67 32
47 11
389 10
20 24
379 14
137 7
613 39
687 13
918 32
665 5
504 32
340 19
648 7
914 30
936 44
824 25
725 35
690 19
396 8
480 39
734 43
631 7
157 33
691 13
882 28
341 47
559 4
645 17
876 49
92 11
232 33
879 6
824 3
119 23
57 12
912 19
837 33
876 20
166 38
392 45
123 14
268 39
824 47
598 4
1 8
744 17
941 17
181 32
214 41
706 19
117 20
110 19
385 17
20 41
312 25
487 28
868 4
938 34
308 3
601 49
944 1
753 8
998 44
615 42
183 34
696 43
305 47
967 2
497 5
520 38
325 14
586 44
493 29
334 41
348 26
971 17
796 30
601 39
951 15
434 36
433 12
912 48
624 6
271 13
63 33
958 17
237 18
887 46
363 2
683 25
568 22
436 22
270 48
287 38
505 32
749 43
576 29
5 47
874 26
232 14
520 3
643 48
354 50
335 34
470 21
916 15
373 23
291 5
119 17
751 29
827 31
780 1
858 10
77 22
927 4
795 45
194 39
561 10
82 13
876 46
341 10
285 39
934 24
364 26
424 37
79 1
147 11
505 36
829 17
102 33
557 42
377 46
338 9
690 48
375 25
972 3
244 18
544 16
795 21
51 10
185 34
117 23
804 22
191 31
728 18
289 21
455 8
778 22
67 28
142 49
207 49
905 8
748 38
855 16
195 42
686 15
892 5
193 44
266 50
755 45
696 5
946 41
907 15
864 43
706 17
522 31
363 1
705 34
857 42
809 14
119 5
538 4
114 23
551 33
410 30
40 19
179 29
475 39
939 21
367 42
491 6
361 6
898 7
98 42
974 26
547 19
568 31
246 27
816 12
99 42
934 16
94 15
145 48
544 6
665 31
893 48
350 25
1 39
23 28
713 50
326 43
768 11
32 16
205 33
486 28
911 25
557 23
968 46
511 10
539 28
925 5
357 34
50 23
505 10
270 11
671 27
140 27
488 49
263 35
817 8
769 28
971 27
508 20
503 15
13 24
476 3
222 26
429 13
954 20
299 10
988 17
100 37
919 29
89 18
883 29
950 35
825 13
836 31
733 28
533 15
573 28
884 9
315 37
798 1
88 7
564 15
358 47
145 19
604 5
193 16
565 31
328 14
580 46
97 24
45 36
241 36
34 21
481 28
452 30
23 24
501 45
92 40
74 9
674 30
984 8
403 1
953 50
872 40
356 30
718 17
64 28
582 20
594 41
912 13
877 19
228 43
585 20
148 19
319 33
179 40
655 4
743 13
740 21
337 10
803 33
600 1
816 12
438 24
908 24
71 25
613 11
678 39
813 26
638 31
319 21
465 36
576 3
198 27
323 23
448 3
286 45
909 1
376 7
332 5
311 22
389 7
431 31
585 25
300 32
619 18
902 36
967 28
8 2
856 48
491 47
742 24
853 25
518 16
875 45
96 14
48 29
388 36
591 22
300 10
187 40
60 6
601 35
313 5
649 6
514 22
435 32
969 10
525 26
319 1
772 4
922 42
943 36
168 46
717 8
91 29
596 4
22 6
496 46
672 2
13 32
510 50
223 4
692 3
326 42
54 35
700 34
374 18
793 9
819 41
976 43
264 11
573 2
65 10
601 49
487 35
391 44
748 30
674 33
4 17
185 5
273 48
917 19
6 9
128 26
893 13
456 38
324 11
348 9
644 45
383 5
464 22
42 15
414 37
991 28
420 47
57 18
881 45
623 41
135 13
735 4
613 50
559 34
559 29
131 29
636 29
612 19
17 7
785 12
74 20
356 27
980 50
997 8
853 37
886 13
487 13
458 35
362 28
417 27
712 34
697 15
547 44
683 33
654 32
803 18
184 35
405 1
675 49
86 38
9 9
411 46
664 33
991 11
415 33
622 12
645 45
930 1
843 49
74 43
971 34
800 35
905 31
400 34
520 29
4 18
151 49
755 1
307 25
361 8
501 23
668 31
232 23
786 15
166 38
219 16
730 48
753 17
845 25
461 8
484 13
429 8
333 2
163 1
449 49
990 48
291 10
986 1
172 22
637 25
1 85 4
84 85 5
85 299 2
1 602 4
160 602 7
1 297 2
50 602 1
188 297 3
227 299 2
129 299 4
297 575 5
26 575 9
1 30 7
1 19 9
95 575 9
147 297 1
85 327 1
278 602 8
327 540 3
513 540 4
30 262 10
587 602 1
144 297 4
448 540 6
297 516 8
30 144 3
262 529 8
297 650 5
144 276 2
250 602 4
241 650 7
30 167 5
167 607 3
584 650 8
299 304 8
101 262 1
19 264 6
1 217 9
19 238 8
238 490 3
602 632 6
114 276 6
171 516 1
122 144 8
300 529 10
16 238 9
462 650 1
167 176 7
30 535 10
228 540 1
262 347 8
575 628 2
490 595 4
501 628 7
37 262 2
500 628 5
490 508 4
459 516 9
99 602 9
217 548 4
61 85 3
147 535 2
176 301 10
238 448 7
262 311 4
535 632 5
299 649 7
55 607 8
345 548 8
283 602 6
53 535 6
142 176 2
176 338 4
578 632 5
304 639 2
494 632 6
311 334 1
30 586 4
403 529 3
75 176 2
30 511 6
144 198 1
299 315 6
19 107 4
264 347 5
175 347 8
540 614 3
30 589 6
191 347 2
167 547 8
281 338 8
217 427 9
250 607 8
176 448 2
15 262 8
548 655 10
30 299 6
129 167 6
85 244 2
144 542 3
30 86 6
272 542 2
7 315 4
547 655 1
373 516 9
333 602 6
188 548 8
58 85 4
238 483 3
182 595 3
324 595 3
636 655 1
300 650 10
19 403 8
144 465 7
143 217 2
533 655 4
188 614 5
206 508 4
257 327 4
85 258 3
214 448 5
264 405 5
176 241 10
37 655 8
127 405 8
639 641 4
586 604 9
347 637 6
368 529 1
504 649 2
100 637 2
90 334 1
161 641 2
30 78 7
301 652 9
264 549 3
86 430 2
170 405 1
244 405 5
62 614 10
307 548 1
327 409 10
602 649 9
334 338 7
239 540 7
27 652 6
14 652 4
610 639 2
276 630 6
297 415 3
137 430 5
185 430 2
311 424 5
173 424 9
78 499 1
227 637 8
181 655 10
409 516 9
274 301 8
4 19 10
86 599 2
244 617 1
298 508 2
540 605 8
491 549 1
198 445 4
453 516 4
297 315 3
562 589 5
19 190 3
85 304 7
602 628 7
52 508 9
299 486 4
327 650 1
347 604 5
113 529 6
108 448 8
86 531 8
55 483 3
320 448 1
224 415 1
484 652 1
461 639 10
304 588 7
156 334 5
422 637 9
179 542 9
504 540 3
140 327 4
217 609 2
19 106 6
523 531 6
76 490 5
315 508 2
86 369 9
176 407 5
176 371 3
498 549 9
299 628 6
190 216 7
297 320 10
1 100 1
376 614 10
632 638 4
304 372 8
311 583 7
30 285 1
149 301 3
86 187 9
479 529 8
54 299 3
191 499 5
354 508 7
372 642 1
299 453 4
132 430 3
29 262 7
289 535 9
100 201 1
19 34 3
301 524 1
75 347 8
338 588 4
262 650 6
482 604 6
219 586 4
299 583 9
148 529 3
271 371 7
544 583 5
430 556 1
238 564 3
65 276 10
256 297 10
186 638 8
408 586 2
366 499 9
327 445 3
507 628 1
244 353 8
68 297 1
154 258 10
1 607 10
78 329 3
309 448 10
427 617 10
605 650 5
30 580 2
171 589 10
393 483 9
79 238 6
415 627 9
433 529 8
511 535 7
195 415 10
139 583 3
233 547 8
375 599 9
586 626 5
264 544 1
244 264 7
176 570 5
398 499 8
298 311 8
190 283 7
299 475 1
440 570 3
82 424 1
443 564 4
22 588 7
337 427 9
577 595 7
484 604 9
169 176 9
367 369 3
111 511 9
327 372 1
307 583 5
136 465 9
216 345 9
514 535 5
187 499 7
115 655 1
303 430 4
345 602 4
264 564 10
310 415 10
20 407 9
508 604 4
243 529 6
87 580 2
583 637 3
254 564 2
86 581 8
371 378 7
573 589 10
81 258 10
285 544 8
630 636 6
508 541 2
129 276 4
106 139 8
268 508 4
416 609 9
487 581 9
515 637 6
157 216 8
217 453 6
278 636 9
467 516 6
424 604 3
200 637 7
185 547 9
256 649 1
158 549 9
421 542 4
625 626 10
353 511 3
216 531 3
3 241 4
374 641 5
271 311 10
378 604 7
401 627 5
63 353 2
453 595 7
150 405 6
467 630 7
323 639 8
48 299 2
107 591 2
424 504 3
475 500 4
327 506 1
140 516 4
432 628 4
320 481 4
409 600 8
299 602 7
193 652 4
540 602 9
475 540 1
157 549 5
220 524 9
500 595 2
430 541 4
19 517 7
167 549 6
250 524 7
461 511 9
430 560 3
350 544 8
86 112 2
253 650 7
413 642 9
19 329 3
283 603 4
588 590 6
92 544 9
440 609 3
136 642 7
380 570 6
134 424 6
83 600 2
103 655 8
266 327 4
327 350 1
144 299 5
65 85 1
1 89 6
70 405 4
243 311 10
415 509 10
189 499 2
109 564 7
334 417 1
67 548 5
532 652 4
315 594 8
221 630 10
93 107 2
342 517 10
392 638 9
365 549 4
448 592 6
203 417 2
49 595 6
7 372 2
86 337 5
375 548 8
320 465 6
415 652 1
449 575 3
302 403 7
391 586 9
225 509 10
369 370 4
471 540 10
475 585 4
176 349 8
89 217 4
229 583 8
398 556 10
283 445 9
524 547 3
568 607 2
254 369 6
629 638 1
172 540 10
530 541 6
377 642 9
427 453 1
304 413 10
353 529 2
320 449 5
175 483 1
264 468 8
85 657 9
12 453 3
18 370 8
544 565 9
188 345 9
9 190 3
366 424 7
389 636 3
112 388 8
581 586 7
561 581 4
574 592 3
551 588 8
540 635 1
354 468 5
99 575 9
415 601 2
592 641 1
403 596 3
506 595 10
190 623 10
264 474 10
603 634 4
477 583 3
556 648 4
203 369 7
130 311 8
398 409 3
115 626 3
555 649 3
511 623 1
62 85 8
220 641 6
305 511 10
78 203 5
428 486 3
262 574 9
145 483 2
535 570 2
197 541 4
315 400 6
78 445 6
268 596 2
182 371 3
92 634 2
153 575 9
302 347 9
112 436 1
427 482 9
23 327 9
58 349 10
179 556 7
481 631 4
350 409 8
95 353 1
4 106 6
334 609 3
394 483 5
244 465 2
500 556 7
55 187 7
198 544 1
389 499 8
92 329 9
34 604 6
334 519 8
349 576 8
371 487 8
106 124 6
136 413 2
603 641 3
197 504 6
282 591 6
372 413 7
231 583 2
69 628 6
326 627 9
419 596 9
436 558 2
141 511 5
367 378 7
89 609 5
168 413 2
95 592 6
379 409 5
304 460 2
30 458 2
76 605 7
61 592 3
377 558 6
19 436 2
100 197 5
380 540 8
231 529 7
293 655 8
542 611 10
155 449 6
145 499 6
107 135 10
90 499 10
262 288 1
372 627 7
249 570 4
176 527 5
6 187 9
30 633 10
135 181 2
442 465 10
166 547 2
350 624 5
264 286 1
286 438 8
282 607 9
445 477 6
91 276 10
494 649 4
147 378 1
334 607 7
112 182 1
267 519 5
361 417 2
9 583 10
320 574 1
31 481 10
311 312 7
41 400 3
62 258 6
86 503 3
11 634 6
219 517 1
195 596 10
282 519 3
481 652 2
110 297 2
139 462 6
359 602 6
158 286 6
290 297 8
522 626 3
151 334 3
374 589 5
80 85 5
144 607 8
269 424 4
39 203 1
315 395 5
118 560 10
430 516 10
551 633 8
214 626 10
86 122 9
128 499 8
535 602 1
135 601 10
353 513 6
182 524 7
287 634 8
326 516 7
264 449 4
572 614 3
540 631 7
270 541 1
34 468 8
317 588 5
598 624 5
410 614 1
197 464 5
326 462 3
645 652 8
32 588 2
474 477 5
588 629 7
226 490 1
403 504 4
474 500 9
276 634 3
78 210 1
216 532 3
217 428 8
204 460 5
371 628 3
167 199 5
383 540 6
378 477 2
112 319 6
399 650 4
388 484 9
19 100 4
458 600 9
561 638 3
109 460 5
481 541 2
46 586 2
205 465 8
7 506 6
340 586 9
435 529 1
90 581 10
412 529 4
458 646 4
34 249 10
474 565 8
196 636 8
17 547 4
335 590 5
45 453 1
1 517 8
320 375 8
238 444 5
139 301 5
462 508 9
19 474 3
292 638 7
181 444 10
260 449 4
93 338 9
369 458 1
464 621 4
120 449 4
84 86 1
267 623 3
303 641 10
41 444 7
209 548 8
315 609 8
646 650 1
54 646 2
21 565 1
92 516 6
286 602 4
305 575 10
268 634 1
205 371 6
420 623 10
67 638 10
415 514 9
215 508 7
152 617 4
141 542 5
435 504 1
144 301 3
117 199 7
278 508 1
549 585 2
188 288 3
474 583 10
162 560 10
482 578 8
449 519 8
19 172 9
377 633 8
509 642 7
231 249 5
54 487 1
103 430 8
227 629 7
129 627 2
172 189 8
449 503 4
35 258 10
542 609 8
244 575 4
305 378 2
219 484 5
100 507 9
264 570 8
322 535 9
249 332 5
190 482 6
84 482 9
601 650 1
28 623 10
427 465 3
564 565 7
167 624 4
292 517 2
336 453 9
154 465 6
311 408 7
176 259 6
89 243 4
1 95 6
323 500 7
285 574 1
202 297 3
369 459 1
241 634 2
378 586 7
319 628 9
320 633 9
388 554 7
10 564 10
258 503 9
212 648 6
448 654 4
303 474 4
146 617 8
249 305 6
369 433 6
305 570 9
149 634 1
276 444 3
614 646 1
154 424 3
135 137 2
21 596 4
569 591 5
4 504 2
216 243 7
192 580 8
298 529 1
168 565 9
224 565 3
581 642 1
467 624 1
261 574 3
334 624 8
321 630 6
305 637 4
102 338 8
52 556 2
398 506 10
311 647 2
506 532 1
527 591 8
400 569 2
95 365 5
301 615 3
78 621 2
463 635 8
122 237 2
49 626 5
244 289 10
54 603 10
83 353 10
219 372 8
391 487 6
73 375 7
239 636 4
29 607 8
421 445 7
163 507 9
378 657 7
157 210 8
415 503 6
294 583 4
112 273 2
123 535 9
237 244 1
182 341 8
481 571 1
372 596 8
315 586 7
146 578 7
71 276 2
183 433 2
475 599 9
187 313 8
5 413 6
276 657 6
499 563 4
198 550 3
9 438 2
395 599 1
24 624 10
18 445 2
338 452 6
429 641 10
340 527 2
161 627 3
112 542 7
161 605 8
581 584 6
69 334 2
510 647 7
403 452 5
490 642 8
199 389 3
4 574 7
190 385 10
213 276 1
160 427 2
73 607 2
173 264 6
348 542 5
172 648 8
32 389 9
270 345 8
323 574 5
271 540 3
370 579 6
246 541 9
115 409 3
388 647 6
464 652 1
287 624 10
467 571 10
465 505 4
398 544 2
435 641 9
431 596 4
3 589 7
321 596 7
261 576 3
18 428 5
86 576 6
524 563 7
9 436 8
18 408 8
197 204 3
511 600 8
256 273 10
168 623 1
89 615 9
313 544 10
259 563 3
75 556 4
384 657 4
421 514 9
198 434 6
443 635 5
183 595 2
366 483 3
119 453 7
418 590 8
315 467 2
304 581 2
396 413 5
47 637 10
544 560 3
183 654 9
155 628 3
91 244 5
27 407 1
178 646 4
273 368 7
286 549 9
170 462 1
210 403 6
10 276 4
262 276 6
574 583 8
405 465 2
478 571 3
634 652 6
181 596 2
139 529 2
395 637 6
286 400 7
286 403 6
406 615 8
448 653 8
414 434 7
385 578 2
106 563 7
167 588 7
16 210 6
57 448 7
571 615 5
455 459 2
508 511 2
364 637 2
297 646 8
38 353 5
273 514 4
373 641 10
449 636 9
352 444 7
33 378 4
165 297 10
322 400 7
249 398 6
548 585 4
191 237 2
107 257 9
75 548 6
541 574 7
19 125 8
385 486 1
9 311 3
31 453 3
191 407 1
49 203 8
15 398 7
256 549 7
349 502 7
631 637 1
550 641 6
444 450 1
398 548 6
244 349 5
482 565 9
167 596 9
240 529 6
535 546 3
262 444 4
319 386 6
230 409 7
107 359 9
349 550 3
276 433 10
100 359 5
614 627 4
288 333 2
87 312 8
255 297 8
403 413 10
83 288 9
187 277 3
324 444 3
80 508 10
199 386 9
406 585 6
341 396 5
100 302 8
395 456 7
71 283 8
501 514 7
93 499 2
31 258 6
191 549 7
329 648 8
47 474 3
47 264 3
139 366 5
428 614 10
478 516 9
486 562 7
408 413 9
22 182 10
33 216 3
276 556 2
462 591 9
81 481 7
135 264 10
79 517 4
278 433 8
411 591 10
403 580 7
125 348 1
371 509 1
147 564 3
94 548 10
86 328 2
571 646 4
107 621 9
199 520 5
493 628 3
348 439 10
366 637 5
341 607 9
332 642 4
294 580 1
185 633 10
353 599 3
361 477 6
304 617 6
19 314 9
204 262 6
435 544 6
194 350 6
15 396 5
231 273 5
371 554 8
347 565 1
369 462 4
597 630 6
197 369 7
433 573 1
16 449 3
4 187 5
206 349 9
452 564 7
395 453 1
14 299 8
263 578 3
247 550 6
164 570 5
135 141 5
52 203 9
481 609 8
