288 1000
325 14
79 42
235 23
744 22
408 24
922 33
418 24
83 23
266 43
134 4
176 33
409 11
77 50
996 50
568 4
373 9
615 5
398 26
705 6
643 2
898 37
262 24
51 38
722 8
240 1
184 49
690 35
163 16
946 46
253 34
274 32
563 26
27 12
772 10
896 30
396 19
654 16
327 31
519 50
728 12
880 16
24 30
631 40
785 3
824 18
20 50
209 34
894 37
484 8
335 28
895 8
196 19
589 37
752 43
860 38
603 13
3 47
139 5
350 29
201 33
619 4
185 2
604 29
775 29
871 38
505 4
996 33
445 38
521 28
542 38
944 41
739 23
588 18
346 42
639 15
286 37
721 14
940 5
616 19
977 20
701 44
477 35
561 10
913 12
709 47
797 34
679 21
858 42
606 45
907 8
451 2
228 48
197 25
798 47
430 41
597 25
971 34
954 31
436 10
231 39
100 50
16 5
159 14
289 38
994 5
730 18
232 14
637 23
627 43
23 45
933 40
969 2
398 22
588 36
825 33
627 40
586 13
458 14
264 39
649 3
122 43
943 38
463 40
163 7
420 46
66 24
924 26
868 42
665 19
691 38
923 13
841 1
827 3
64 10
525 47
711 40
50 48
713 34
500 28
372 35
823 18
2 33
648 30
886 49
935 17
433 7
124 3
159 22
104 12
861 49
832 17
506 18
952 16
736 25
680 10
591 1
140 49
946 22
554 35
171 1
311 46
487 19
484 11
140 44
149 31
157 21
950 30
726 49
572 43
372 23
454 24
443 7
875 12
631 34
823 34
95 40
311 28
802 6
581 20
836 23
723 42
30 5
926 42
924 14
562 39
781 28
789 3
209 9
683 8
403 26
573 29
341 43
511 23
277 36
977 40
757 26
22 31
362 12
40 35
954 23
143 6
774 46
893 20
881 25
198 26
177 21
315 32
599 23
175 6
591 21
765 2
854 19
661 48
2 47
645 27
305 8
331 49
667 25
177 5
148 24
531 32
287 1
171 3
9 31
418 15
145 28
802 37
905 24
647 45
287 41
26 47
544 5
937 34
928 6
20 33
396 47
956 40
693 32
287 33
84 38
152 3
607 3
255 47
486 26
685 28
64 42
537 47
56 19
872 42
639 2
953 36
332 2
257 25
470 21
338 50
974 17
139 2
428 37
700 49
101 46
903 47
267 38
955 37
782 2
633 36
482 18
959 31
376 32
598 2
551 3
458 1
772 28
171 26
398 33
954 18
369 12
103 31
444 22
77 46
255 17
338 2
492 25
71 41
167 37
116 15
883 49
997 36
322 31
1 83 1
1 2 7
1 272 10
161 272 4
83 273 5
2 272 6
83 150 8
2 120 10
120 147 10
120 264 2
120 272 6
147 279 10
37 272 9
70 264 1
150 238 9
162 264 3
120 266 10
120 256 5
1 59 4
208 264 9
120 233 6
11 264 7
42 279 7
19 238 7
134 266 8
273 280 6
50 272 6
211 273 2
83 104 3
248 273 7
2 239 1
165 238 3
223 279 9
139 266 1
88 264 5
59 120 5
83 283 2
272 279 6
193 233 6
194 283 10
2 287 2
238 276 1
146 233 1
91 287 5
189 280 8
147 176 1
96 276 1
107 239 5
105 239 10
234 239 2
104 155 4
2 246 9
1 20 4
195 233 2
33 264 10
72 276 8
29 272 2
113 155 5
84 279 4
81 246 7
187 266 7
59 79 10
48 120 9
151 273 7
59 87 1
59 155 2
130 233 1
79 80 6
220 279 7
80 156 4
2 236 8
80 250 4
176 200 4
244 273 5
74 87 7
120 259 3
150 200 10
176 194 8
73 80 6
126 273 8
193 283 3
176 261 7
172 261 3
2 151 3
256 283 2
83 159 5
80 150 5
137 176 6
74 283 6
103 233 6
176 288 2
58 151 4
59 167 4
146 246 10
228 239 8
7 83 6
44 272 1
200 204 2
147 271 5
204 273 2
97 233 4
20 288 4
96 259 4
38 79 2
213 283 5
80 287 4
204 286 6
27 261 9
2 193 10
221 279 5
104 282 9
184 193 5
204 206 4
197 276 9
236 279 4
123 147 9
128 167 6
49 287 2
59 85 10
171 282 2
147 241 9
241 288 1
261 285 6
104 149 8
45 79 4
144 272 1
114 246 2
183 279 1
105 236 6
147 285 6
167 273 7
286 288 3
221 276 3
188 273 8
246 250 5
140 200 5
50 236 9
151 190 7
133 280 1
79 113 5
22 285 8
59 262 8
32 200 4
53 271 9
259 283 8
247 250 6
261 282 10
71 241 5
39 246 10
278 285 3
27 193 9
145 200 5
160 176 9
104 125 3
89 194 6
126 190 6
60 190 10
144 282 5
120 238 8
204 287 10
28 266 8
138 246 4
126 276 6
59 159 3
235 246 3
123 125 2
129 287 1
266 281 8
85 261 8
47 288 10
208 280 3
83 171 1
85 143 8
32 149 10
227 261 5
1 276 8
125 240 8
164 236 7
233 280 2
16 271 4
111 283 4
47 149 8
117 156 4
240 287 6
54 87 10
87 159 3
2 265 3
113 178 7
49 266 9
226 236 8
136 236 7
260 262 1
56 276 5
164 285 9
53 206 8
103 194 7
119 259 3
192 193 7
25 125 3
59 223 10
82 256 4
73 149 7
120 139 7
256 263 4
240 264 8
83 177 5
126 204 1
9 223 6
228 271 4
153 288 8
168 190 7
76 263 1
8 233 7
117 276 4
143 238 5
59 95 7
2 276 7
175 233 1
250 252 9
59 61 8
116 287 2
223 240 1
60 85 3
76 120 10
280 285 4
206 283 8
151 181 9
198 241 7
249 262 8
19 200 5
104 146 7
43 272 5
56 256 5
61 102 4
139 191 1
181 261 9
199 273 9
276 283 10
79 279 10
79 245 5
31 262 9
8 151 5
12 167 8
1 101 6
83 151 9
80 259 4
53 151 8
55 264 3
117 223 1
208 263 6
113 120 10
259 286 2
189 190 7
79 94 7
139 236 4
192 282 9
155 254 7
264 265 7
101 118 5
44 286 10
35 85 10
2 85 1
20 165 5
254 259 1
237 259 4
157 283 9
164 176 9
104 145 2
150 189 2
143 146 10
85 233 3
20 167 1
67 271 8
155 216 10
29 191 5
161 171 9
30 149 6
8 95 2
9 156 5
65 85 6
80 114 1
20 87 4
87 94 10
233 264 6
101 264 2
129 283 6
2 249 2
156 233 5
238 288 9
178 193 2
45 171 8
204 264 7
20 178 4
61 180 3
102 274 10
107 125 10
134 249 7
150 288 7
41 59 10
149 248 5
79 87 5
32 171 9
26 249 7
54 282 1
123 263 3
133 288 1
14 155 1
169 283 8
93 249 10
103 248 3
166 248 1
104 109 3
58 252 6
42 109 7
88 246 3
187 287 9
64 238 9
20 212 1
128 246 1
73 150 10
71 263 4
17 285 6
143 216 2
80 141 4
155 250 5
87 193 8
66 113 3
141 162 8
64 223 2
225 250 10
146 213 6
127 213 7
85 87 3
2 252 6
29 180 7
109 244 9
1 135 8
143 160 1
101 267 7
241 244 4
171 199 8
149 177 9
87 257 2
108 274 4
155 207 8
37 109 8
212 216 8
79 115 10
98 273 3
197 238 10
259 276 2
185 233 8
146 163 5
113 190 6
224 265 6
108 181 6
156 191 8
85 239 7
60 167 5
146 244 2
21 241 2
22 236 2
2 274 6
135 193 4
180 275 1
220 241 6
112 160 5
100 259 8
204 224 4
213 221 7
74 147 6
213 256 7
59 281 8
259 261 2
186 265 1
245 276 10
109 163 2
1 85 9
139 254 7
162 216 3
104 113 3
70 190 8
101 217 3
2 288 5
37 280 1
149 183 2
20 250 4
59 171 5
193 287 3
139 205 9
68 261 2
102 238 1
33 280 10
19 145 8
112 178 1
46 241 4
210 264 4
205 241 7
27 162 1
69 204 8
74 94 3
195 216 7
79 160 7
176 273 2
1 229 8
98 212 8
57 217 5
1 43 6
27 194 6
18 87 2
15 267 10
123 229 1
79 247 3
131 207 5
123 145 9
236 275 2
71 207 8
66 265 1
247 281 1
200 241 5
155 287 7
145 252 5
193 244 3
118 163 1
64 189 10
13 146 6
130 213 1
70 249 3
180 250 9
182 238 7
59 194 2
61 139 9
177 212 3
223 261 6
177 274 2
141 165 9
130 176 3
185 266 7
72 238 1
11 194 4
254 273 10
4 249 6
136 239 8
206 286 2
213 241 10
125 205 3
91 165 1
20 276 4
171 238 6
47 200 2
18 191 9
59 156 4
1 205 6
193 228 3
89 264 2
86 241 9
112 176 2
138 189 5
210 241 5
244 286 9
107 241 2
51 229 10
202 265 6
231 240 9
31 59 7
141 196 3
200 250 9
87 284 3
101 229 1
1 216 6
54 104 3
144 146 3
257 285 6
198 275 10
180 199 9
80 151 5
94 245 8
92 286 4
218 279 5
206 269 10
142 177 5
207 274 8
54 224 10
171 207 2
145 158 8
77 245 9
51 143 3
48 194 5
188 263 4
84 178 8
207 231 5
3 259 9
51 254 6
101 159 10
178 204 3
162 251 9
275 281 3
120 158 4
118 145 8
244 280 3
149 228 8
59 160 6
146 217 3
221 264 1
1 283 3
87 145 6
190 253 4
8 238 7
207 269 6
73 283 5
59 102 7
187 252 4
105 114 6
117 212 5
1 25 4
144 287 2
2 155 3
15 288 5
191 196 4
224 257 8
14 263 9
136 190 2
137 241 9
104 194 4
176 240 4
68 165 9
117 274 3
114 147 6
61 275 1
254 281 9
95 190 7
122 190 1
213 243 6
83 87 3
102 161 6
194 263 1
123 279 6
158 220 2
143 269 7
236 274 3
61 163 9
240 284 10
103 145 7
127 160 3
117 118 3
22 267 6
19 141 8
143 191 1
178 227 10
212 248 6
183 204 7
61 224 7
212 223 1
11 233 1
147 193 9
143 213 9
55 181 3
182 212 3
48 220 8
165 198 8
151 194 7
152 178 3
263 284 4
160 230 6
103 254 2
140 198 9
94 99 3
114 226 5
205 225 3
14 216 10
6 266 7
196 269 5
141 200 6
85 141 10
249 256 2
151 239 6
29 286 5
145 193 3
37 283 1
41 200 7
144 161 5
94 169 10
46 244 10
85 125 10
52 102 1
4 171 7
236 272 6
102 205 5
265 277 7
13 169 3
147 262 9
84 206 9
15 223 5
20 258 6
180 228 3
160 267 4
247 264 7
150 187 8
71 231 4
113 280 7
223 239 10
166 286 4
225 257 9
65 189 4
39 102 8
146 226 8
158 194 6
141 264 2
146 186 10
125 258 8
125 191 6
109 264 7
118 273 8
207 255 2
114 285 4
229 248 1
53 167 3
79 133 5
169 179 3
228 237 7
118 201 7
47 277 5
28 190 8
31 120 3
53 288 7
50 261 8
114 271 5
57 161 10
10 113 3
115 160 10
134 159 4
171 288 8
135 272 2
83 118 6
151 183 3
120 234 5
178 188 3
85 150 8
248 281 10
274 276 1
6 162 10
83 189 7
55 243 5
139 234 8
20 220 6
97 179 5
111 149 7
1 268 4
49 141 7
83 128 4
87 150 10
114 225 10
171 211 7
188 225 2
163 194 10
48 95 10
205 226 5
2 41 6
2 38 1
3 198 5
221 254 5
167 192 10
195 288 4
2 275 4
38 167 1
89 221 10
64 241 4
129 192 9
211 250 9
87 288 5
94 275 1
93 211 1
105 193 5
79 180 2
147 195 8
11 104 5
220 245 1
43 234 6
267 283 7
195 229 4
159 218 10
158 178 10
271 283 5
28 135 8
250 283 9
177 259 4
25 227 2
198 239 3
68 268 10
135 285 8
145 157 7
251 284 9
159 164 10
89 177 9
169 248 6
196 258 10
2 117 2
85 144 6
74 205 1
160 250 4
75 223 6
140 250 3
114 282 5
200 234 4
115 171 10
190 236 4
94 197 7
159 282 5
104 169 6
129 190 1
79 97 1
267 271 4
51 147 2
161 281 3
285 287 4
27 288 4
149 185 1
102 261 5
122 240 3
147 220 8
101 279 8
20 279 1
223 249 9
117 151 2
32 104 6
129 149 3
176 241 1
248 283 9
38 286 6
3 258 6
150 166 8
101 113 4
199 281 7
119 251 6
29 181 2
109 192 7
188 283 6
25 66 8
116 218 3
263 270 5
125 267 9
113 255 9
55 161 3
64 176 4
265 269 5
100 160 5
142 162 4
156 159 4
155 231 1
24 280 9
36 99 4
28 272 9
171 216 4
46 164 1
210 221 5
78 163 7
184 223 9
126 177 2
169 223 6
92 183 4
147 160 10
2 150 8
273 275 10
33 259 8
105 194 3
2 177 8
121 244 5
1 15 10
185 275 7
2 98 4
188 245 8
58 145 8
95 167 8
161 274 1
25 41 7
93 135 7
103 277 5
161 251 10
86 273 10
177 200 1
157 164 1
189 250 8
41 91 7
43 244 6
85 176 10
2 36 2
140 177 2
62 196 5
123 237 6
79 230 5
115 221 5
193 272 5
63 218 2
258 268 6
169 276 1
3 114 6
46 185 8
91 133 7
198 263 3
59 166 7
1 217 8
109 193 10
72 102 4
225 238 4
177 217 1
11 217 9
66 251 2
1 92 7
257 280 3
127 158 8
161 203 7
137 276 6
41 198 8
6 183 6
5 252 1
48 203 10
151 215 1
54 186 8
256 262 3
166 171 1
89 279 6
92 233 5
219 288 1
87 139 7
104 115 1
170 200 1
156 199 4
163 185 9
68 234 3
114 231 4
109 112 10
87 238 6
201 268 3
151 200 6
43 109 1
89 285 3
93 233 3
194 287 9
224 255 6
251 258 4
113 126 4
235 263 6
152 191 4
180 222 3
27 133 3
210 237 5
253 287 2
86 169 6
113 154 8
236 259 3
23 194 7
187 280 3
169 229 5
68 104 10
133 236 7
180 263 10
245 248 2
150 183 2
203 229 5
26 83 5
5 250 9
128 197 2
61 104 8
259 263 8
56 273 4
154 203 3
37 59 8
104 276 9
87 262 7
193 195 5
66 104 3
94 98 1
57 257 4
191 277 4
11 224 2
234 253 4
139 286 5
185 247 4
202 226 1
20 237 6
160 207 1
185 191 9
114 222 3
169 207 3
135 207 1
142 171 2
39 128 8
58 207 3
129 280 5
145 220 10
88 249 10
85 213 4
117 285 7
189 241 8
177 285 5
15 41 8
171 247 4
144 273 5
218 274 7
215 240 2
141 286 8
11 273 10
133 256 9
182 251 8
240 286 8
183 259 2
36 180 9
196 222 7
195 262 9
201 279 6
133 245 5
146 225 8
117 270 9
179 274 3
195 287 9
190 213 7
42 247 2
144 189 2
223 233 4
23 79 4
97 228 10
137 252 7
163 199 7
20 116 6
85 279 4
55 178 1
11 91 6
115 274 4
139 199 7
171 227 3
196 254 9
187 272 8
96 211 7
94 107 9
60 280 5
74 254 9
38 202 6
169 261 2
99 255 9
39 178 2
192 281 1
212 281 1
218 244 5
216 239 9
47 287 9
77 99 6
74 112 4
149 220 2
71 222 6
49 163 9
158 283 2
2 217 6
46 267 9
198 199 9
83 135 4
66 280 4
135 266 7
50 125 2
255 283 7
189 201 2
216 229 4
91 243 2
75 179 1
154 169 10
122 247 1
108 233 4
199 214 9
26 98 7
143 156 5
87 180 9
94 224 5
66 112 9
164 244 9
66 79 5
37 205 8
41 113 8
30 109 4
180 231 5
137 255 6
138 271 6
113 243 4
147 258 10
95 202 3
99 144 10
98 107 5
73 118 5
58 116 7
29 94 10
36 277 5
150 179 8
36 41 3
17 276 1
77 281 10
90 240 8
141 242 8
63 126 8
25 207 7
172 248 1
162 282 5
198 245 3
