864 1000
14 1
56 23
29 10
68 23
85 11
88 16
88 24
90 37
73 29
63 23
6 3
73 14
28 4
52 24
16 8
66 24
42 19
6 3
46 13
31 9
7 2
83 19
4 2
93 1
45 19
75 35
43 16
33 3
4 2
12 6
13 5
76 13
61 18
15 4
93 28
61 16
32 9
74 20
14 7
9 2
16 3
66 20
41 13
82 15
30 15
51 21
54 16
46 4
48 20
11 1
21 6
97 41
79 15
7 3
54 9
53 22
28 5
79 12
72 33
25 3
69 6
35 13
27 2
35 16
37 18
4 1
74 3
81 30
98 12
79 14
38 12
3 1
3 1
92 3
37 5
73 17
47 23
47 15
20 10
15 2
62 11
48 2
48 2
73 10
30 10
99 46
96 3
43 1
78 21
66 13
97 16
7 2
7 1
13 1
81 25
78 24
22 10
85 35
36 2
8 2
28 4
76 28
37 16
83 26
24 4
74 8
45 11
66 18
71 22
79 24
85 22
64 2
31 14
80 5
4 1
37 17
47 22
15 2
34 15
35 2
3 1
50 2
92 24
66 10
78 15
75 22
49 21
61 13
30 10
36 12
83 3
12 3
99 19
87 36
42 18
79 21
24 2
80 18
23 9
83 36
53 9
27 3
4 1
99 1
46 18
77 24
89 18
100 14
83 12
3 1
75 14
58 1
12 6
63 11
80 16
53 21
10 2
43 4
79 38
80 16
98 38
37 9
30 14
54 11
26 2
43 5
55 22
26 5
71 3
12 2
24 6
82 2
50 17
37 3
66 22
9 1
12 1
44 9
12 4
49 15
80 28
31 7
54 23
47 8
100 8
25 7
23 8
63 17
75 35
61 28
24 11
50 13
83 35
76 28
8 3
70 19
67 27
39 5
20 6
17 7
77 1
82 21
7 2
14 5
31 1
28 4
38 9
92 17
39 18
87 20
24 1
44 19
40 17
13 5
62 28
92 37
48 19
86 17
85 13
20 5
81 36
24 1
91 14
84 19
76 6
63 24
84 3
66 21
98 13
3 1
94 24
67 20
29 9
13 1
63 13
84 40
83 22
21 10
2 1
82 4
60 22
33 3
95 32
35 14
2 1
43 4
35 6
100 27
82 2
16 3
83 37
66 31
95 43
68 29
30 3
45 15
85 27
78 32
63 25
19 3
9 1
86 7
46 5
7 1
60 12
4 2
64 23
59 9
35 10
8 3
47 8
40 15
70 17
43 8
27 3
23 1
48 6
89 17
49 13
100 39
100 42
52 1
65 32
24 2
37 18
41 13
86 29
30 2
94 18
51 11
92 16
57 25
6 1
60 14
47 17
93 44
58 3
39 19
82 18
62 25
67 9
28 12
61 11
15 6
85 38
43 12
82 16
16 8
9 2
51 12
4 1
44 5
64 11
13 6
25 7
39 9
98 30
20 8
27 1
85 38
73 13
18 3
80 6
15 7
40 13
25 7
36 7
22 11
28 11
14 6
85 37
71 3
89 30
70 26
66 3
57 15
6 1
68 13
1 1
49 5
33 9
54 18
44 5
34 11
100 34
10 2
6 1
19 2
23 3
75 20
73 31
60 10
35 12
83 10
43 10
5 2
39 14
99 21
43 11
35 2
29 2
18 4
81 22
73 35
28 10
57 9
30 8
29 11
87 17
40 15
92 4
12 5
44 18
72 5
63 1
95 12
26 8
65 9
73 18
15 6
40 18
12 2
60 10
32 2
65 16
44 19
68 29
41 12
69 28
1 1
15 6
33 12
31 7
67 17
62 8
77 19
16 2
96 10
88 43
30 14
50 19
65 19
91 3
56 21
39 14
33 14
19 6
45 21
75 3
99 41
57 21
50 5
19 2
59 22
7 1
94 16
45 19
67 20
25 8
52 16
31 6
22 2
78 5
1 1
83 18
23 3
94 32
37 3
52 8
89 20
13 4
28 12
56 5
28 3
13 3
28 6
14 2
15 2
49 15
98 33
67 17
40 17
88 4
80 39
80 18
13 2
66 30
88 27
65 12
37 2
70 13
54 11
64 29
63 27
40 16
77 10
74 8
34 8
17 1
47 1
27 1
89 29
57 10
37 3
22 7
95 42
66 15
49 20
72 2
4 2
4 1
34 8
84 35
43 1
9 1
50 21
12 5
61 1
41 2
14 5
98 42
56 21
28 5
28 3
69 17
74 14
7 2
100 5
13 6
89 10
90 38
35 1
87 43
49 23
84 12
38 17
53 13
45 21
58 5
82 30
76 35
79 11
69 21
83 38
55 13
93 16
85 26
15 5
3 1
68 28
84 17
83 38
10 3
68 9
29 1
5 1
59 14
71 1
65 8
45 3
8 2
100 24
63 8
2 1
96 11
50 18
40 12
42 17
7 3
58 6
24 7
85 26
26 10
60 22
28 12
18 9
56 1
41 18
86 37
61 8
30 13
35 15
44 3
41 12
13 5
94 37
28 12
32 8
45 13
33 3
80 37
85 41
52 15
99 15
72 26
52 17
43 19
100 18
7 2
34 1
12 3
14 1
42 20
21 8
7 1
57 5
35 9
22 6
62 19
24 4
73 19
52 6
91 44
81 16
18 9
9 3
80 38
84 20
52 6
32 13
4 1
18 1
78 31
5 1
63 8
39 14
15 5
20 10
28 14
8 3
31 6
73 29
94 21
36 9
32 6
97 6
21 2
10 5
81 34
43 17
60 30
27 7
58 28
94 1
29 8
20 9
28 10
84 3
67 33
90 9
13 4
44 1
37 3
59 27
93 23
32 5
56 4
22 9
54 14
39 12
92 14
35 3
95 33
79 26
86 26
1 1
77 17
48 20
63 19
21 6
78 14
40 3
53 16
72 3
78 10
24 3
49 21
54 14
4 2
9 4
9 3
83 3
85 10
68 29
45 8
18 1
14 4
7 2
77 10
70 14
17 3
28 1
26 3
61 18
41 16
92 36
75 14
75 27
15 6
66 17
56 11
85 41
32 8
49 11
21 8
38 3
71 27
61 22
7 1
81 32
22 1
100 29
17 5
88 17
37 7
72 7
36 18
85 25
88 6
47 7
94 23
66 9
93 21
18 4
17 5
49 18
66 29
24 8
18 4
14 3
74 29
72 8
77 36
89 14
86 20
3 1
25 8
32 6
80 39
28 2
35 13
36 5
95 2
100 16
76 14
9 1
12 1
21 5
98 25
78 6
27 6
36 2
44 13
36 1
69 19
100 7
26 3
48 23
12 6
96 42
75 9
93 16
75 2
82 32
12 6
13 3
45 2
51 6
95 24
61 28
43 6
51 20
6 2
20 8
42 8
36 2
76 34
81 12
93 43
89 29
80 9
54 26
20 7
93 32
11 2
52 26
31 13
84 30
35 2
99 14
64 4
61 16
56 14
94 43
79 31
41 9
37 4
80 30
87 14
9 4
73 7
63 11
44 22
71 20
76 21
68 18
19 1
12 6
65 30
55 19
87 20
100 44
76 13
68 19
22 9
29 13
75 20
5 2
91 37
34 8
20 7
65 22
79 8
21 2
98 39
36 16
21 5
28 3
95 24
75 9
52 19
34 15
85 23
76 6
1 1
79 20
37 16
29 9
24 5
40 15
67 29
44 3
71 34
24 3
21 8
36 13
88 35
31 8
67 32
37 15
40 20
36 17
80 5
96 38
17 1
80 31
35 15
19 9
37 16
43 9
74 22
46 9
7 3
1 1
42 1
17 7
41 10
32 16
71 24
61 25
31 11
80 21
76 26
86 24
14 3
90 3
28 4
89 37
60 2
66 15
74 8
57 23
4 2
54 19
35 7
17 4
51 20
71 28
22 1
45 1
17 4
48 15
53 19
43 12
45 21
28 3
73 36
41 1
94 23
67 23
36 12
73 10
67 16
75 7
1 710 7
1 243 7
1 699 6
1 715 9
385 715 7
699 763 6
590 763 4
710 845 6
400 763 8
305 763 7
674 715 5
1 738 3
1 481 3
444 763 5
418 710 5
74 481 1
371 738 6
108 699 2
481 638 1
738 766 5
403 845 6
58 738 4
553 766 9
243 620 1
27 638 6
682 766 2
710 834 9
243 554 2
1 774 8
633 710 1
756 834 7
1 18 1
1 598 6
45 766 6
521 763 3
346 763 9
449 715 3
502 598 8
715 768 5
371 598 9
757 763 2
552 710 6
350 710 4
1 423 5
146 738 1
715 789 10
481 505 2
620 828 1
329 768 10
586 789 6
658 845 2
15 763 3
640 845 5
30 481 3
269 766 6
344 554 1
423 620 10
634 738 6
387 620 7
330 774 2
44 763 10
449 738 4
99 763 1
432 789 3
672 828 5
450 554 5
280 554 10
442 715 2
253 789 7
542 789 7
516 699 7
18 140 3
710 720 4
18 72 3
654 766 7
140 691 6
709 828 5
428 768 8
97 789 10
72 709 7
30 720 1
458 481 2
205 845 2
269 699 4
206 638 4
718 789 4
351 845 2
18 605 9
10 845 8
630 691 4
444 505 10
314 481 2
768 806 7
638 827 2
324 554 5
132 605 5
738 793 6
806 837 2
558 638 1
72 803 6
431 803 3
128 720 5
468 481 10
173 243 3
600 827 6
13 738 7
294 806 9
229 837 10
638 742 9
668 709 7
352 834 3
53 793 6
509 715 6
152 481 3
236 768 8
534 598 2
24 845 9
614 793 4
715 784 8
720 813 8
803 849 8
639 828 5
1 45 10
797 837 8
250 803 6
738 836 6
243 427 3
6 598 6
72 570 2
28 793 9
224 243 6
40 836 4
505 707 10
678 768 9
1 418 9
663 720 1
491 707 6
358 598 1
325 836 3
423 648 10
672 806 3
538 709 3
360 813 10
510 720 7
473 763 7
799 836 6
152 505 5
666 793 5
677 827 4
763 795 3
340 648 10
259 774 5
505 609 8
191 620 10
131 707 9
609 728 1
142 609 7
451 554 3
741 827 5
481 548 1
213 715 7
497 836 7
638 839 3
333 720 8
310 728 5
136 710 6
438 605 6
497 806 9
559 845 6
709 733 5
802 803 9
396 789 5
593 605 4
45 634 2
240 481 4
24 806 1
243 505 8
333 742 1
418 515 3
228 768 3
72 161 5
766 857 9
360 707 10
243 710 4
201 828 2
427 631 4
101 598 9
828 830 6
467 620 5
565 834 6
411 827 4
265 768 3
423 691 1
262 806 3
427 690 9
570 823 10
121 570 1
825 849 5
72 86 8
184 742 3
18 655 3
279 598 6
455 837 4
648 843 7
789 847 8
1 620 2
548 614 8
720 725 6
17 828 2
163 813 4
324 813 5
763 771 7
610 845 1
18 482 7
86 605 8
742 794 9
407 793 3
690 824 6
70 631 7
261 515 1
740 843 6
181 631 3
605 758 7
481 704 7
489 828 4
72 334 1
179 598 4
656 828 3
427 534 2
769 836 5
381 771 1
256 830 1
596 789 7
822 834 6
655 662 9
381 843 10
178 710 7
482 511 7
625 845 2
580 655 8
95 631 10
505 770 6
421 720 7
79 481 1
498 836 9
515 520 8
56 427 2
638 847 6
706 824 7
7 843 1
517 806 7
168 803 2
259 334 4
634 831 3
422 511 1
223 806 8
114 774 9
321 620 10
28 813 3
386 758 2
598 731 8
801 845 5
722 803 6
243 392 10
124 738 4
268 662 8
152 731 7
823 839 9
507 827 2
49 709 4
566 823 5
614 845 10
514 837 1
96 720 2
648 780 5
359 690 9
603 823 2
322 548 9
467 803 6
243 524 10
610 709 2
374 662 9
417 609 3
145 794 10
141 742 10
296 766 2
137 605 10
72 561 4
771 800 5
45 183 6
548 654 6
175 731 4
97 614 2
442 598 2
173 710 9
72 678 3
161 631 6
183 574 2
793 831 10
781 847 1
789 827 5
161 839 3
275 847 9
766 853 5
268 554 9
707 805 10
499 771 9
76 853 3
249 795 5
116 598 1
87 803 3
588 715 10
455 574 5
609 777 5
60 520 4
499 793 8
654 739 5
72 800 1
384 849 3
331 853 1
655 849 1
594 728 5
676 806 2
570 676 10
45 805 7
456 763 3
91 699 7
438 481 6
23 243 6
598 843 8
72 399 6
16 614 9
416 423 9
62 837 7
746 853 6
186 243 10
269 836 7
528 728 1
89 777 5
732 771 6
695 806 10
792 831 2
786 827 6
556 849 2
84 505 1
481 668 8
547 853 10
67 777 4
9 845 10
596 831 9
448 715 7
62 720 1
105 511 9
382 823 8
44 733 9
678 715 3
291 794 2
385 534 5
415 766 10
534 804 4
548 671 5
58 574 9
477 857 2
74 534 9
392 793 8
18 385 1
265 334 3
104 574 3
273 399 2
383 824 2
183 361 2
385 745 6
20 524 2
18 737 4
287 720 5
291 511 2
232 725 10
183 780 6
529 690 2
444 738 6
534 658 2
715 777 10
534 631 3
172 733 3
168 548 7
18 45 9
581 794 6
670 709 10
549 620 7
111 662 2
140 806 6
437 715 4
482 529 8
641 804 5
55 737 10
459 662 3
644 837 1
322 529 8
601 800 3
515 731 2
25 598 9
523 745 10
189 570 9
630 737 8
585 824 10
595 830 10
233 707 2
733 847 9
336 704 10
158 803 7
358 737 9
140 782 3
18 519 1
86 672 3
335 774 7
544 766 3
534 840 7
345 418 6
70 849 8
51 770 4
466 853 2
34 334 3
161 490 2
342 828 9
17 161 10
120 243 8
839 863 4
125 654 3
519 534 4
24 715 6
561 575 9
531 853 2
574 620 2
125 777 3
281 631 4
175 813 9
620 641 4
348 672 1
191 831 4
1 322 2
376 534 1
411 671 6
624 648 7
803 808 6
669 770 8
82 691 2
18 427 6
642 715 9
581 676 1
649 678 2
161 174 6
569 654 2
281 561 5
121 758 10
498 766 4
532 658 6
596 837 2
669 745 5
189 671 4
200 399 9
763 840 7
1 624 10
174 825 9
598 617 3
14 605 8
395 863 7
730 843 4
830 847 9
385 618 2
174 656 3
61 853 7
511 658 7
573 839 5
488 634 4
697 780 1
245 481 7
467 731 9
516 733 10
660 794 2
570 615 7
242 780 6
242 671 9
189 793 3
460 575 7
655 700 8
488 836 4
72 667 7
45 717 8
461 548 4
765 857 8
529 822 2
238 763 8
820 840 1
231 672 7
385 862 2
427 786 7
641 684 1
181 806 8
671 803 6
339 668 9
739 829 6
82 505 8
578 733 7
404 825 3
56 684 6
261 725 5
717 779 4
243 773 8
155 717 2
108 520 7
455 853 9
34 520 9
515 846 5
690 771 10
431 609 2
25 825 7
305 768 6
593 793 7
309 658 3
505 742 4
88 662 3
322 348 6
682 836 9
489 834 7
614 631 3
799 862 7
178 774 10
561 821 2
623 654 9
545 742 3
113 795 9
282 813 4
483 731 10
182 782 10
652 771 9
86 399 10
738 853 4
490 658 7
73 837 3
242 658 6
515 787 10
226 805 8
562 733 5
165 676 10
140 825 3
552 853 1
313 779 9
691 733 4
482 655 3
178 836 2
158 520 2
367 481 10
409 519 7
641 777 6
63 813 3
804 836 6
585 829 10
106 829 10
527 836 1
243 404 5
347 853 2
174 345 5
92 774 5
232 813 7
75 786 5
520 561 6
615 766 2
686 773 2
671 690 10
24 482 1
634 742 7
285 834 3
704 782 3
700 786 3
208 853 8
366 667 6
400 720 5
7 800 4
139 821 2
242 534 2
13 766 8
357 614 2
210 392 8
110 656 7
343 524 10
134 784 9
655 787 8
364 824 9
161 214 4
200 862 9
50 863 6
618 773 10
777 813 2
86 779 5
730 834 4
13 662 4
514 614 4
742 837 1
778 793 1
140 521 3
624 826 3
727 845 5
34 800 10
687 710 8
516 794 3
7 399 5
249 731 1
530 717 6
636 700 8
194 505 4
678 761 7
340 843 1
776 840 10
823 826 4
529 856 10
708 821 5
19 728 9
212 520 6
353 766 2
394 803 7
4 561 5
306 863 1
551 793 8
507 672 2
67 773 1
244 737 4
178 658 9
267 839 1
174 341 8
129 618 3
575 843 7
507 825 6
80 806 5
505 588 4
681 843 1
634 688 6
316 617 2
546 684 5
18 749 8
197 322 2
397 825 2
521 840 7
314 849 2
282 826 9
617 801 9
341 623 5
350 720 4
53 728 7
427 830 2
536 717 10
162 655 4
786 791 8
425 623 2
348 682 8
58 548 4
752 794 7
172 806 6
112 348 10
140 441 2
561 857 7
345 653 2
106 780 5
156 836 5
794 823 2
232 520 3
6 699 5
174 581 10
44 605 2
574 656 9
544 634 9
289 341 2
48 385 1
553 658 1
442 749 8
29 758 1
496 654 1
455 676 9
781 795 9
161 554 4
80 520 4
302 782 1
518 588 8
594 691 5
644 668 5
23 715 2
183 464 8
454 464 9
366 808 3
167 671 6
218 631 7
794 838 9
161 668 5
72 733 8
222 361 8
345 348 5
126 656 5
427 580 9
601 787 5
383 662 2
399 578 1
505 539 8
668 687 8
184 700 9
796 856 2
399 487 9
497 520 7
144 481 6
432 715 3
490 827 1
416 857 5
548 756 1
646 671 2
535 614 9
519 553 10
420 662 10
190 615 10
831 858 4
45 840 8
806 836 5
444 801 7
487 681 2
108 709 8
785 836 10
173 598 5
183 328 1
660 831 9
352 749 2
189 715 8
679 700 5
598 828 6
631 677 5
524 803 2
323 341 5
792 824 10
777 839 5
733 793 2
775 845 6
320 794 2
494 771 1
548 652 2
28 609 8
633 862 5
544 578 3
17 561 2
299 581 8
94 862 4
515 793 3
668 853 9
428 825 3
736 805 8
738 834 10
404 853 10
424 427 2
767 823 3
782 807 10
503 742 9
70 548 10
214 491 8
183 842 4
414 534 10
216 570 6
490 830 4
123 581 9
694 831 10
827 838 2
463 482 5
577 849 7
294 491 1
18 245 2
665 807 7
209 521 3
6 441 4
452 618 3
100 849 1
579 681 2
188 699 8
101 843 6
515 667 5
92 710 10
856 858 5
658 756 3
737 821 2
582 787 1
95 482 9
161 420 1
667 702 8
381 682 10
126 771 4
18 840 6
5 836 4
615 618 4
786 840 2
442 676 2
780 847 7
502 849 10
9 787 6
24 737 3
83 214 9
633 699 7
174 770 1
24 824 7
314 831 6
210 399 8
306 681 7
198 624 4
713 845 2
23 731 10
544 858 4
132 717 9
554 745 7
4 605 4
307 423 7
15 620 6
482 794 8
616 774 10
307 787 6
802 837 1
733 810 1
228 539 10
376 580 6
521 831 6
252 529 7
450 676 2
453 653 6
588 662 9
531 763 6
423 570 6
796 804 6
640 808 6
18 418 9
268 742 6
295 482 4
239 731 4
348 746 3
174 745 8
140 178 3
337 779 7
681 824 9
773 853 6
26 691 1
545 733 1
225 806 3
339 801 10
554 689 8
484 575 4
15 672 6
72 641 3
55 771 5
605 848 2
628 671 9
59 838 2
552 863 4
495 756 4
26 441 8
526 805 5
600 857 10
79 399 3
63 715 5
182 702 1
417 654 1
333 725 2
797 829 1
174 297 6
4 681 3
297 811 9
720 746 1
161 733 8
275 725 7
178 667 3
21 700 1
225 840 1
419 823 1
370 717 7
672 799 10
437 789 3
565 774 10
214 307 3
662 792 1
695 862 4
511 856 9
558 570 6
404 515 5
45 208 9
523 773 5
174 319 2
491 674 1
654 807 8
145 806 7
156 738 2
704 860 8
348 742 8
10 789 5
11 826 9
154 808 5
140 791 7
411 427 1
420 716 5
427 586 4
603 688 7
423 480 9
350 615 6
290 348 8
746 811 1
67 811 10
143 728 3
71 773 9
322 333 6
1 141 2
180 707 3
53 795 8
193 307 3
196 575 9
393 853 8
72 479 5
109 792 10
207 825 1
174 348 8
70 687 4
77 668 8
439 716 4
72 454 3
16 654 4
8 774 5
214 347 1
692 756 9
34 624 7
208 524 3
639 738 6
668 758 4
441 806 2
344 831 9
33 385 1
501 588 1
717 767 3
481 625 7
331 704 6
723 821 5
451 480 9
462 655 2
529 747 4
80 688 3
653 709 3
287 580 7
474 581 4
108 825 9
216 399 8
343 774 4
482 664 2
334 614 10
341 734 4
681 773 7
58 561 4
644 839 2
198 534 3
297 429 4
341 861 6
365 570 10
77 824 9
813 864 3
618 667 1
429 538 7
553 655 9
710 821 9
321 664 6
88 800 10
262 578 2
136 704 10
637 687 9
416 856 1
287 605 5
364 745 9
72 188 1
14 857 10
643 793 8
120 479 4
169 862 10
263 773 6
98 653 10
63 586 4
85 653 1
18 361 8
426 648 9
140 698 10
281 664 6
70 717 5
102 847 1
617 683 7
671 688 4
214 789 9
388 581 9
261 800 5
414 570 9
479 848 10
556 862 2
328 623 3
25 780 10
79 805 5
10 511 6
150 615 8
220 795 6
