160 1000
823 25
466 31
425 26
708 19
942 12
917 25
60 5
393 27
434 27
739 46
924 25
348 18
608 36
368 18
607 38
527 23
345 5
623 39
493 8
547 48
886 38
284 20
561 46
786 6
203 29
132 32
372 2
44 4
512 28
118 13
291 11
87 1
62 19
365 16
840 49
725 32
987 20
369 21
703 18
758 21
802 39
305 25
872 7
576 27
445 24
265 31
357 19
233 44
557 17
665 21
17 50
236 47
618 50
305 43
417 8
880 5
985 13
136 41
457 28
720 25
411 17
798 4
988 8
27 38
18 25
511 23
991 1
312 23
603 41
923 20
525 30
290 37
494 22
711 26
400 5
674 9
148 6
699 38
820 24
931 25
186 22
911 28
466 50
644 19
822 17
312 4
294 4
964 5
15 41
564 17
220 29
858 41
656 31
995 27
230 23
940 16
887 22
109 5
797 8
474 9
570 14
103 49
74 27
441 28
960 4
547 13
883 29
764 18
451 24
148 22
945 32
245 22
892 48
9 7
209 35
77 24
897 44
382 32
55 34
546 4
83 34
641 18
524 18
371 44
311 7
88 47
215 2
224 32
29 48
753 34
528 16
794 15
528 27
596 36
752 31
152 38
471 14
619 37
283 34
470 30
431 18
27 11
901 17
500 41
102 25
295 14
52 49
188 49
418 30
224 42
328 49
17 26
375 41
294 8
783 36
593 38
620 13
914 4
779 30
143 9
1 55 10
1 23 5
23 88 8
23 140 1
23 86 1
81 88 1
1 110 1
44 88 9
1 32 6
32 57 6
124 140 7
32 55 7
57 135 8
6 135 5
57 153 9
10 88 2
97 153 3
140 142 9
127 140 9
20 153 4
1 50 6
50 88 2
23 94 6
26 135 9
50 111 2
55 116 4
88 126 10
15 32 1
55 102 1
88 146 9
88 95 6
124 146 1
58 146 1
50 106 5
55 88 1
45 142 7
102 130 7
108 153 5
132 135 6
103 116 5
23 82 5
8 116 2
23 53 3
32 102 9
50 148 5
94 121 8
82 102 10
110 151 5
32 121 10
64 135 1
53 88 9
66 153 2
57 60 5
52 88 2
18 110 7
10 95 9
129 151 3
76 111 7
42 140 6
19 135 2
55 76 4
53 106 5
34 102 5
53 153 9
25 146 5
50 109 10
123 148 9
53 117 8
40 50 10
130 148 9
86 122 5
88 116 7
47 121 3
66 121 7
53 58 5
22 86 6
50 80 6
114 117 7
82 129 10
60 111 4
126 151 10
23 50 4
23 95 5
1 10 3
42 106 4
24 146 10
23 72 7
55 68 10
26 109 6
1 160 3
68 72 6
37 102 4
37 111 8
76 126 5
135 138 2
32 80 2
5 32 6
68 138 4
80 103 7
106 134 5
112 151 2
33 148 5
53 94 1
28 80 6
21 58 8
53 54 4
1 80 8
53 57 9
76 136 7
31 109 6
133 146 7
134 153 4
5 23 10
61 135 1
74 151 8
36 109 9
18 55 3
35 121 9
45 126 4
107 134 10
108 121 6
80 156 3
116 134 6
136 151 5
92 122 6
45 106 7
69 121 6
6 50 7
101 151 3
60 126 2
24 50 6
57 97 9
53 116 1
13 97 10
5 142 7
27 106 1
45 94 4
10 86 9
76 89 5
1 130 2
40 53 1
78 153 1
16 106 10
69 86 3
53 129 8
95 122 9
57 155 5
117 129 4
89 135 6
58 116 4
68 88 6
38 129 3
1 135 9
23 54 4
28 32 4
57 137 3
80 113 10
26 153 1
60 118 4
67 111 1
14 55 1
76 118 8
136 142 6
137 156 6
118 153 5
68 108 9
95 115 3
140 143 1
7 103 6
18 97 10
105 148 5
98 146 4
6 130 7
82 137 8
111 146 7
68 86 5
57 90 9
48 151 5
11 129 3
50 53 6
135 145 8
57 76 3
54 104 5
74 82 7
46 135 9
35 60 4
90 117 6
1 151 2
146 147 6
78 104 9
50 92 3
82 107 4
37 68 10
90 105 6
72 141 3
13 122 4
21 60 2
24 80 6
48 53 6
45 107 2
17 116 10
106 132 2
38 121 9
50 62 3
38 145 8
80 121 1
89 103 1
2 32 10
52 102 9
32 88 9
144 145 10
54 145 9
100 102 1
143 155 8
75 116 4
121 145 5
1 139 4
32 135 1
72 95 6
64 95 5
10 17 6
56 147 3
12 136 10
141 153 6
32 65 3
38 104 8
115 132 2
45 62 4
104 106 6
126 141 2
55 109 7
129 143 8
47 76 5
32 109 1
23 156 4
32 89 6
86 160 7
76 140 4
15 143 2
51 65 4
122 128 2
17 62 4
88 117 3
52 138 7
87 136 5
5 57 9
88 153 5
58 70 7
104 155 4
24 135 5
115 128 8
89 143 7
19 148 2
90 152 10
127 137 9
113 150 8
82 89 4
8 155 5
61 106 2
46 137 1
76 156 3
39 80 10
62 105 2
84 102 5
104 149 2
67 160 2
109 131 8
119 131 4
50 102 8
89 101 1
94 139 3
41 80 7
50 95 3
82 106 2
44 106 7
141 160 8
71 106 7
1 106 5
86 156 2
118 147 7
23 149 5
55 64 4
136 148 6
46 115 5
82 118 6
21 151 5
58 112 2
94 112 7
25 113 4
7 117 4
28 107 6
37 95 4
136 160 4
97 139 10
76 112 9
86 142 7
70 105 9
49 151 1
19 113 8
16 86 3
23 62 3
27 145 7
17 27 8
18 104 1
18 90 2
136 140 9
27 41 2
27 39 8
1 103 6
126 128 6
30 54 10
67 150 4
111 118 1
21 55 5
94 119 4
11 112 4
60 89 6
80 102 7
47 137 10
14 108 5
37 82 8
32 70 2
57 99 1
109 139 7
29 105 4
21 53 8
91 152 7
9 129 9
117 130 7
17 160 5
13 103 2
86 126 3
10 21 3
68 101 6
57 89 3
110 137 7
115 133 7
83 89 10
70 86 8
23 32 3
84 101 7
23 102 4
115 149 8
10 133 3
89 150 4
53 60 7
55 91 8
10 137 5
58 127 6
30 90 2
18 142 3
27 159 9
21 48 8
71 101 4
3 117 9
45 80 8
42 149 6
90 109 5
148 154 10
100 131 10
65 160 7
105 156 5
6 60 7
10 48 10
70 108 9
52 130 5
21 38 2
10 108 5
41 56 4
88 160 7
128 142 2
20 135 6
5 150 4
106 113 2
89 136 5
57 154 4
60 96 7
83 156 6
97 135 9
28 41 9
113 119 7
72 152 3
117 122 2
76 88 1
27 122 8
81 112 9
28 76 8
101 154 3
50 118 10
80 88 1
105 128 3
31 65 4
24 126 8
23 121 7
32 48 1
83 148 3
22 80 6
21 72 10
58 118 8
107 109 9
76 131 8
135 144 10
17 92 8
51 64 4
63 109 6
95 144 2
29 94 3
32 47 10
89 110 8
2 133 10
109 123 4
16 126 3
114 154 3
86 133 2
95 159 1
121 133 7
8 149 8
121 147 8
90 118 10
6 21 5
46 101 5
47 116 10
88 96 5
97 158 3
128 145 2
10 125 7
8 128 8
47 98 3
17 72 3
19 146 5
13 135 5
83 140 8
92 138 1
10 134 7
68 149 7
53 130 2
7 154 7
108 131 9
23 145 7
11 147 8
73 96 8
38 99 1
53 65 6
121 132 10
55 101 7
70 127 5
111 145 1
64 72 9
76 129 3
67 117 6
44 48 2
110 117 9
41 70 8
1 57 6
1 138 8
131 152 2
82 136 4
33 54 6
32 156 10
64 68 9
76 149 1
106 117 1
17 95 6
145 158 5
37 80 6
44 82 1
44 137 3
58 129 3
2 145 8
46 150 3
68 103 8
126 137 6
18 95 8
103 110 3
76 77 8
19 156 8
14 77 3
38 124 8
88 156 4
20 65 6
46 86 2
54 72 2
16 111 9
123 145 1
94 156 6
56 116 1
88 125 10
92 121 5
123 159 6
68 133 1
123 127 8
77 118 8
103 128 7
60 90 10
121 156 2
130 151 1
37 60 2
55 106 1
39 62 10
18 119 7
1 17 5
21 132 9
138 148 8
74 104 10
145 152 4
110 111 8
31 113 8
74 133 5
86 107 10
1 2 2
52 89 4
60 157 10
115 122 10
18 80 8
75 151 8
13 136 5
39 132 1
25 110 9
21 149 8
54 116 8
11 117 10
134 149 3
141 154 10
18 72 10
48 62 4
15 142 1
41 97 9
50 159 9
57 72 1
110 152 10
112 158 7
124 128 8
12 32 10
99 139 9
82 151 9
24 139 10
32 152 6
32 90 5
112 122 3
129 145 9
15 23 3
125 139 5
41 63 8
115 158 5
112 153 10
52 56 7
107 136 9
70 120 8
77 114 2
83 133 7
90 96 10
77 143 2
53 91 7
59 118 9
109 110 10
63 101 4
38 131 2
86 103 1
25 99 3
13 101 8
82 126 8
122 154 3
38 158 1
97 102 8
12 58 6
123 160 5
107 123 8
66 149 4
5 135 3
61 111 1
32 134 3
127 132 4
60 80 4
135 151 6
133 158 5
38 80 8
50 112 1
62 142 1
48 148 1
86 92 10
77 82 10
109 150 2
56 158 2
89 128 7
11 89 5
125 154 4
32 117 2
44 141 5
100 140 4
110 139 8
41 150 5
58 159 5
90 135 3
23 57 2
86 116 9
47 143 10
64 151 10
47 64 5
102 129 6
46 128 2
17 97 9
62 114 8
126 150 6
17 94 4
43 121 4
98 112 3
2 27 6
65 139 8
105 139 6
34 65 6
59 94 4
47 139 3
104 159 3
46 139 3
53 86 4
97 143 2
26 141 4
45 155 5
23 138 3
107 116 10
72 143 7
3 47 3
127 142 9
70 102 10
5 120 7
80 155 8
108 140 9
111 123 4
7 108 1
16 136 1
56 127 4
13 96 1
152 159 5
112 149 1
97 137 7
39 137 2
56 106 3
64 137 3
16 158 9
61 130 8
88 122 5
61 95 9
84 111 4
43 111 3
49 148 2
80 138 7
56 151 6
77 119 2
68 110 5
6 159 8
43 122 2
48 113 6
12 114 3
68 127 1
4 147 10
139 160 5
24 32 6
41 156 5
98 155 4
39 116 4
106 145 7
55 78 6
33 124 10
28 136 2
125 140 3
78 87 5
54 102 7
17 84 10
58 160 10
40 122 7
116 118 6
82 108 5
21 127 2
41 140 8
124 155 10
47 153 9
76 108 7
28 106 8
102 136 9
25 145 7
117 138 8
101 141 9
51 77 9
9 158 5
89 157 4
38 90 4
111 147 6
17 56 7
13 64 4
10 159 1
99 135 6
102 131 10
21 154 7
117 126 5
58 136 8
26 108 4
101 109 9
14 107 1
25 27 6
47 53 2
103 109 7
120 155 7
6 122 7
96 111 2
24 118 3
82 91 10
43 116 6
54 133 2
54 93 2
139 148 9
23 113 9
109 159 6
35 120 10
5 121 2
27 133 5
76 122 1
97 104 9
1 81 10
108 110 7
112 131 10
72 93 6
47 146 7
97 157 10
44 136 9
137 158 9
38 110 8
37 140 9
101 123 10
5 27 2
100 129 6
33 94 10
19 80 10
80 101 3
94 140 10
155 157 4
62 135 2
120 127 10
98 121 2
2 120 2
27 127 7
88 93 6
63 98 10
76 152 4
74 110 10
64 84 1
3 149 9
89 137 1
102 151 7
117 149 4
76 157 6
17 106 7
3 137 2
84 124 1
29 129 8
39 58 7
57 143 3
13 65 3
43 149 3
48 158 3
141 144 2
32 81 4
128 134 5
19 159 2
41 144 1
78 147 7
53 152 2
75 137 1
70 81 6
74 112 10
22 151 6
11 126 10
75 154 5
13 137 4
86 144 6
22 102 8
52 139 6
39 138 6
72 139 1
99 121 7
10 54 10
101 117 7
81 157 7
9 97 10
72 128 8
13 129 4
51 122 8
56 101 7
54 88 6
23 99 4
72 154 1
52 158 1
96 105 2
33 53 1
49 146 4
123 147 4
100 114 9
62 118 1
2 111 1
47 138 7
63 155 4
131 157 6
38 132 7
3 132 1
30 70 4
41 105 7
93 99 9
143 144 8
10 128 7
60 117 5
6 89 4
83 91 9
116 152 7
20 159 3
48 157 8
82 150 7
64 157 5
50 124 3
124 148 8
91 143 10
65 102 8
74 96 7
15 103 7
17 117 3
124 127 3
3 77 2
56 107 7
91 94 5
109 126 1
90 140 4
25 158 2
82 99 6
29 158 3
75 127 7
94 153 10
118 152 2
32 71 5
34 58 4
64 147 9
27 118 4
101 135 3
64 71 2
62 83 9
98 116 9
2 31 7
75 102 8
128 152 3
11 135 5
84 134 5
120 139 1
108 154 2
46 53 2
77 153 4
144 150 4
64 109 8
89 142 9
107 148 1
45 88 9
100 128 7
85 128 7
97 131 7
22 88 5
34 157 8
18 109 1
37 108 8
46 54 9
20 87 6
28 140 2
51 158 6
78 102 8
25 96 10
101 121 3
84 148 1
76 125 3
102 117 5
58 114 4
57 123 9
71 148 4
53 77 9
38 128 6
58 93 2
127 131 6
127 155 3
157 158 3
1 21 6
80 149 7
88 140 6
42 71 5
97 100 10
63 106 2
84 118 3
89 129 4
89 145 2
107 158 6
31 83 1
36 39 6
1 64 6
68 95 9
17 156 5
33 151 6
80 120 1
6 150 10
134 152 5
49 92 1
47 130 5
79 134 5
39 57 9
67 133 2
40 118 4
59 90 5
96 138 1
30 142 8
39 53 1
106 110 4
10 62 5
100 109 6
130 155 4
91 103 9
128 135 3
69 129 6
65 156 8
97 149 5
113 151 6
23 41 6
2 142 9
83 144 5
26 57 6
20 152 4
57 136 6
31 115 8
25 101 8
103 111 9
5 116 9
70 148 9
48 145 1
51 115 8
3 27 5
42 98 1
2 13 6
134 151 5
28 38 2
70 101 5
37 143 4
68 136 8
115 142 6
47 57 10
104 142 1
107 119 3
121 146 8
112 152 6
147 160 3
21 126 2
5 124 5
38 123 10
83 116 2
31 160 9
113 155 6
11 50 2
3 48 10
30 77 8
145 156 1
103 156 1
14 76 9
17 112 2
49 144 4
47 50 10
17 48 3
78 140 6
83 117 4
54 124 2
9 56 3
68 120 3
84 100 1
58 117 8
13 87 4
90 130 4
36 122 5
68 148 3
81 145 3
130 137 3
138 144 5
9 152 5
8 96 5
9 110 5
122 146 2
103 135 3
79 148 3
21 30 4
60 113 7
47 49 3
122 151 5
65 69 4
8 101 10
50 64 4
55 92 7
24 119 8
55 149 6
28 86 10
44 134 8
11 80 4
31 49 6
