272 36
85 37
5 2
53 32
915 32
279 44
357 19
54 7
744 8
70 27
134 8
157 26
96 39
903 38
897 21
351 25
555 11
472 1
446 25
38 41
95 44
965 43
713 22
681 13
172 50
531 30
753 34
217 43
87 26
660 50
359 22
245 19
363 33
211 5
726 6
298 48
378 39
22 17
498 38
970 41
874 36
602 46
373 33
214 39
329 22
444 14
301 43
819 26
748 7
348 30
553 22
305 21
195 40
910 16
505 6
185 26
821 39
105 35
973 20
509 43
82 50
21 16
386 30
123 30
756 22
697 48
331 3
976 5
472 31
261 16
224 27
940 1
847 1
724 44
456 9
708 44
890 37
973 38
984 24
393 40
911 49
754 13
947 46
174 11
729 10
485 49
949 14
318 25
231 20
499 44
195 3
961 33
40 41
965 41
774 4
398 42
685 15
211 31
644 29
543 40
763 45
955 26
129 48
201 30
515 17
486 6
652 5
242 9
368 34
592 39
294 22
70 8
770 32
828 26
435 17
489 30
856 40
563 36
853 27
336 34
246 23
68 38
171 47
777 50
331 10
722 35
20 9
898 30
523 19
247 3
186 20
539 50
610 29
522 13
104 15
888 38
433 13
52 23
305 38
490 16
357 28
869 31
743 40
878 34
994 43
785 17
627 42
291 50
324 46
537 9
548 38
281 37
782 19
454 26
594 21
296 29
813 17
634 31
657 27
801 41
411 38
953 12
928 21
723 43
909 36
523 46
904 4
204 43
347 14
247 35
363 14
805 11
898 12
468 41
116 30
447 47
695 4
562 17
312 7
359 32
716 13
530 10
511 32
461 25
369 18
964 5
555 2
661 13
495 33
106 42
581 9
414 13
938 11
281 34
726 31
667 48
113 45
356 4
178 40
610 44
480 44
951 29
871 3
115 16
266 2
847 29
407 28
21 11
20 8
712 42
203 17
434 33
914 13
965 50
147 3
859 2
859 33
682 1
246 5
97 33
466 46
510 48
471 8
493 14
707 32
297 22
226 32
4 31
715 35
134 7
225 16
176 23
153 8
784 23
694 15
841 47
433 13
865 44
166 3
483 3
798 6
784 3
469 41
835 48
156 24
224 47
740 28
315 16
340 8
431 23
117 43
864 12
714 9
787 23
327 19
491 18
563 37
823 45
395 20
841 23
361 6
723 9
108 27
408 5
435 36
18 40
595 46
520 34
232 43
617 8
466 12
913 36
459 38
1 25 5
25 206 1
46 206 9
25 86 4
25 180 10
1 77 7
47 77 8
82 206 7
77 86 9
1 268 7
180 206 7
77 115 7
165 206 10
178 180 1
77 162 8
25 244 3
180 226 8
86 226 3
1 269 7
226 241 6
1 143 3
99 143 10
6 162 5
172 244 10
98 241 5
39 244 4
91 143 6
3 115 5
227 268 8
167 226 9
6 269 6
25 70 5
115 132 7
41 180 3
86 200 1
13 241 1
