122 927
76 6
73 26
73 19
33 7
78 37
85 21
26 3
83 29
30 3
59 2
62 31
23 2
21 3
81 35
66 30
1 1
45 12
88 41
58 4
99 10
74 4
77 38
18 8
58 11
3 1
92 29
36 13
44 15
24 1
81 29
11 3
60 2
69 10
8 4
80 30
85 23
39 10
26 11
31 5
37 4
13 6
3 1
59 24
3 1
81 31
13 5
85 6
40 2
32 10
48 18
81 24
20 7
72 34
70 23
51 22
3 1
57 25
85 31
37 3
42 16
55 14
65 5
86 11
79 8
58 1
22 6
5 2
10 3
79 6
68 7
85 42
87 10
83 19
48 16
10 2
61 10
99 27
42 15
66 6
14 4
56 16
79 38
82 4
78 33
47 19
90 30
20 6
27 10
6 1
49 16
62 31
48 9
99 18
14 6
14 7
9 1
84 36
60 6
84 32
16 5
58 6
96 47
68 22
87 8
24 3
63 31
87 42
76 20
93 4
24 2
31 8
30 13
53 4
93 7
45 9
55 5
51 22
70 6
9 3
8 2
43 17
7 1
1 41 8
1 76 9
37 41 2
76 105 9
90 105 2
76 102 2
13 102 9
41 61 8
1 23 5
1 102 2
22 105 6
60 105 9
27 41 6
76 110 2
41 84 2
41 103 1
25 103 9
41 58 9
37 105 5
28 105 9
18 103 10
75 105 2
58 71 8
64 110 3
56 76 9
49 102 5
79 102 3
61 91 5
41 110 1
58 84 4
23 46 4
85 102 9
1 91 2
105 107 8
1 80 3
23 97 7
35 76 9
61 74 7
1 8 8
46 122 8
71 73 3
1 94 9
80 111 10
98 102 3
44 97 5
58 90 5
31 102 10
23 50 10
18 50 4
50 70 5
55 102 5
13 90 7
24 90 10
71 74 10
67 110 1
2 84 1
31 50 7
82 107 3
66 94 6
70 97 8
76 83 10
23 58 8
23 91 10
20 61 4
96 105 4
103 106 8
74 90 6
19 70 9
22 84 3
107 120 9
91 95 2
93 106 9
23 51 9
77 95 4
91 109 7
23 80 6
1 31 6
19 61 2
41 92 5
24 61 1
25 122 7
66 102 5
6 95 1
13 73 8
56 111 8
94 97 6
61 88 4
46 47 8
63 90 1
1 60 1
78 111 8
5 73 1
50 115 7
73 94 6
9 46 1
62 105 1
1 79 6
1 50 1
13 115 2
61 122 5
84 101 1
58 119 3
31 99 5
41 93 4
46 73 9
77 94 3
39 74 3
58 94 5
8 81 1
66 122 1
58 112 10
42 58 2
61 103 6
101 118 2
7 95 3
26 102 2
73 103 5
79 94 8
13 79 6
94 115 6
7 110 10
15 112 10
40 101 10
47 93 2
42 110 9
44 91 10
90 92 2
87 119 10
72 79 7
32 91 4
39 71 7
31 111 7
31 98 1
79 84 2
58 79 1
59 103 1
109 118 2
80 81 10
70 122 9
93 115 2
10 120 3
17 91 9
23 104 1
78 106 7
97 119 2
11 46 2
80 112 10
41 119 3
37 73 9
1 25 8
88 90 10
51 114 10
65 111 6
50 73 10
10 58 1
61 111 1
16 98 7
8 107 7
23 107 9
104 105 1
23 122 1
85 119 2
76 112 9
92 95 5
1 36 3
90 91 8
79 92 10
77 106 1
49 58 6
72 103 6
83 97 5
73 118 7
8 99 9
50 116 7
71 93 10
58 99 8
25 97 4
70 109 2
29 91 7
74 85 1
58 97 3
52 107 2
31 67 8
50 81 10
47 66 9
81 103 4
73 80 3
116 121 1
60 109 7
88 91 7
49 60 8
50 66 1
83 98 4
61 73 8
13 83 9
1 122 7
34 118 10
31 105 6
113 114 8
17 84 6
66 99 9
111 119 8
92 103 9
23 112 1
100 104 2
84 100 3
120 121 3
25 45 5
79 115 7
58 95 2
34 122 1
45 70 9
79 112 7
6 46 10
87 120 2
1 66 4
87 103 10
9 31 1
47 95 10
74 105 10
34 67 4
72 100 5
48 85 6
1 70 6
77 91 8
60 89 5
44 122 3
56 107 4
63 110 4
110 114 5
5 98 10
42 92 5
87 109 7
58 113 6
24 89 1
119 122 3
81 106 5
1 55 10
3 113 9
76 94 9
4 8 5
61 108 3
5 55 10
108 118 8
4 61 10
23 95 10
42 50 10
79 83 2
56 92 1
61 119 3
34 46 2
70 104 4
91 104 4
99 104 5
6 118 1
10 66 1
35 102 6
99 109 2
83 103 3
101 117 5
55 65 10
45 73 4
29 102 7
61 93 6
48 73 8
76 113 5
2 83 7
28 36 6
57 103 3
88 98 4
41 47 10
51 86 8
40 66 9
41 120 10
103 109 7
79 105 7
70 105 3
8 114 4
113 122 1
77 115 5
39 89 5
54 95 5
41 52 5
20 109 10
36 103 5
79 107 10
25 40 8
71 97 4
16 86 8
53 99 9
13 61 5
42 80 9
63 112 4
73 97 5
1 19 4
45 75 9
37 79 4
60 62 8
19 91 3
93 101 2
62 81 8
103 107 7
63 102 8
46 65 10
32 76 4
64 111 9
36 74 8
15 115 9
62 115 5
29 47 7
2 65 9
32 85 4
65 103 3
73 95 1
42 114 10
51 90 1
70 102 3
57 114 3
19 33 8
5 94 9
28 119 9
47 110 4
101 120 2
9 74 5
15 47 3
22 62 6
50 72 9
74 114 7
25 42 6
39 66 3
45 120 8
56 120 10
73 75 4
15 98 7
23 61 1
27 90 8
109 111 10
58 122 5
38 61 3
17 65 1
74 110 10
75 91 7
44 76 6
10 111 8
8 82 2
56 66 5
18 42 7
17 90 3
65 79 8
8 45 2
5 111 5
50 85 1
44 73 9
83 108 3
50 105 1
5 93 4
5 62 10
6 121 1
96 110 3
14 76 6
65 120 10
14 25 2
76 119 6
8 74 1
14 71 5
38 115 7
1 29 2
104 107 4
67 111 1
90 99 2
34 75 4
88 118 10
81 86 9
97 103 4
36 107 4
55 72 7
84 98 3
1 74 6
35 90 2
32 46 4
55 112 10
32 93 5
20 33 8
19 110 10
63 114 2
25 38 3
37 47 4
88 121 8
58 106 4
51 62 1
33 110 10
6 70 3
11 60 6
65 82 5
51 103 8
50 94 8
9 19 3
31 115 2
16 89 4
33 67 8
51 110 6
36 47 9
92 121 9
91 100 2
104 115 9
76 103 6
33 112 8
68 88 9
34 121 1
109 117 1
19 120 10
41 76 3
94 98 7
16 25 3
19 107 9
104 113 9
82 106 2
20 91 1
19 116 1
41 100 3
101 121 4
24 104 8
70 89 10
108 117 2
31 108 2
35 121 9
1 65 8
86 110 6
83 104 3
86 102 7
10 71 5
14 83 8
23 38 2
42 98 3
29 81 1
66 93 3
71 110 9
29 50 1
29 121 8
33 36 2
41 67 7
11 88 5
88 93 9
11 62 2
44 80 10
46 110 2
18 106 1
46 96 6
59 96 9
46 101 1
43 52 4
1 100 10
62 88 6
70 98 10
58 115 3
86 89 9
2 89 10
28 75 6
52 118 3
8 59 9
19 34 6
97 112 7
26 94 1
61 118 6
93 110 4
33 50 4
42 83 5
7 58 6
100 118 2
31 116 2
40 114 1
88 109 3
103 104 5
30 94 3
54 61 9
76 82 2
78 107 7
1 44 2
33 47 9
16 95 9
52 59 5
50 114 10
11 96 1
33 105 2
34 49 5
66 116 7
24 98 1
55 63 7
85 104 5
69 99 10
34 76 4
38 95 2
93 103 10
61 62 5
17 119 10
49 98 6
83 112 3
52 105 8
14 75 7
64 119 10
23 116 1
70 90 10
106 111 4
78 98 1
32 84 4
33 87 3
70 117 7
48 71 9
15 111 2
75 109 7
12 67 9
54 81 4
82 98 2
26 104 6
8 108 7
84 102 4
49 92 6
73 74 10
29 48 3
51 91 2
78 93 9
71 80 5
73 79 9
29 101 4
96 115 8
19 37 1
4 110 3
41 72 1
14 104 4
36 120 4
14 38 4
22 67 9
13 122 9
50 83 6
40 52 3
57 73 9
86 118 9
67 99 5
102 103 5
6 29 1
91 117 2
71 101 9
25 85 9
23 92 1
70 73 5
16 112 7
41 65 3
47 89 2
12 65 7
9 80 10
67 74 1
42 48 8
52 108 6
94 105 4
96 109 6
99 102 9
51 102 2
38 47 4
49 90 3
23 41 4
12 94 7
46 49 4
25 66 10
19 62 7
32 59 5
85 117 9
70 75 2
4 58 6
21 62 2
3 59 4
76 99 4
4 38 1
82 117 6
49 120 10
109 121 6
53 70 2
74 97 4
68 119 1
107 118 4
59 116 2
59 66 10
27 34 2
40 46 4
54 87 8
45 60 5
31 59 10
81 94 9
2 105 2
101 115 10
89 106 7
51 111 8
48 107 9
36 76 10
8 112 3
53 91 7
19 113 5
86 112 1
23 52 8
31 92 10
42 46 6
113 117 6
115 118 4
104 111 6
55 105 4
58 92 8
1 3 4
66 120 10
3 79 4
10 86 3
116 122 10
100 121 5
51 52 9
8 25 4
3 32 4
31 73 5
49 91 10
1 83 9
44 111 2
35 48 2
25 27 2
24 33 3
27 117 10
27 61 9
34 108 3
40 113 8
47 103 6
47 51 8
8 39 10
7 120 8
71 89 2
37 54 9
26 110 8
41 116 8
49 117 10
48 86 7
17 76 5
73 85 2
23 81 6
29 85 10
59 84 4
83 115 8
48 57 8
42 90 9
19 99 1
21 81 8
47 96 4
95 114 8
57 109 2
83 94 3
51 68 10
99 101 1
28 96 7
25 115 3
55 78 4
61 63 8
16 119 5
87 105 2
72 98 2
66 83 9
112 120 6
24 57 10
45 110 8
16 109 3
45 114 2
102 110 3
41 88 7
8 119 2
20 87 4
54 97 9
33 114 1
38 58 1
54 65 2
54 74 5
68 100 9
75 79 3
25 41 6
29 72 10
104 119 5
85 121 1
90 120 6
3 115 5
27 51 10
62 76 8
5 110 3
51 107 6
19 29 4
42 95 5
75 87 5
46 58 10
59 111 10
22 33 1
76 95 3
54 108 6
28 115 1
79 82 4
95 102 2
30 33 2
63 122 3
25 92 8
31 62 8
46 54 4
43 55 9
23 93 6
109 110 5
48 103 8
62 109 5
74 117 10
44 118 7
94 113 2
49 103 10
41 85 9
61 65 3
29 56 5
66 118 9
6 104 10
29 59 6
15 37 4
62 111 3
18 54 10
84 96 4
3 56 9
47 115 7
40 54 5
87 106 8
25 83 7
7 33 9
56 100 9
25 51 2
61 64 8
33 76 8
6 83 3
107 115 9
8 83 4
45 59 6
78 119 5
62 100 8
87 92 5
43 96 2
36 111 9
85 108 7
29 62 1
21 91 1
99 116 6
34 45 8
33 95 7
34 90 4
13 52 10
6 55 6
19 86 9
50 111 3
22 96 2
23 99 2
19 32 7
110 119 1
23 83 8
59 64 8
25 84 4
72 94 3
69 90 6
82 114 7
29 105 1
55 75 1
26 59 10
57 107 8
39 113 9
40 77 5
8 52 10
105 108 10
40 42 7
1 71 10
21 96 8
23 60 4
46 75 4
12 113 7
41 115 5
13 89 5
80 87 5
65 84 4
89 95 4
44 61 10
35 79 3
56 104 5
97 114 4
65 106 9
75 120 6
31 63 1
29 68 10
42 113 10
30 96 1
42 96 3
11 115 1
39 91 5
47 60 5
5 19 1
52 96 8
101 116 10
38 41 1
27 88 7
39 106 1
107 114 5
83 110 9
46 86 6
3 41 8
83 96 9
91 94 2
31 75 6
77 107 8
73 86 3
8 98 2
56 84 9
66 86 1
60 70 9
25 110 8
20 27 3
94 116 9
52 98 4
48 94 5
45 49 9
18 108 6
47 56 2
79 88 8
4 79 1
30 59 5
42 56 4
42 105 4
6 8 1
64 118 10
31 65 5
93 105 10
49 76 10
20 68 6
49 64 10
5 66 2
26 51 2
52 91 6
11 38 9
26 62 5
53 102 9
60 65 5
68 104 4
79 113 10
79 103 6
40 122 7
92 102 3
54 67 9
68 70 3
4 93 5
27 94 1
54 109 1
27 36 5
20 96 6
20 48 8
35 40 8
58 98 1
16 117 2
33 69 9
50 100 8
32 33 7
113 119 9
7 47 6
2 48 1
56 71 9
39 109 7
33 111 3
55 88 7
52 94 1
17 82 2
61 71 6
20 100 8
23 96 6
3 62 6
8 97 10
3 19 10
105 109 4
65 72 8
41 54 1
57 77 5
68 113 4
61 117 10
9 62 1
26 33 5
76 118 10
26 68 7
27 97 5
21 40 3
47 116 2
63 117 7
8 91 10
36 104 4
76 96 6
4 52 7
14 27 8
88 103 3
78 82 8
60 116 10
57 75 1
55 110 4
87 117 3
46 114 10
26 84 6
57 113 7
62 74 7
25 107 1
23 108 3
75 118 5
49 87 5
3 66 1
73 112 2
82 97 7
41 122 5
86 108 3
25 72 9
103 111 10
5 83 7
42 94 7
8 55 7
64 92 2
71 98 9
60 104 10
52 119 5
38 44 7
44 98 9
39 76 7
78 105 1
32 39 1
82 83 7
47 92 5
