986 1000
244 1
895 7
753 1
898 42
632 38
546 9
786 2
944 18
796 16
567 5
146 32
678 8
2 26
854 11
453 43
393 28
997 16
168 11
592 47
13 40
363 29
816 29
562 13
472 24
217 48
571 31
142 14
443 48
90 7
948 33
442 13
82 39
900 27
347 39
869 17
846 1
911 30
867 34
129 49
951 50
933 20
476 9
834 37
39 12
257 5
312 4
862 25
414 44
232 46
249 3
992 29
636 39
634 33
35 42
777 21
354 43
724 5
206 7
593 35
738 6
644 15
943 40
799 32
726 13
325 39
179 8
628 8
36 12
950 14
875 36
458 11
895 21
518 26
555 24
412 43
596 34
471 47
981 10
376 37
202 49
702 41
47 13
634 17
295 45
715 11
550 15
466 18
890 47
576 14
86 49
525 9
483 36
587 31
177 35
926 18
260 31
349 4
508 26
294 35
388 48
953 23
135 19
479 44
246 44
519 11
976 9
876 36
624 18
562 10
340 23
779 46
560 38
433 11
826 48
465 3
584 27
83 41
555 27
843 31
332 32
860 13
863 10
394 22
424 2
211 12
449 6
918 25
118 27
889 3
781 44
719 45
710 19
467 44
418 17
514 29
537 13
460 50
650 34
268 5
499 17
23 15
643 42
632 15
402 50
828 41
873 34
555 19
617 28
337 40
255 7
834 40
251 19
582 25
71 1
381 39
870 21
981 42
836 17
65 12
992 28
526 48
568 44
459 24
569 41
251 31
207 42
440 43
31 10
514 43
974 2
86 1
124 1
302 38
424 43
303 23
605 50
760 32
789 38
340 1
776 16
461 32
376 7
528 36
494 45
543 26
124 27
228 20
902 16
380 21
222 1
71 26
175 3
634 24
351 38
210 26
223 2
400 16
778 33
584 12
391 19
755 17
401 21
957 14
787 10
304 44
197 34
742 19
17 47
204 45
902 37
525 23
505 3
897 50
378 34
153 38
979 40
516 22
502 22
714 34
663 13
42 42
372 37
902 9
921 16
417 45
591 5
885 10
262 43
902 46
350 25
424 38
392 13
746 12
375 28
631 15
369 23
494 28
166 3
721 12
990 36
750 1
192 15
982 43
872 34
184 43
533 48
237 28
812 1
74 23
309 30
20 1
385 30
925 2
652 17
72 45
499 33
682 19
598 20
466 25
213 25
261 38
992 9
247 26
321 19
815 20
738 33
999 31
220 29
406 47
869 26
870 24
944 18
219 3
751 28
60 30
199 20
427 47
719 38
417 48
627 33
470 2
507 36
360 39
791 15
427 24
571 36
577 1
44 18
961 9
622 46
58 41
307 25
423 26
749 34
3 46
441 30
485 49
670 40
923 20
951 40
527 5
190 11
431 3
985 36
730 44
430 16
675 31
984 46
819 50
149 48
218 25
260 38
17 41
874 27
384 16
688 49
631 4
429 48
633 22
723 48
846 31
121 30
410 14
604 36
175 44
419 20
318 49
222 6
183 3
123 14
359 32
767 3
868 5
283 27
466 38
838 8
653 50
888 42
988 38
191 46
841 6
446 40
244 39
616 30
301 15
569 50
826 33
389 3
580 47
635 18
539 12
173 9
507 44
692 16
578 14
340 15
537 25
98 3
702 47
41 7
857 43
849 41
816 45
293 14
407 45
295 5
85 41
946 28
362 45
961 34
906 12
877 12
374 2
148 15
797 42
978 14
841 23
411 45
533 35
558 10
625 2
599 10
166 5
749 5
144 42
251 19
296 27
306 28
211 49
32 10
401 2
878 31
363 16
160 41
808 44
840 4
292 18
359 30
99 9
181 10
744 12
207 50
402 45
649 44
306 12
639 5
606 48
577 47
534 34
686 34
587 50
638 11
766 12
527 26
286 15
918 6
408 41
856 33
528 6
714 13
347 22
542 31
407 17
195 29
496 49
640 28
557 18
121 18
959 47
64 10
392 25
308 11
823 2
1000 16
24 48
963 10
309 29
184 26
360 48
258 17
550 9
753 35
892 44
856 3
19 29
237 10
266 28
858 37
556 32
80 46
742 10
394 42
689 4
427 13
837 34
292 2
229 14
487 50
684 40
610 42
418 35
892 36
800 12
609 49
924 39
3 26
473 35
326 24
613 38
658 13
125 25
838 46
813 39
512 45
375 26
717 17
593 10
928 21
338 35
48 2
133 29
802 42
724 45
276 49
720 34
897 8
724 47
334 18
129 34
17 37
656 16
349 43
155 19
4 16
540 4
471 21
420 49
818 1
893 42
782 23
779 1
124 31
46 19
269 20
961 30
334 42
332 10
808 9
403 4
538 49
651 10
151 48
387 37
437 40
919 4
204 28
53 1
104 24
252 30
5 3
324 26
832 18
499 25
89 3
370 47
465 18
130 23
833 18
33 21
261 16
623 44
913 7
440 12
704 48
946 45
689 19
365 21
108 29
251 42
334 5
564 15
479 12
278 21
345 19
278 35
237 11
424 24
319 28
500 40
186 6
75 36
678 25
780 34
141 30
744 33
976 38
608 32
302 48
115 42
858 50
682 39
98 12
920 24
470 22
902 24
808 9
624 33
330 45
344 18
771 45
181 37
528 11
265 32
70 49
176 7
304 44
305 40
679 26
895 24
813 42
597 12
59 49
687 34
171 20
634 4
168 35
564 30
569 47
800 33
150 50
508 37
401 27
667 1
543 14
743 45
376 38
52 13
203 31
564 23
122 50
226 47
742 47
506 1
698 34
602 27
13 3
598 26
314 30
756 6
505 28
47 14
204 2
322 1
45 19
390 1
860 12
375 20
51 6
650 42
56 33
613 47
866 15
227 35
736 33
974 19
933 7
660 45
269 49
438 19
222 35
307 15
213 46
817 41
867 15
43 31
328 11
173 35
242 42
834 2
520 48
188 24
244 36
849 31
998 19
205 33
297 3
565 35
559 27
411 36
432 23
202 39
323 7
810 24
851 12
404 11
365 17
202 1
840 44
239 21
604 44
329 15
507 20
727 3
480 42
28 12
933 12
405 31
741 40
745 6
580 33
465 43
529 38
644 11
767 5
602 9
765 19
71 3
530 3
536 16
73 33
282 25
304 5
912 16
74 10
931 14
429 14
389 42
844 1
815 43
528 7
492 2
656 7
426 21
825 35
661 13
247 13
343 25
528 17
317 8
585 26
947 39
584 23
97 31
504 21
795 14
576 45
522 46
319 2
783 30
735 34
907 18
488 25
220 19
298 32
230 10
831 6
257 42
905 37
297 8
495 20
853 33
170 7
87 10
551 45
434 25
813 40
695 13
432 38
338 46
58 33
624 17
162 15
654 5
581 24
466 29
221 5
863 41
526 8
679 43
642 28
48 5
551 20
450 18
775 26
888 24
388 44
193 16
686 50
820 8
533 26
777 6
896 12
331 30
507 7
604 30
524 25
228 7
913 49
422 2
713 40
946 41
252 16
507 7
472 2
572 23
854 18
153 31
131 25
957 24
513 23
853 43
297 50
226 32
765 24
344 14
495 3
616 26
969 5
7 11
991 36
284 42
692 33
402 11
625 15
811 46
243 42
290 19
226 12
296 2
552 47
589 19
706 4
743 17
369 11
216 44
130 1
276 24
634 5
141 31
141 11
373 46
745 15
668 23
581 17
709 21
667 30
470 5
4 37
696 14
781 38
106 41
665 6
96 16
613 44
862 24
817 35
228 14
105 40
154 29
908 1
901 44
551 7
265 30
577 21
491 40
188 48
208 31
35 40
871 24
266 5
612 37
835 15
864 32
60 29
585 31
892 9
965 17
394 16
168 9
618 46
154 32
590 42
700 33
269 44
592 40
923 35
85 46
727 5
825 11
603 48
222 12
790 23
598 5
743 11
582 40
810 43
572 39
591 32
406 18
877 19
132 21
771 43
572 39
386 32
623 27
235 27
75 44
845 3
654 46
44 20
53 17
829 4
602 48
917 1
576 47
670 1
166 23
769 39
27 16
549 42
629 43
93 41
373 5
100 15
205 9
267 45
972 3
993 2
600 2
159 35
837 10
493 7
785 22
248 31
411 36
603 38
113 1
934 6
151 20
271 41
467 13
303 9
958 25
901 49
568 26
260 40
979 41
198 24
664 44
828 39
194 4
112 47
483 10
60 22
390 26
581 26
594 39
710 6
260 20
325 15
572 26
820 3
916 8
403 46
93 8
917 19
369 46
409 45
681 32
851 33
622 44
125 45
44 24
987 30
459 19
448 18
489 1
446 6
342 42
888 31
763 37
816 5
845 15
364 43
24 5
214 12
360 28
57 48
897 22
512 8
815 36
579 7
546 50
534 49
336 7
700 8
356 3
196 9
323 45
464 14
75 5
732 38
214 45
864 14
222 49
841 23
71 29
84 18
248 25
803 37
362 44
820 44
886 16
908 16
214 17
968 38
863 50
270 44
900 4
507 1
635 15
783 38
684 7
177 34
598 41
860 41
1 668 1
1 531 6
244 668 1
1 553 7
500 668 4
668 964 3
1 298 8
298 408 8
25 668 3
211 668 5
663 964 5
258 298 5
382 408 2
85 553 5
58 531 2
605 668 2
194 298 9
173 298 7
408 908 2
531 858 8
1 705 1
303 858 7
214 298 8
291 298 7
553 619 4
190 705 3
668 984 4
472 553 3
858 879 1
110 619 5
446 668 4
414 619 5
298 413 2
413 632 6
3 408 9
204 531 4
509 531 5
373 879 10
672 984 3
413 844 3
395 668 8
531 708 9
549 632 8
334 879 2
273 531 7
235 858 7
531 943 1
280 984 4
416 844 2
394 632 7
413 790 9
404 984 10
531 849 7
469 708 5
408 626 3
149 908 7
539 632 10
436 626 9
858 864 6
632 955 1
402 531 2
322 408 6
1 589 2
79 984 9
482 626 1
10 668 5
238 844 8
90 408 3
558 858 10
235 589 3
618 964 1
62 943 10
259 619 6
156 553 9
1 587 10
210 708 9
410 531 5
1 287 10
1 808 1
535 708 2
531 668 7
211 531 10
139 808 1
683 858 3
153 790 9
72 849 1
844 879 6
429 553 6
553 873 9
408 892 8
566 858 6
295 668 3
151 844 8
708 795 8
298 795 8
829 908 8
608 858 9
736 908 5
1 867 8
867 930 9
119 955 1
422 867 8
216 632 3
705 966 1
299 668 9
892 930 9
531 537 1
595 844 10
832 858 4
867 884 7
439 879 5
553 867 7
209 287 9
894 908 6
287 487 4
408 808 3
831 966 10
117 531 8
397 632 8
498 531 4
413 971 7
170 884 1
632 936 1
587 704 10
647 955 1
272 632 2
542 705 2
618 892 8
679 964 4
85 879 10
524 964 5
1 854 2
854 951 2
921 951 7
203 964 1
662 867 5
530 966 1
790 979 1
359 589 1
754 979 8
614 858 8
372 879 9
1 523 9
884 936 6
322 708 9
348 908 8
849 921 4
84 523 3
613 964 3
513 879 7
140 808 8
1 483 2
614 930 6
838 955 5
287 543 2
248 984 7
708 715 5
261 708 4
156 523 1
264 487 10
763 979 6
298 965 1
295 951 8
71 964 6
289 808 2
619 909 9
637 966 9
534 971 4
473 930 8
819 849 9
77 487 7
311 909 7
381 413 6
231 984 10
704 968 4
531 801 10
115 795 6
771 864 8
440 632 2
635 979 3
886 943 2
268 943 9
589 971 7
867 964 8
383 704 10
179 867 7
55 864 3
108 704 9
370 715 10
693 968 9
704 844 8
91 867 9
260 589 1
298 656 8
205 801 7
287 575 2
785 849 8
660 808 1
182 632 9
1 537 5
2 858 1
434 936 10
287 624 8
544 908 3
83 930 4
348 808 8
160 892 8
808 854 7
352 523 5
614 668 7
185 619 1
632 966 9
523 842 8
243 879 6
385 523 2
86 298 8
287 734 1
790 846 8
704 775 8
228 775 7
668 743 9
474 632 7
335 408 2
234 965 10
549 873 5
551 846 3
567 955 5
695 808 8
1 83 1
136 626 2
842 906 6
265 487 8
487 609 7
18 808 3
28 844 2
867 946 10
287 406 9
839 946 10
552 906 9
39 943 9
673 808 9
360 406 1
474 575 3
1 379 9
46 864 9
484 936 5
624 785 9
704 746 3
406 984 7
130 553 1
235 801 10
152 413 8
765 921 3
70 873 6
358 951 3
715 811 7
918 968 7
258 626 5
712 790 8
431 743 9
348 984 6
468 854 3
433 979 7
266 790 8
934 943 8
632 839 1
626 843 2
879 941 5
798 906 4
24 811 10
580 979 2
553 689 5
496 811 1
804 984 2
29 936 7
597 632 3
587 691 10
921 947 3
189 715 4
833 946 8
884 916 1
93 795 10
708 761 3
811 824 9
99 743 3
556 979 3
693 971 10
668 679 7
801 840 5
27 916 8
26 909 9
379 679 5
260 864 2
792 892 3
95 575 4
763 844 8
236 624 4
532 715 9
76 943 3
142 908 8
228 979 1
21 589 5
379 764 2
319 691 7
384 704 4
408 507 2
41 867 5
245 858 8
487 834 9
627 946 6
715 864 1
355 689 10
425 619 4
1 112 1
715 952 7
795 968 1
691 849 4
300 843 1
713 834 8
777 936 3
96 379 1
537 558 8
830 849 4
553 715 4
142 867 6
648 689 7
290 691 10
312 840 1
101 801 3
327 873 4
609 616 10
83 918 8
655 824 7
249 704 8
726 947 3
697 761 9
97 523 5
403 507 2
218 840 3
454 921 10
867 880 6
601 951 2
133 553 9
823 984 1
487 958 6
287 400 10
447 964 9
143 952 9
730 795 4
499 775 7
506 858 3
519 587 5
483 697 1
589 968 10
407 746 1
223 824 1
823 842 8
873 882 4
778 873 7
546 775 8
83 684 10
144 589 10
281 947 4
337 406 1
672 943 2
224 946 2
553 878 8
708 796 1
172 842 9
298 625 5
237 858 4
369 400 1
612 854 6
231 408 10
60 543 5
124 968 1
26 558 8
211 946 4
808 933 10
336 811 1
553 849 10
656 836 3
117 933 2
134 785 10
762 979 7
609 891 1
824 850 2
362 964 3
379 395 6
319 406 1
45 864 2
592 616 6
854 936 9
326 873 10
836 901 8
632 905 4
27 507 9
599 921 1
288 705 9
554 958 7
507 669 7
428 936 4
566 892 7
243 531 3
265 850 7
834 906 1
83 865 2
401 764 1
76 958 9
101 946 2
755 858 8
628 668 4
304 679 10
1 883 4
173 287 2
587 777 7
454 483 7
199 864 7
224 892 10
428 795 1
689 895 7
40 801 7
696 801 1
379 979 10
134 844 2
422 609 10
628 849 6
291 846 6
882 932 10
489 932 4
654 795 8
350 958 6
405 483 2
705 928 8
748 930 1
417 921 3
850 973 2
527 587 10
880 906 8
1 211 10
176 918 8
23 487 5
376 715 8
736 921 3
254 669 7
408 594 7
251 746 6
533 691 2
324 979 5
285 905 6
905 940 4
81 609 10
56 968 3
1 222 5
616 901 6
822 930 8
836 905 5
928 951 6
697 729 3
83 157 3
673 796 3
764 943 4
765 843 8
743 793 4
734 919 1
838 864 1
595 933 10
878 938 3
282 921 2
400 735 3
543 580 2
512 715 1
67 919 2
5 656 4
459 909 6
464 761 9
112 609 4
256 824 5
318 594 8
796 946 8
250 400 8
555 940 7
82 743 5
29 918 6
271 824 4
485 849 2
805 916 4
933 935 8
619 825 7
746 840 6
247 891 10
162 580 1
708 710 8
1 444 9
155 413 8
83 811 9
534 940 8
115 487 1
427 616 8
254 656 4
469 834 3
101 905 3
42 946 9
29 895 7
159 625 4
241 951 8
10 935 8
839 861 2
505 906 2
28 840 5
380 558 3
928 952 6
133 935 7
495 735 5
780 908 1
757 916 8
825 844 2
157 435 10
279 878 5
619 890 4
4 968 4
33 157 3
432 964 2
153 705 7
160 777 10
94 854 5
262 958 7
178 435 4
367 919 1
531 727 3
22 790 9
328 979 6
79 777 5
468 892 4
308 379 8
240 873 2
546 715 4
567 594 10
157 436 1
273 964 1
69 947 8
408 955 7
860 878 5
330 801 6
211 821 8
67 964 6
824 872 8
423 908 9
359 966 5
279 892 10
576 971 5
189 964 5
575 955 4
611 964 5
761 978 5
541 824 10
208 580 2
179 684 6
496 906 7
544 940 6
633 858 1
384 879 10
622 834 8
883 972 10
180 973 10
38 971 7
686 918 10
442 668 7
689 732 3
211 890 7
821 959 1
539 624 2
298 606 5
138 843 8
930 966 9
606 874 6
95 811 5
16 858 5
41 697 9
734 839 8
340 973 2
444 701 7
709 746 3
197 444 1
128 408 6
216 408 3
725 930 2
36 825 8
501 928 3
705 950 10
813 964 1
515 626 5
352 764 7
435 656 8
472 850 6
146 905 4
928 940 2
421 921 5
16 972 9
149 854 7
534 669 7
465 705 2
507 716 7
684 942 8
28 938 9
625 815 3
566 729 8
752 764 4
882 883 6
339 824 10
62 211 7
882 890 7
800 947 10
535 795 5
843 945 5
100 844 10
624 878 10
411 854 8
306 821 5
400 852 3
483 807 4
691 824 6
231 918 8
222 582 8
398 400 2
20 958 5
363 580 3
611 940 4
664 895 5
422 909 9
395 626 1
460 616 7
133 211 10
727 865 5
7 727 3
509 668 9
483 525 3
506 928 5
517 735 7
146 689 5
587 945 2
344 821 5
843 858 2
209 796 9
29 785 3
1 374 1
156 932 8
641 704 7
447 942 1
487 780 3
73 606 2
434 537 7
395 458 1
274 735 7
725 928 5
6 575 5
287 640 8
270 704 3
531 616 10
393 883 3
710 754 2
261 729 4
864 971 5
14 400 10
38 919 7
357 935 5
645 684 6
84 543 5
587 714 3
527 901 5
30 606 5
284 972 7
386 979 4
290 815 10
124 669 7
695 846 6
557 815 3
483 768 9
341 743 1
387 395 10
818 873 10
125 619 9
470 780 8
609 903 9
551 793 4
627 846 3
592 930 2
27 537 9
70 768 1
292 656 1
500 836 5
397 708 6
582 642 6
795 908 8
813 916 3
278 942 4
543 669 5
174 978 5
157 357 3
363 966 9
76 523 1
273 928 4
222 457 6
729 783 8
725 878 6
476 708 4
594 794 10
825 862 8
864 936 6
624 891 4
595 834 5
379 700 6
193 807 10
482 890 8
457 798 2
441 945 8
395 846 4
275 882 4
440 943 3
411 947 5
674 679 3
698 950 9
312 815 4
705 830 10
225 796 7
72 374 2
969 971 3
716 844 4
31 537 3
881 932 6
241 906 4
575 870 6
237 825 6
112 909 5
684 834 6
289 852 5
873 938 4
823 971 4
419 656 4
5 950 4
919 921 8
159 895 8
747 798 7
413 916 4
536 729 8
516 972 1
572 936 6
531 558 6
710 911 3
716 840 9
400 632 10
323 945 6
850 941 2
530 844 2
378 794 9
111 609 6
704 933 7
734 819 3
279 594 5
355 964 5
764 952 7
874 961 10
26 916 6
657 819 2
694 895 2
521 933 2
606 906 4
323 553 3
65 830 8
399 801 7
852 892 6
256 906 9
8 625 8
91 507 8
142 640 1
346 821 1
351 624 9
279 798 5
456 941 10
322 879 6
603 684 3
477 940 6
433 916 8
521 821 2
705 910 4
589 930 6
496 523 4
544 854 10
687 798 7
227 783 10
808 973 4
167 941 5
118 700 5
215 594 2
383 444 5
783 785 9
797 910 2
406 778 3
112 266 1
895 952 4
718 864 7
131 965 3
115 942 7
589 666 2
268 287 9
568 830 4
72 589 5
612 882 10
58 780 6
349 679 6
523 611 2
456 940 5
382 971 7
443 884 1
679 895 2
233 839 5
793 849 7
209 880 8
503 575 8
187 594 2
531 909 4
20 795 1
697 973 4
553 880 6
1 430 4
41 768 1
583 950 6
82 854 7
278 811 3
537 836 2
365 973 3
689 717 2
853 961 4
191 413 7
727 930 8
801 966 2
924 959 1
33 715 3
517 587 9
28 507 10
290 861 3
714 951 9
192 668 4
714 962 2
244 928 10
842 913 7
413 839 6
177 978 8
324 911 7
1 543 3
670 846 6
347 444 6
9 864 6
80 892 8
238 287 4
34 768 7
298 947 7
734 965 2
699 815 2
756 861 5
195 964 1
1 525 7
707 908 2
325 400 7
357 705 4
664 821 8
58 408 1
231 400 1
107 543 7
537 565 1
358 606 3
13 867 6
546 947 6
60 968 9
7 743 4
438 919 6
141 710 10
373 892 1
483 920 4
267 950 6
783 968 9
253 946 6
706 850 1
883 908 5
220 729 1
257 943 7
929 971 2
106 955 2
384 844 8
483 519 4
841 921 9
626 938 7
509 942 2
565 749 9
614 775 2
256 777 6
417 743 4
714 793 7
764 797 10
642 668 8
40 935 8
871 950 2
625 717 5
708 945 10
815 984 2
736 795 7
781 824 3
724 950 6
562 867 3
5 880 10
330 594 8
107 864 4
738 854 10
17 840 2
266 884 1
311 819 3
958 985 8
632 700 9
448 920 4
870 872 7
162 951 6
185 701 9
743 962 6
473 729 5
860 955 3
325 457 7
262 916 5
666 717 3
430 594 5
830 836 5
333 968 3
610 619 8
374 507 3
457 471 1
400 571 4
255 858 6
366 916 10
374 900 1
585 906 1
653 743 10
704 951 1
336 808 9
487 655 4
318 935 9
735 966 9
320 749 10
262 808 4
796 951 4
613 700 6
320 435 8
66 266 10
477 796 10
112 293 7
709 785 10
337 716 6
529 778 3
679 950 5
656 706 3
754 973 6
392 819 8
264 565 4
294 606 1
440 611 10
409 825 7
430 733 9
83 158 10
825 952 5
83 840 1
483 916 1
298 669 2
666 727 1
280 830 10
641 940 6
859 978 7
83 287 2
938 976 5
523 979 10
174 587 4
523 701 3
862 872 9
449 807 7
565 976 4
157 465 10
196 928 1
33 979 5
793 888 8
189 872 4
528 558 5
262 903 8
173 946 1
197 708 8
97 901 8
673 819 8
208 624 6
109 793 10
805 839 1
106 632 5
253 775 1
737 882 9
106 911 6
