61 338
94 9
23 3
70 35
81 3
61 3
65 32
37 6
68 32
25 12
44 11
19 2
10 5
95 40
3 1
31 9
92 32
56 21
40 17
99 19
75 13
8 1
32 13
50 4
31 13
71 5
69 29
68 20
69 11
63 7
13 2
6 1
1 1
36 5
13 6
86 19
8 1
4 1
47 20
8 2
87 30
41 9
35 17
85 34
30 5
65 6
8 1
77 8
18 5
97 30
7 2
34 14
94 11
32 15
69 7
62 4
41 2
9 3
30 14
24 3
27 10
14 2
1 23 10
1 24 6
1 42 1
19 23 10
23 60 5
37 60 1
24 45 7
32 42 2
18 24 6
1 18 6
24 39 5
42 59 3
23 34 7
34 51 1
24 59 8
6 60 1
1 44 3
1 38 6
4 60 7
9 24 4
16 34 3
32 59 2
17 34 6
18 50 5
50 60 4
15 24 7
44 52 9
45 57 7
42 44 4
1 22 8
1 16 7
18 22 10
38 59 7
18 58 10
22 59 7
16 53 10
33 57 9
38 55 5
1 29 8
50 51 8
7 52 4
16 23 4
1 39 4
34 58 7
28 53 10
23 44 8
16 29 4
1 14 7
18 54 8
27 60 7
23 59 7
7 34 1
29 60 4
24 53 1
10 44 8
45 52 6
45 56 5
20 45 8
56 61 1
15 50 10
9 59 6
52 60 7
3 51 3
7 45 9
45 51 3
21 45 5
16 57 2
23 47 8
22 30 4
42 43 9
32 38 5
34 56 9
53 55 4
1 51 2
46 55 10
5 45 8
22 42 2
18 56 7
2 29 3
39 43 6
4 47 6
38 54 9
30 60 6
3 61 10
2 43 5
1 5 8
14 51 6
41 50 3
14 54 9
45 60 3
30 59 1
14 23 2
5 14 6
5 54 9
11 44 4
39 53 10
38 44 1
3 16 5
16 27 9
8 14 7
29 58 3
25 38 7
55 61 1
15 54 7
24 51 5
45 58 5
55 58 7
15 44 8
55 57 2
15 22 6
22 52 5
22 34 2
45 50 4
45 47 7
24 36 1
1 50 5
22 27 7
4 18 6
16 50 5
3 34 8
4 52 7
2 34 10
30 57 7
5 10 5
16 47 4
14 61 10
18 34 8
12 52 2
24 48 6
23 49 5
47 59 10
44 48 5
6 30 3
34 40 5
2 47 2
14 52 6
10 47 2
33 54 8
9 27 1
40 55 2
38 51 9
7 50 4
11 58 2
19 49 1
16 36 10
43 59 1
31 48 8
35 54 8
28 48 4
58 59 6
29 34 3
44 54 8
34 37 6
48 55 3
28 40 8
34 52 7
7 54 6
23 30 7
1 45 1
3 60 4
37 45 1
17 59 4
1 36 4
36 50 7
39 54 4
19 45 3
15 43 9
20 38 10
39 42 4
22 36 9
23 29 8
14 29 3
29 41 1
47 58 6
10 53 8
33 44 10
22 45 6
10 45 9
5 29 8
36 60 4
40 44 10
21 30 3
10 40 8
37 39 5
48 49 1
28 52 4
23 55 6
37 52 5
1 53 8
51 58 10
1 37 6
32 48 8
18 49 3
8 38 9
16 45 1
7 39 3
27 47 10
35 58 2
51 52 7
43 46 4
41 51 7
5 52 10
37 38 1
2 59 6
18 37 5
45 59 7
12 61 4
14 30 2
32 40 9
32 39 5
1 60 3
28 36 8
13 54 7
23 25 6
18 48 6
9 53 2
10 58 10
10 37 8
6 36 8
12 29 8
5 35 5
30 53 3
48 52 4
27 51 10
49 57 2
43 60 4
46 59 2
38 49 10
31 61 9
35 56 9
11 48 9
25 40 3
46 57 1
14 59 1
25 43 5
48 57 8
30 35 4
33 55 8
2 23 1
2 58 6
11 38 2
8 39 4
51 57 7
43 58 8
5 24 3
44 45 9
17 43 10
10 30 2
6 34 6
56 59 10
30 34 1
26 58 2
1 4 10
42 45 6
35 57 6
19 51 4
51 59 9
16 38 7
1 55 7
5 46 5
44 50 8
48 54 8
34 59 1
4 25 6
40 47 8
4 5 1
14 43 1
39 44 2
46 47 1
23 61 9
33 59 3
4 61 7
38 53 6
41 44 3
22 44 10
42 52 4
16 42 4
35 42 6
36 44 1
27 49 6
25 36 7
10 56 6
36 47 8
54 55 4
47 61 3
3 23 4
12 40 9
49 52 8
11 56 3
24 54 1
29 48 9
20 46 7
5 38 7
11 18 2
4 23 10
3 39 8
41 55 9
3 56 10
29 56 4
23 51 6
4 7 1
25 55 5
1 19 6
33 45 2
2 27 3
18 51 3
19 61 8
58 61 1
21 55 8
19 26 10
7 40 1
30 55 9
2 18 9
5 53 8
18 21 1
16 59 9
32 36 3
39 60 10
11 60 10
29 30 1
52 55 8
22 57 1
38 41 8
14 24 5
49 61 8
24 35 10
30 41 2
40 46 8
19 43 6
28 54 1
5 18 8
39 56 4
10 46 4
29 43 6
14 37 1
20 34 2
20 51 7
50 53 6
