339 1000
133 34
625 47
660 20
94 13
479 6
774 26
796 28
910 10
456 9
301 46
842 19
996 3
47 48
482 6
560 35
178 23
523 6
541 38
476 24
771 19
219 23
95 50
19 23
293 11
537 15
654 8
533 36
586 27
968 16
6 24
877 46
589 45
53 7
29 47
434 2
702 4
741 24
450 35
761 28
505 31
352 5
681 35
81 6
930 28
268 26
878 10
430 35
521 24
809 32
421 26
751 9
732 38
109 50
607 36
317 1
7 12
945 4
245 50
906 26
659 1
215 7
920 8
547 25
75 10
527 27
750 26
897 20
471 16
597 1
900 18
23 35
404 42
580 42
732 27
323 26
715 21
343 35
966 25
191 17
786 2
909 42
221 31
511 4
978 45
693 25
465 21
808 6
826 40
640 30
414 27
82 33
861 30
234 4
778 11
385 44
119 9
3 14
164 1
619 24
485 22
231 34
424 4
560 36
624 47
306 19
673 35
755 18
274 15
271 2
564 8
756 42
534 41
637 37
735 4
828 37
985 4
292 17
871 26
196 13
834 31
660 39
553 42
590 49
634 33
5 15
193 41
58 13
428 17
495 37
218 9
938 43
878 16
995 49
557 42
51 33
787 15
513 38
767 34
667 50
887 40
398 8
23 6
466 23
623 50
519 3
305 40
705 3
756 27
618 8
548 47
275 17
34 37
462 27
953 18
969 17
46 9
717 29
142 28
981 26
406 18
903 29
823 4
515 10
650 40
365 9
598 39
317 49
55 36
614 20
654 17
653 3
687 24
274 30
421 43
583 50
360 47
457 15
589 30
319 21
420 47
359 48
731 49
899 30
814 33
149 43
667 30
628 11
45 15
96 49
676 2
433 39
712 17
671 11
260 50
496 22
236 13
454 18
209 28
523 33
602 38
7 31
401 25
87 38
354 47
594 47
457 27
403 18
277 5
988 36
454 20
696 2
377 46
202 19
1 25
795 28
809 45
872 32
253 49
252 4
142 16
431 31
331 40
104 29
601 4
786 35
535 39
975 45
478 19
894 25
360 35
608 16
593 31
66 23
417 45
117 29
349 23
460 9
727 38
614 39
139 15
3 41
831 41
370 42
195 22
681 43
766 37
19 42
234 28
497 47
616 45
315 34
652 8
520 2
940 38
83 47
439 14
485 33
621 21
500 21
675 33
650 42
722 26
246 39
55 7
179 46
304 21
364 42
745 44
675 2
772 48
694 25
928 15
748 41
456 8
750 13
812 28
888 15
366 11
413 2
188 28
881 40
617 50
212 45
77 13
828 14
300 30
198 16
617 22
758 24
975 11
515 36
114 44
535 31
146 20
416 40
655 20
68 5
692 9
569 2
600 38
367 18
959 19
216 22
332 23
510 32
699 21
578 34
704 34
131 25
25 1
330 44
396 49
665 50
266 7
848 19
504 1
88 15
684 21
826 43
802 1
25 3
990 35
833 39
111 26
762 20
421 4
130 46
701 46
551 46
976 14
621 40
680 30
564 31
369 2
700 40
915 13
116 25
722 18
289 3
1 171 6
115 171 9
171 277 10
152 171 6
1 230 10
230 264 10
71 264 5
78 277 6
277 286 3
23 286 6
203 277 7
171 224 5
131 264 10
155 286 10
224 267 10
267 292 1
171 274 7
125 267 9
249 292 7
233 286 4
274 281 10
44 292 7
24 277 8
249 281 9
18 286 3
69 292 3
107 277 1
1 225 3
193 281 1
52 267 4
37 171 3
292 321 6
102 267 1
64 225 8
25 321 2
129 267 4
1 226 8
67 274 2
152 224 5
57 281 7
226 284 10
79 277 5
174 225 6
1 95 9
77 281 5
251 292 4
1 45 10
230 275 4
254 321 5
317 321 6
113 321 10
23 171 8
12 230 1
277 284 2
96 226 5
7 284 10
82 224 5
133 277 2
239 277 4
230 281 3
78 225 9
203 292 2
134 171 10
122 274 3
28 274 6
10 292 1
150 264 1
65 281 3
6 45 9
52 225 8
267 290 3
171 222 4
131 171 6
66 267 6
119 321 10
77 222 5
175 222 3
230 234 3
234 316 6
45 316 4
139 264 1
264 284 9
195 290 7
36 275 4
158 234 3
277 290 2
166 224 8
45 206 5
4 95 1
267 301 3
152 284 6
286 328 4
131 328 2
222 304 3
70 225 2
260 316 9
224 320 6
284 301 1
101 267 7
208 320 6
25 95 2
50 264 6
134 222 5
95 328 10
112 206 1
96 286 2
317 328 3
214 226 7
231 286 3
256 264 7
225 292 7
256 274 4
212 316 2
284 327 2
15 171 8
76 286 10
1 233 7
215 284 6
158 301 3
50 290 5
281 318 3
45 244 6
218 286 5
1 58 2
197 224 2
146 316 5
110 321 10
233 311 7
163 327 1
246 311 6
63 225 2
268 281 10
202 321 10
304 324 4
87 234 1
154 281 2
224 230 9
188 225 3
168 321 1
231 318 9
144 304 3
210 281 10
78 222 5
230 237 2
109 237 2
227 230 4
27 321 8
9 230 9
39 277 6
88 304 6
1 92 8
174 286 6
45 222 1
13 281 4
226 273 9
81 275 6
45 203 8
171 237 1
96 273 4
224 233 9
181 324 10
234 250 5
224 308 2
92 288 1
1 160 6
205 225 1
54 95 5
210 290 6
203 225 1
275 317 3
267 276 3
93 171 6
58 221 9
255 281 4
133 206 8
47 328 3
108 267 10
1 27 3
173 274 1
105 226 10
135 328 5
221 249 2
125 225 2
206 224 1
282 286 7
78 286 6
92 290 10
273 276 6
45 154 3
27 236 8
250 288 3
160 283 3
57 236 7
219 264 2
58 76 1
225 301 5
224 311 2
1 321 10
203 243 1
216 311 6
58 282 4
156 233 1
230 233 4
57 226 4
274 288 5
35 273 5
37 243 4
175 277 1
155 267 9
256 284 3
253 288 4
119 282 5
105 224 5
58 293 8
189 293 5
131 249 8
20 236 1
18 304 3
92 187 1
130 154 5
233 240 9
50 92 10
23 250 4
77 95 6
76 246 6
25 187 6
263 304 3
31 292 8
206 253 10
58 299 1
71 308 4
75 267 1
275 315 10
140 249 1
26 250 4
199 276 3
21 286 5
129 171 5
198 249 3
246 291 5
6 301 5
277 279 8
26 301 10
259 308 1
305 308 8
1 221 4
1 97 6
277 293 5
234 286 6
92 262 8
16 234 5
168 237 8
265 299 10
119 240 3
103 171 9
281 309 4
20 230 6
262 274 4
230 304 2
92 323 10
92 235 6
54 97 10
67 237 4
236 266 7
221 289 1
3 301 10
27 213 3
173 250 2
281 290 6
316 324 4
179 283 10
288 335 5
180 213 5
152 277 5
76 118 9
225 287 2
121 316 4
45 212 8
177 212 2
151 274 9
282 295 7
144 311 7
71 213 5
99 224 5
25 289 3
149 206 1
37 154 7
55 308 9
173 328 10
259 287 7
55 262 6
106 316 2
279 324 2
98 274 10
291 318 5
233 316 5
86 315 6
167 222 5
230 288 1
223 317 7
1 240 1
65 203 1
94 299 5
241 286 8
99 266 1
225 280 8
56 316 4
49 244 6
180 284 7
235 335 6
219 282 6
15 206 10
226 248 6
135 290 4
214 315 5
159 262 8
241 274 3
102 187 1
228 304 7
290 315 8
206 302 7
17 304 3
1 155 4
50 253 1
123 286 5
112 213 4
142 264 7
160 297 6
154 309 7
45 307 4
273 318 5
283 309 3
156 291 9
236 298 2
230 322 5
1 4 2
31 234 5
103 274 6
87 262 7
149 244 7
210 266 8
61 249 10
11 45 8
118 286 10
278 315 8
199 287 1
29 246 2
61 118 5
45 72 7
47 309 10
28 236 6
1 191 5
95 242 3
225 332 7
76 291 7
304 313 7
289 311 8
236 318 7
28 318 4
271 289 2
95 276 9
222 332 7
38 118 8
155 283 1
245 311 9
295 302 10
200 295 3
219 320 1
252 292 10
141 293 5
171 225 3
58 208 5
51 323 9
269 323 6
66 95 4
235 289 3
221 276 9
287 325 7
61 97 8
165 335 2
76 253 2
230 285 9
250 262 6
211 248 3
324 325 5
3 299 5
25 226 3
298 328 9
250 281 5
151 225 6
201 295 9
311 317 5
74 292 2
23 233 2
277 317 6
178 293 10
90 290 5
49 327 6
155 219 4
274 324 8
234 298 10
76 327 7
56 221 7
114 230 3
104 323 9
57 242 4
92 249 1
247 285 1
199 323 9
4 237 10
72 287 5
133 301 5
160 267 2
267 279 9
60 230 7
182 187 5
240 265 1
5 237 9
123 253 7
1 156 10
317 320 5
114 325 9
16 275 7
226 236 3
224 280 2
229 316 9
257 309 3
206 231 2
6 307 7
142 230 9
190 213 7
206 248 2
301 305 5
295 318 6
262 313 4
16 219 4
83 222 4
39 58 7
43 265 8
233 236 9
124 335 7
92 229 8
261 277 9
187 212 2
117 187 9
150 286 5
214 325 5
68 233 2
202 240 6
208 230 3
100 290 9
95 289 3
22 236 9
243 321 4
212 288 6
259 281 1
244 326 8
146 325 10
305 327 9
212 270 4
205 274 1
122 230 10
89 267 1
121 246 7
27 103 4
308 316 6
116 222 6
253 298 1
99 309 1
251 291 1
154 298 8
123 236 8
76 102 3
100 291 2
274 277 7
245 253 4
176 284 6
41 304 2
244 293 8
249 298 1
144 244 1
58 281 3
95 243 5
242 324 2
163 321 2
77 246 9
118 239 6
237 293 3
117 287 2
168 287 2
73 253 4
3 226 8
185 293 5
287 318 2
290 316 9
283 297 1
228 313 7
53 289 2
185 279 4
19 237 1
6 250 2
226 292 7
147 282 7
151 285 8
152 231 5
285 313 6
9 321 7
55 229 4
16 328 4
108 291 5
107 299 7
317 322 9
102 274 1
186 248 8
156 236 2
209 274 4
147 323 3
171 315 9
95 219 1
78 187 8
97 249 9
150 322 2
203 287 9
203 246 10
177 235 6
213 275 4
222 328 5
3 102 8
204 297 4
97 216 8
76 222 1
154 161 5
39 317 9
238 324 6
203 314 5
164 206 4
120 206 10
30 266 9
115 284 9
172 208 4
20 244 6
88 230 2
57 292 4
275 283 3
139 208 6
140 308 5
83 233 9
1 210 1
97 191 3
160 321 6
223 226 10
153 156 1
318 328 10
150 224 6
95 170 3
172 299 7
215 222 4
205 309 7
79 233 7
287 314 5
229 337 3
87 309 3
127 224 7
218 226 6
1 242 6
27 47 5
283 314 1
78 325 5
137 282 8
248 279 6
108 273 10
97 318 10
265 314 9
130 275 4
103 323 7
1 99 3
65 243 3
25 237 9
9 295 9
3 288 10
83 221 4
2 327 2
156 157 5
292 318 3
62 287 5
215 276 4
72 91 6
22 72 6
140 231 7
26 76 7
12 170 9
118 248 3
110 264 10
2 289 4
118 235 3
246 298 8
260 286 3
1 69 9
238 248 5
170 237 7
81 212 1
105 236 10
139 274 9
97 254 10
27 128 2
72 196 7
83 273 4
22 275 5
78 191 3
76 287 10
58 315 10
102 253 8
92 156 7
122 231 7
308 323 7
221 337 4
208 263 7
132 264 6
100 295 8
69 235 6
287 331 8
216 291 2
295 311 8
108 331 6
229 281 2
182 229 8
77 191 10
274 314 2
170 229 8
281 299 7
100 254 7
174 295 3
85 282 4
191 317 7
58 183 4
33 313 5
34 324 8
39 292 10
41 208 8
29 97 2
96 266 6
194 275 8
181 297 2
5 273 5
160 195 4
28 324 8
186 230 3
212 264 2
24 69 4
210 253 9
207 317 8
270 325 3
103 160 7
157 208 9
102 261 7
39 208 4
291 325 8
76 301 9
1 243 4
190 265 8
255 332 6
173 262 7
140 302 10
240 289 3
220 311 5
158 243 2
14 289 5
242 309 10
10 264 9
247 318 10
212 305 5
25 118 6
169 275 9
105 270 8
103 199 4
15 270 4
56 246 9
233 250 2
240 330 2
95 99 2
243 335 6
45 135 5
40 274 10
107 302 1
22 298 8
110 291 7
61 284 1
195 305 8
86 95 10
116 226 1
40 308 3
181 331 4
13 47 3
28 254 5
298 331 2
234 264 10
4 7 3
75 242 7
82 275 3
58 61 5
143 313 7
155 161 6
297 311 2
62 326 1
95 109 2
96 221 2
52 91 6
94 216 10
240 337 8
270 324 5
179 293 3
116 316 2
121 308 8
56 276 6
86 281 8
214 225 7
133 225 2
258 304 1
211 307 4
195 309 9
46 191 3
247 326 3
170 316 1
58 144 6
99 251 10
131 221 8
226 229 3
97 187 4
252 317 3
229 326 1
11 279 8
111 154 6
47 85 9
85 263 6
47 313 3
119 249 6
230 231 4
242 258 3
222 233 9
237 304 7
27 279 5
290 314 2
327 337 4
176 280 10
85 174 6
199 292 2
85 191 5
164 277 9
288 332 7
245 277 10
153 225 5
10 226 5
264 266 6
112 258 4
90 99 3
35 237 1
31 237 2
289 290 9
1 91 3
70 76 7
239 324 4
168 277 10
168 307 1
191 258 1
175 264 2
284 329 8
6 288 2
126 327 1
37 332 9
1 323 7
87 273 10
216 289 6
328 337 1
152 249 9
90 91 7
166 288 7
61 73 2
11 317 1
182 301 4
211 219 6
92 261 5
47 285 8
181 317 7
131 326 4
102 339 8
35 73 6
226 332 10
162 276 8
274 329 5
234 299 8
174 281 9
91 267 7
85 327 8
10 265 4
229 279 1
69 223 6
115 221 4
157 248 3
224 239 8
16 248 4
113 290 9
213 243 5
165 326 10
198 321 3
289 325 6
286 327 5
55 216 5
305 313 6
52 58 3
126 330 4
97 246 3
262 339 7
211 313 4
55 292 9
67 246 6
167 326 7
38 314 5
109 266 6
50 235 10
294 311 2
226 276 5
159 304 9
171 233 4
154 213 5
118 213 3
78 283 5
208 265 5
22 118 10
277 316 1
157 174 8
58 230 8
30 85 8
240 275 8
262 320 1
2 171 5
140 325 7
235 299 4
144 204 4
183 263 3
154 247 10
164 239 5
102 201 1
19 155 5
227 314 7
76 242 8
118 123 2
97 322 5
59 103 9
1 324 9
109 328 1
118 154 3
247 262 3
4 69 2
79 196 2
92 157 9
213 235 9
135 310 8
91 155 10
175 284 8
173 313 8
177 326 1
121 274 9
225 268 7
13 274 10
225 330 6
63 222 5
126 274 3
95 215 1
243 258 8
247 302 7
160 222 3
244 328 5
4 148 2
17 339 6
203 226 6
239 299 9
187 339 7
224 339 9
19 246 8
9 266 1
76 137 7
196 261 2
23 222 4
63 171 4
47 73 5
95 203 8
223 245 7
220 251 8
52 325 7
47 281 1
160 316 5
14 45 2
273 291 3
126 161 2
91 288 5
205 267 7
245 308 5
1 202 7
143 253 3
129 279 9
162 196 1
207 276 5
90 276 4
16 327 8
288 306 2
24 216 2
172 273 4
17 240 1
150 263 10
76 314 7
89 322 3
224 330 6
225 236 7
215 303 7
12 204 6
112 276 4
151 306 5
95 253 5
75 240 9
112 155 1
157 321 7
221 281 2
149 268 3
264 310 4
117 309 6
243 327 3
253 316 8
91 317 1
187 270 8
7 110 5
300 301 1
69 116 2
254 289 8
184 327 7
78 97 9
43 268 2
27 271 9
236 312 9
7 177 6
158 253 7
118 288 3
32 261 4
80 95 5
29 253 6
158 195 10
171 196 7
95 208 1
170 270 9
108 299 8
7 72 9
83 128 2
13 311 2
152 157 7
54 264 2
47 326 10
279 322 2
134 282 8
177 250 6
219 278 8
187 242 2
91 280 1
109 215 4
75 244 9
155 326 10
37 315 2
198 221 2
7 208 9
37 135 5
126 320 7
268 275 10
119 247 7
106 171 9
155 339 6
198 223 3
92 221 9
77 109 8
39 313 10
219 270 2
5 267 5
7 38 8
7 73 3
154 315 5
245 305 9
319 321 6
24 196 4
144 147 7
275 312 7
170 256 3
63 229 10
76 289 2
151 320 2
38 193 8
123 325 7
238 301 3
33 304 10
90 298 5
7 298 2
85 149 10
117 316 8
103 258 7
