993 1000
252 8
704 14
833 47
170 12
911 42
581 21
12 48
520 6
703 22
480 26
482 28
114 12
604 28
431 10
951 43
895 33
225 6
712 31
738 20
53 15
441 17
823 42
733 46
759 32
483 48
751 50
725 21
144 4
534 38
822 43
571 8
994 25
2 34
762 49
904 17
667 2
128 30
435 45
702 37
79 27
715 35
283 12
640 23
292 1
581 15
783 3
662 28
354 35
628 38
649 48
436 38
944 46
514 36
568 2
706 33
711 43
260 29
462 41
665 26
344 10
990 25
399 31
516 4
134 39
462 2
876 43
633 39
510 10
266 25
402 40
61 22
826 1
576 8
537 44
277 14
212 14
531 44
56 9
820 31
458 13
171 20
898 22
952 40
192 34
675 10
386 16
946 16
912 38
372 37
964 8
584 18
612 11
586 15
704 38
378 2
185 13
853 5
630 45
225 32
217 31
713 49
670 30
360 25
897 45
672 31
25 44
451 8
228 23
126 42
330 35
612 36
22 41
169 31
794 9
634 39
81 29
574 37
88 48
715 12
107 4
805 47
805 22
57 45
642 26
810 36
654 22
408 49
790 46
451 21
182 48
371 26
185 20
885 22
7 19
862 8
942 48
922 10
411 38
352 49
113 49
491 1
132 43
4 22
923 17
311 19
808 6
354 12
516 41
543 38
979 48
61 3
987 10
19 22
405 2
882 3
899 42
787 25
128 29
181 50
233 38
268 26
3 3
395 17
236 29
332 25
177 31
637 42
348 34
576 30
833 6
714 40
648 34
479 45
450 28
457 3
398 18
748 28
16 40
760 24
665 35
493 50
547 20
662 17
701 2
933 47
668 23
66 1
275 3
802 29
111 44
338 48
696 10
818 46
236 9
188 3
807 46
975 36
15 49
261 3
230 12
431 31
397 7
723 43
698 47
173 37
231 2
98 33
753 44
103 47
432 32
961 37
280 18
153 15
860 44
294 46
899 21
326 40
950 2
213 14
714 2
585 37
577 13
596 16
507 42
210 16
183 17
880 1
823 22
449 26
306 44
769 4
394 9
453 40
954 36
386 5
253 3
338 16
190 37
247 50
332 26
959 23
875 46
39 30
662 36
551 15
367 42
382 28
836 32
82 21
915 12
65 47
766 16
679 16
693 8
6 38
125 38
134 49
393 40
783 19
926 29
806 33
949 26
956 36
416 29
390 20
341 5
407 30
843 20
809 15
909 8
849 29
58 20
871 38
483 27
582 19
783 43
532 50
505 26
248 4
997 11
550 9
767 34
224 3
579 24
764 38
705 6
355 46
977 39
692 43
923 35
453 38
36 1
737 20
220 29
437 28
589 2
158 43
901 37
947 20
149 33
991 29
369 39
264 40
492 32
140 26
632 50
824 45
552 37
55 25
593 36
633 26
721 19
790 3
855 18
8 21
297 10
837 11
542 33
975 29
483 30
443 2
388 2
179 4
930 32
467 40
794 36
218 24
156 3
882 36
698 45
399 36
506 4
989 12
513 42
532 23
745 40
320 15
29 31
368 15
971 3
915 19
121 17
831 47
405 16
709 44
484 46
456 24
153 31
888 34
410 12
242 7
420 28
99 22
55 37
845 5
244 26
227 11
657 36
944 23
535 20
824 30
795 31
909 17
85 34
815 14
389 4
221 38
619 19
510 40
997 50
31 24
9 16
369 10
71 10
535 27
91 40
973 17
151 8
421 38
544 43
646 5
708 5
483 50
601 22
988 42
81 40
613 46
319 19
401 29
658 2
559 44
600 8
571 33
20 1
757 49
378 14
485 18
210 37
314 46
437 10
888 11
345 2
60 44
3 29
552 9
222 48
30 27
877 45
178 20
31 4
225 33
203 38
79 35
769 28
285 7
391 19
363 39
655 45
923 49
196 14
583 29
902 6
340 22
620 41
653 34
131 23
575 10
971 32
696 33
854 34
47 11
16 9
959 41
638 16
742 38
387 30
697 8
422 4
621 24
26 31
2 23
753 2
414 40
510 50
926 48
343 26
214 8
178 33
869 3
343 8
795 40
815 37
220 30
266 49
688 4
318 18
223 39
379 19
865 37
998 23
32 13
711 21
704 27
324 18
190 13
367 44
937 2
689 43
13 39
297 3
631 4
325 19
981 37
132 4
135 38
270 23
719 28
213 14
616 11
599 14
737 31
873 2
962 34
88 9
811 27
640 45
240 5
183 49
758 16
451 30
436 17
561 8
559 10
877 11
105 44
376 39
414 11
631 18
864 16
343 45
248 22
102 50
1 15
189 1
218 22
296 29
810 37
196 12
913 24
306 27
978 7
973 27
640 36
510 47
857 15
166 49
131 45
651 16
740 12
190 10
344 14
57 36
521 35
662 37
755 1
445 20
243 38
982 23
193 22
723 25
864 33
172 27
66 32
145 36
710 17
75 49
521 38
636 4
641 23
506 45
715 24
732 27
189 7
434 9
346 4
386 31
710 20
642 27
586 28
54 30
745 47
781 10
118 38
173 9
774 10
310 11
996 29
674 30
531 8
789 13
964 46
353 33
958 20
292 36
699 27
306 9
938 44
240 35
451 24
910 48
430 50
704 35
575 21
654 27
314 14
226 13
621 28
842 24
50 23
316 50
536 34
870 18
69 15
39 38
626 36
410 23
610 15
841 25
251 31
48 13
5 26
481 31
552 28
917 23
972 18
719 24
977 16
972 29
306 3
361 33
848 39
827 25
14 36
70 34
541 45
258 27
728 8
557 47
138 17
570 40
79 43
570 29
889 19
887 12
473 42
818 35
301 33
207 23
145 9
794 6
990 49
217 5
84 41
205 45
779 16
921 46
247 21
598 10
927 34
807 35
926 13
255 49
55 37
340 17
378 34
638 21
867 5
111 17
836 49
939 31
164 18
743 2
7 14
381 47
705 43
125 40
830 24
178 37
449 7
19 21
904 23
531 46
622 28
37 38
85 2
274 47
733 9
2 23
490 9
225 23
216 1
748 14
866 8
439 23
607 41
365 5
291 3
305 38
565 39
965 4
418 25
16 27
922 34
493 34
240 45
532 13
699 35
150 22
11 35
492 38
684 42
457 39
454 28
270 25
116 27
132 37
603 19
103 33
643 17
300 5
241 34
513 23
129 2
522 1
680 13
612 35
334 39
795 4
849 42
220 38
465 29
877 41
190 22
508 19
631 10
242 34
527 34
452 38
202 22
465 27
57 38
720 16
175 40
940 9
259 20
460 42
431 15
964 45
440 20
364 29
899 50
697 21
530 46
834 47
441 9
60 49
335 7
633 33
830 48
818 31
233 36
775 50
854 7
568 40
519 7
613 41
116 9
381 32
345 4
784 32
961 20
674 21
290 9
732 2
499 5
18 31
147 43
848 19
611 7
273 27
89 36
414 13
606 44
459 15
493 41
529 45
369 7
766 5
63 38
572 21
454 17
253 35
662 12
492 34
205 44
564 46
200 16
160 50
770 24
553 8
395 50
285 37
64 2
233 5
796 36
501 17
160 23
935 32
602 10
351 29
84 32
218 47
336 10
116 11
197 9
655 43
709 43
541 4
721 14
929 30
100 47
933 2
226 32
837 20
639 29
178 38
187 50
24 18
356 42
674 39
545 27
475 8
626 44
63 5
432 10
803 47
3 15
964 24
594 6
73 44
349 17
618 43
220 47
515 9
565 48
273 6
480 16
104 47
867 9
623 47
236 14
723 39
437 47
796 25
486 18
404 49
140 41
595 4
279 38
341 14
945 50
46 48
966 33
801 35
488 43
559 47
830 28
920 15
797 40
663 14
849 42
912 49
563 38
740 41
789 48
474 46
72 32
478 21
263 12
467 20
845 5
168 42
87 14
887 42
659 22
909 24
872 32
636 18
468 20
699 22
760 31
206 39
830 12
676 24
356 4
985 2
485 45
671 34
647 25
595 46
58 20
212 5
717 41
57 38
700 49
320 16
586 49
296 14
610 45
684 38
323 23
394 10
600 13
476 41
270 42
170 46
602 8
593 44
222 3
281 45
215 27
125 39
616 16
893 34
229 46
618 5
59 8
52 23
278 17
61 36
385 2
541 47
837 46
37 22
150 31
35 43
641 27
665 10
21 37
778 35
599 35
250 3
456 3
327 3
684 8
572 11
160 8
847 11
336 10
289 50
261 43
484 35
971 42
178 39
257 19
418 30
861 9
519 44
705 44
731 20
923 12
241 3
124 7
294 45
30 45
340 28
936 42
667 29
606 50
49 36
702 48
247 16
92 12
725 6
712 7
647 12
370 18
881 41
629 22
512 31
432 49
548 28
29 31
94 5
406 15
542 50
335 1
993 41
18 40
876 45
89 46
713 7
470 48
846 1
943 31
898 24
422 37
712 35
431 48
620 47
796 27
228 39
450 11
814 24
812 39
35 27
736 24
476 46
736 24
346 40
906 35
593 11
579 9
825 42
881 43
716 11
569 26
226 40
892 2
346 26
496 23
482 6
154 49
1 813 5
1 156 7
220 813 2
1 502 2
28 502 9
156 175 4
414 813 7
174 813 6
175 730 4
502 699 3
591 730 5
175 485 6
699 975 1
4 813 6
579 699 8
205 502 10
779 975 7
787 813 4
347 730 2
236 485 6
352 485 6
251 813 8
175 679 6
14 679 1
1 712 7
486 712 3
377 813 10
266 813 6
502 792 5
56 156 6
823 975 7
502 763 10
171 175 10
502 872 8
705 813 6
156 589 6
211 502 4
1 43 2
724 975 8
43 191 3
175 375 7
155 792 8
699 776 6
51 502 9
47 375 1
789 975 7
74 763 8
19 813 2
191 774 8
267 679 5
128 763 9
156 373 1
354 774 3
47 502 7
175 726 4
671 726 7
726 960 1
430 960 9
615 813 10
502 661 3
544 730 5
502 777 7
466 730 8
309 502 10
699 717 6
301 776 5
217 776 7
597 792 7
1 165 5
375 382 5
661 732 4
589 855 1
1 560 4
43 906 1
355 960 5
712 775 10
1 807 3
313 732 8
696 777 1
154 560 8
373 963 6
275 963 3
679 949 1
936 949 10
802 855 10
93 717 9
175 518 8
684 774 3
855 952 4
730 813 7
685 855 9
15 175 10
647 855 9
175 891 7
273 502 2
763 983 8
777 877 10
807 955 1
542 730 2
589 879 2
717 949 1
679 968 1
265 813 9
424 776 4
568 661 2
97 732 5
717 837 1
766 891 7
43 790 3
502 625 10
792 837 9
175 442 8
373 480 10
560 690 3
502 766 8
511 766 7
279 775 10
134 375 9
502 927 6
494 763 9
360 502 10
156 775 6
589 867 7
740 837 10
225 813 1
647 872 3
165 666 4
79 690 5
837 878 10
502 526 9
228 726 4
558 952 10
525 837 7
43 787 10
165 626 10
543 774 7
563 878 6
119 712 10
476 712 7
105 867 3
99 927 10
854 960 2
900 963 7
648 666 2
170 983 2
473 502 3
320 712 6
515 879 5
398 807 1
589 967 4
529 766 1
136 872 7
2 661 2
776 945 7
195 502 2
679 849 2
646 777 2
291 867 8
813 967 8
855 937 10
250 792 6
29 960 4
526 878 9
629 787 2
292 699 6
536 945 10
442 480 7
420 480 7
712 949 6
528 774 7
749 960 1
625 666 4
781 968 5
562 879 4
766 883 3
342 726 9
85 883 10
715 879 2
519 877 6
363 730 9
393 872 6
625 731 4
688 949 8
877 896 1
246 879 5
442 884 5
305 717 3
232 855 9
451 777 3
156 586 4
526 830 10
474 884 6
766 838 1
73 837 9
1 790 5
775 949 10
49 712 9
175 614 3
500 661 10
67 586 10
169 937 1
161 896 5
545 661 9
539 838 3
165 563 4
59 563 10
375 754 4
391 879 5
867 904 7
560 784 7
121 191 3
138 849 9
442 791 3
480 564 8
438 699 4
550 730 4
220 830 6
315 975 4
251 791 5
270 625 5
62 967 5
263 952 5
214 776 10
74 156 8
412 732 1
338 560 9
461 904 6
503 560 8
259 690 10
175 822 9
111 589 9
156 676 4
517 822 7
826 927 7
731 740 1
96 373 6
442 505 8
748 792 1
137 754 2
337 586 4
56 763 2
444 849 2
246 952 2
569 927 7
655 927 3
286 906 4
102 676 3
750 775 3
130 676 9
659 776 7
666 717 9
191 717 5
502 753 6
679 862 3
782 927 3
532 877 3
103 156 6
787 908 10
6 967 5
365 730 9
164 690 3
801 949 9
498 830 6
777 785 3
681 792 10
467 963 2
833 955 8
192 955 3
111 699 10
502 540 7
492 884 8
439 518 5
682 960 4
592 731 4
590 867 7
171 754 7
571 949 9
442 824 9
328 906 4
666 725 8
596 883 4
464 867 2
324 877 9
656 766 3
810 877 8
359 878 4
442 980 5
713 776 3
837 866 10
142 480 9
861 877 4
344 849 2
499 518 6
738 983 8
374 975 9
42 586 3
163 676 10
178 849 7
775 851 2
15 485 9
714 967 3
589 969 7
41 505 3
454 927 7
842 963 2
608 776 5
851 891 3
190 485 8
666 950 5
615 950 4
337 717 9
837 894 10
56 785 5
453 699 5
88 807 2
502 967 1
321 838 9
318 373 3
585 774 1
331 731 6
117 442 8
550 878 5
868 906 9
50 676 8
732 897 3
410 586 4
726 735 9
250 983 1
859 877 6
83 787 1
119 884 3
442 652 10
753 986 5
560 626 9
44 382 6
494 908 2
484 904 5
165 167 1
567 884 2
406 725 3
348 867 1
661 972 9
614 969 6
80 165 7
434 837 9
824 851 8
548 862 3
43 200 3
456 855 7
871 906 9
700 791 1
18 968 1
564 938 10
175 857 5
180 480 7
77 866 3
123 807 10
855 884 6
156 885 10
648 822 9
289 699 8
731 966 1
403 968 6
389 952 5
554 945 8
527 972 3
230 963 7
156 364 2
191 661 5
712 983 7
61 955 9
330 867 4
638 967 10
184 505 3
377 735 4
415 950 6
189 200 4
187 822 10
156 934 2
740 924 9
267 967 5
200 980 8
542 878 10
179 950 4
627 968 4
408 776 6
905 983 9
371 883 3
320 375 3
493 730 3
303 791 2
250 807 6
452 652 3
483 564 3
885 970 9
878 916 4
560 937 5
726 786 2
345 505 1
492 784 9
167 526 5
600 740 8
397 879 7
191 385 6
888 938 2
325 731 8
579 885 2
184 885 5
955 967 6
73 867 9
717 783 3
733 906 1
442 878 7
849 949 8
499 906 3
449 730 3
580 754 5
156 404 8
163 883 3
382 970 2
608 906 3
404 605 7
39 564 4
197 712 7
418 526 4
691 790 8
46 967 8
652 776 1
67 879 9
364 385 10
197 878 1
127 375 2
560 585 4
576 679 4
949 989 9
253 605 10
198 726 2
191 414 10
184 586 10
483 908 4
719 960 1
485 526 5
490 725 5
169 775 8
47 967 1
10 937 3
540 913 8
220 690 7
307 857 5
726 760 2
138 563 10
292 375 2
20 963 2
406 897 10
661 821 8
290 897 2
456 924 10
485 598 5
638 851 5
63 960 1
333 585 8
533 989 3
883 959 10
735 817 5
200 925 6
174 925 8
599 891 8
318 857 2
662 785 10
708 950 4
266 730 8
670 732 9
722 760 1
196 807 1
609 735 4
880 891 8
362 776 6
204 726 5
145 980 5
66 938 10
304 950 10
798 963 7
43 810 4
493 878 7
891 983 1
200 512 1
278 857 10
885 990 3
603 989 3
249 906 8
980 989 2
48 753 3
453 730 3
586 792 10
564 790 5
908 960 7
731 883 8
184 913 1
777 903 1
625 845 2
549 732 1
743 989 10
414 614 6
477 786 3
238 879 1
748 810 2
742 885 10
54 564 9
263 753 3
909 950 4
255 903 4
91 867 5
323 851 8
98 980 9
414 661 3
360 485 1
271 730 5
145 845 7
485 872 4
152 955 5
664 989 5
623 817 8
237 442 3
3 877 7
426 775 10
725 803 7
884 953 5
165 373 10
500 851 10
156 315 5
199 784 1
144 925 2
156 897 2
816 989 6
373 384 3
309 786 5
505 689 6
580 955 8
173 851 6
658 990 5
175 236 2
317 786 9
952 993 2
43 931 2
728 817 8
525 857 4
938 952 5
393 894 2
568 775 3
821 952 4
194 931 8
315 621 10
927 950 7
275 927 5
564 779 4
830 894 6
182 625 3
610 867 8
810 992 6
485 550 6
1 461 8
314 975 1
203 913 9
684 913 5
526 689 7
735 930 9
887 969 8
236 865 9
623 878 5
599 931 5
190 791 4
501 931 6
810 875 4
389 916 2
421 652 10
546 586 3
625 990 8
749 867 4
392 855 3
483 838 1
221 916 2
191 390 8
198 945 8
516 927 2
279 689 2
449 726 4
685 993 6
585 896 9
749 983 2
758 993 3
519 924 6
43 390 7
731 874 6
375 752 4
130 175 10
603 967 9
366 666 3
498 621 8
370 752 10
605 671 8
621 799 1
121 938 3
889 990 2
291 830 10
221 735 7
477 792 8
731 969 4
442 955 6
291 480 9
561 625 2
540 986 9
39 480 2
735 890 7
715 813 9
764 908 3
274 821 9
402 502 5
207 791 7
605 689 9
540 771 4
862 939 4
960 972 2
146 924 4
947 980 5
502 816 10
518 813 8
499 875 2
830 876 5
573 803 6
34 315 4
661 682 4
867 961 10
382 972 10
487 784 5
762 959 8
32 807 8
128 925 2
646 730 5
359 384 9
196 787 5
550 842 10
650 821 3
30 652 4
482 731 4
553 849 5
152 384 4
560 988 2
47 518 6
949 950 5
299 735 9
414 763 3
502 868 1
484 774 1
366 404 8
191 570 3
165 269 3
382 591 10
479 589 5
799 878 9
504 560 5
341 970 10
510 817 8
239 896 5
21 876 1
86 442 10
533 766 10
460 872 9
599 821 9
670 993 9
212 960 10
330 857 2
266 712 10
551 776 8
672 967 5
524 883 7
666 687 6
432 867 5
172 961 1
415 879 9
121 382 7
821 963 7
224 783 8
8 682 5
162 972 5
822 879 8
605 742 8
18 896 7
420 585 4
45 990 10
43 732 4
275 986 1
129 505 3
502 543 10
334 872 7
107 786 6
710 760 7
550 621 5
269 513 5
717 986 8
79 785 6
811 855 3
637 993 7
916 983 4
585 740 3
799 960 3
613 862 5
498 955 5
144 810 5
777 804 7
237 364 4
916 924 3
22 867 9
776 901 5
657 961 3
783 886 1
564 897 2
625 828 7
546 993 6
630 821 5
653 959 3
934 939 9
587 891 7
135 375 1
151 877 9
723 799 8
309 682 7
881 883 10
231 927 6
600 817 2
615 939 8
382 736 9
837 953 8
183 966 9
650 679 2
435 760 1
202 851 7
156 878 9
872 909 9
297 485 10
775 969 3
543 636 7
254 513 8
164 540 6
778 896 6
865 951 7
148 661 4
741 817 3
652 855 5
358 865 4
114 894 9
158 842 6
478 689 2
297 614 6
817 977 9
475 821 8
865 876 1
690 981 2
570 985 2
879 971 5
958 970 6
389 766 4
15 822 3
140 543 10
265 874 3
398 909 2
311 866 9
187 963 6
480 509 2
52 953 5
127 866 7
605 704 2
291 570 4
175 842 9
355 878 7
315 682 10
165 522 4
574 804 1
539 906 8
411 786 10
610 903 1
582 986 2
851 949 1
186 970 5
564 910 7
159 717 1
981 992 5
210 636 1
143 816 5
241 849 6
213 934 6
314 792 6
21 712 6
684 886 1
750 970 10
786 825 9
446 883 9
953 967 2
202 382 2
174 754 8
877 993 5
373 489 10
161 931 7
251 661 8
754 836 8
614 730 1
792 915 5
448 774 9
485 858 8
849 973 4
279 315 6
704 950 6
79 862 4
563 753 8
339 876 6
709 903 10
415 689 3
58 872 9
380 828 2
296 904 9
513 985 1
595 614 6
521 526 1
370 791 5
42 682 3
208 740 6
518 970 4
903 914 2
87 690 1
474 763 3
152 980 10
189 591 8
605 865 3
390 760 6
26 970 9
148 763 7
865 889 1
725 770 4
627 776 5
85 799 8
736 981 4
652 690 8
799 882 2
781 886 8
611 939 6
442 728 7
622 967 1
175 410 8
425 760 6
185 968 2
576 731 8
621 632 4
625 914 8
200 610 10
630 950 4
466 983 4
688 891 4
552 868 3
167 215 9
626 980 8
949 952 10
830 976 7
432 518 3
563 813 1
523 540 3
766 976 6
171 901 3
661 792 6
373 938 1
455 976 10
336 903 3
152 364 1
522 821 10
499 550 1
511 779 4
502 873 10
21 960 9
713 950 5
55 671 8
516 950 3
478 886 6
813 969 8
725 850 7
729 770 1
478 560 2
485 863 7
4 914 10
808 960 10
904 907 7
79 215 5
596 873 9
54 868 6
699 822 9
771 831 2
824 978 8
779 881 3
915 918 6
742 876 9
193 831 3
767 949 8
1 248 10
614 842 7
901 975 3
60 925 4
519 882 6
581 585 9
753 817 1
564 929 3
355 914 7
170 885 4
711 937 4
198 989 5
364 533 4
315 610 6
15 390 10
390 597 1
460 989 8
373 396 9
461 795 5
132 775 2
196 977 10
350 882 1
753 776 5
533 650 2
19 175 5
876 891 5
586 820 8
581 776 9
748 884 4
503 518 4
963 966 1
392 950 9
891 978 6
535 820 2
774 797 7
627 874 9
294 564 8
842 993 3
574 589 9
23 704 10
533 856 7
725 792 10
335 787 3
817 980 7
60 564 1
101 786 5
218 790 4
90 857 7
126 790 8
267 442 4
446 868 2
34 862 6
384 631 6
790 960 10
466 671 5
297 813 7
461 596 6
524 570 10
525 736 6
873 909 5
170 512 6
316 591 6
196 236 2
559 736 7
50 717 9
446 621 5
388 763 9
924 956 10
385 599 9
526 631 6
174 975 10
270 596 6
958 961 10
150 851 5
184 837 1
370 795 3
504 807 3
223 404 10
92 913 2
835 906 9
545 732 2
451 599 5
770 846 7
337 845 1
138 679 4
49 666 10
151 837 5
650 727 6
129 978 2
355 867 6
75 915 8
702 934 9
717 812 10
137 518 5
490 740 7
410 441 2
77 915 1
556 585 3
425 934 3
427 728 2
549 813 10
