272 1000
301 43
380 7
795 28
881 2
606 50
351 43
848 43
835 8
408 26
519 1
454 19
966 29
938 20
966 49
684 29
319 15
859 18
537 49
620 21
818 7
782 28
677 25
574 17
761 33
807 18
487 20
583 38
75 25
824 45
194 23
158 13
854 16
956 13
523 36
372 39
322 29
952 23
428 19
546 8
468 12
773 42
239 20
451 23
391 25
421 33
990 37
588 27
536 39
334 8
225 14
768 2
537 39
207 43
458 12
268 43
850 20
361 10
424 8
640 24
302 38
169 15
750 49
314 33
169 15
647 25
366 1
449 27
199 49
331 46
386 47
884 45
813 47
172 45
551 10
967 41
877 43
563 42
134 3
798 28
225 28
920 39
310 36
614 36
684 24
713 42
629 23
992 27
811 7
925 35
77 6
707 34
847 9
300 29
124 14
16 14
406 33
772 13
403 42
496 22
567 40
545 22
609 11
779 2
164 17
852 33
193 3
100 24
863 17
848 2
932 48
347 16
400 34
998 6
291 12
695 24
402 7
57 5
695 30
735 40
920 13
444 4
422 28
853 2
863 28
296 42
955 25
689 34
359 39
271 1
851 29
116 36
620 16
436 49
630 46
586 17
19 1
378 23
456 38
588 29
427 25
456 7
445 11
940 14
729 45
131 30
272 46
108 23
763 6
620 12
721 11
612 4
474 20
278 44
880 39
728 10
991 48
348 3
21 8
385 41
509 15
764 34
113 31
69 7
526 42
159 46
16 28
429 39
170 29
56 14
84 20
281 37
743 37
4 14
241 12
494 50
25 3
371 8
442 36
945 2
582 42
731 19
863 35
603 21
909 28
795 40
174 16
429 46
861 14
385 8
413 50
198 25
103 3
57 49
191 20
557 42
771 46
598 24
31 12
461 18
112 16
898 43
779 41
201 29
821 1
244 37
388 10
596 1
990 20
261 2
130 17
916 23
272 40
392 42
317 47
590 40
547 4
924 29
560 40
469 22
794 7
359 27
561 38
587 16
985 20
992 48
50 45
621 5
79 47
548 20
983 17
191 46
801 8
286 25
427 17
129 44
929 45
338 35
755 25
117 19
460 35
717 47
35 49
208 11
252 46
122 26
338 49
449 26
872 28
924 2
292 32
875 44
258 25
321 26
891 7
191 19
339 8
826 28
589 11
862 24
729 43
932 42
422 17
59 11
264 48
239 27
849 22
14 3
169 38
950 21
950 11
604 20
361 17
1 83 8
1 34 10
1 260 3
1 123 5
83 262 9
83 252 6
1 100 7
83 124 6
124 211 3
205 260 6
33 211 5
50 83 6
1 79 9
43 123 10
123 234 8
200 260 7
1 244 5
124 270 8
60 211 5
35 252 6
68 123 8
124 228 9
100 247 10
226 260 6
1 69 6
83 90 9
124 139 5
34 223 5
76 223 9
1 231 8
28 228 9
174 211 2
244 246 5
148 211 2
221 246 1
204 247 9
34 50 8
231 246 4
83 199 2
69 120 7
123 124 4
50 171 5
50 114 2
78 211 4
235 244 5
114 235 7
22 79 4
42 252 2
83 174 4
244 268 5
246 268 6
16 69 8
90 159 2
21 244 5
25 139 4
70 262 1
90 259 5
158 270 10
134 199 3
211 253 2
208 268 8
133 228 5
168 171 2
42 259 3
56 268 1
34 185 10
171 172 6
249 252 7
27 231 8
251 262 9
186 244 1
1 43 3
90 130 10
123 165 7
41 262 10
65 252 1
149 252 2
69 73 4
73 140 9
73 87 5
93 253 5
4 171 9
241 260 3
70 120 5
14 90 8
34 269 10
27 270 10
102 247 7
34 109 6
123 126 1
151 199 3
73 103 7
53 235 8
158 268 5
162 211 10
18 165 9
90 100 8
109 151 10
241 252 3
100 102 1
199 253 10
3 234 3
231 271 3
23 123 3
199 227 9
30 223 1
43 230 6
29 90 2
1 246 6
59 120 6
11 244 6
34 90 6
43 237 5
86 269 5
183 268 3
99 253 2
246 261 8
180 235 6
140 238 4
69 125 3
26 103 6
85 228 9
206 235 7
90 252 5
26 252 8
130 217 1
124 237 9
207 234 6
33 259 8
66 151 10
139 182 2
200 230 4
185 256 6
61 246 3
7 271 4
103 223 9
151 162 4
1 157 6
98 237 8
104 246 10
28 256 6
223 229 5
127 228 1
122 253 3
228 262 6
11 126 5
137 268 2
151 169 1
71 151 8
243 256 10
139 250 1
67 151 6
83 223 5
78 199 10
123 172 6
95 269 7
65 162 9
131 165 6
35 223 10
83 272 7
231 240 3
77 165 5
1 248 10
185 191 10
159 252 6
120 160 8
151 175 3
13 246 4
157 231 2
22 238 4
198 235 3
105 234 3
52 125 1
182 184 3
167 262 3
130 172 9
34 206 2
11 211 5
137 165 1
69 160 2
151 165 9
69 140 9
256 272 8
146 261 10
80 253 8
135 162 5
142 259 10
157 270 7
57 174 2
34 163 3
257 270 4
172 219 10
160 175 9
102 120 6
16 43 7
88 175 3
4 172 3
110 185 3
34 73 3
74 140 3
149 250 5
228 242 2
41 50 3
120 139 6
42 269 9
175 190 2
11 252 5
121 238 4
87 262 2
100 229 9
231 234 8
193 217 5
43 115 2
14 261 5
191 234 7
160 257 10
78 268 3
115 262 1
68 191 2
237 271 3
137 257 9
246 252 1
200 246 10
83 131 9
131 162 3
152 217 4
3 50 10
36 219 2
145 259 10
70 123 1
61 268 9
211 252 7
222 260 6
154 159 4
187 228 6
109 237 4
19 219 2
181 238 1
3 206 9
217 229 2
103 235 6
61 252 1
79 186 4
94 120 6
131 169 10
190 205 10
83 179 9
143 268 10
8 246 4
115 205 4
80 87 6
266 269 10
9 140 6
37 244 9
25 87 4
108 227 6
106 157 7
108 179 1
75 270 2
194 234 4
52 124 10
109 156 9
185 257 5
85 206 9
20 242 10
6 179 1
93 269 2
88 160 9
205 265 4
59 100 10
48 246 9
138 139 1
26 262 8
1 234 10
43 97 9
123 211 6
87 215 1
159 248 7
150 260 2
97 151 1
26 235 5
73 188 10
103 264 5
90 194 4
248 265 10
4 109 9
5 160 2
4 186 3
157 246 5
87 126 2
97 255 5
205 211 4
67 172 2
102 266 2
114 144 6
127 215 5
69 150 3
199 256 9
96 230 1
102 139 10
165 201 5
242 253 2
71 123 10
90 243 5
62 79 5
180 271 10
52 123 5
97 257 7
126 196 10
97 177 6
135 235 4
120 209 9
225 257 7
93 247 3
160 221 7
115 160 4
159 173 3
109 261 7
233 257 10
159 206 8
47 120 6
110 120 5
71 209 4
100 205 4
177 235 5
140 237 9
85 262 10
157 215 5
174 209 5
132 201 2
126 135 2
35 248 3
196 241 10
162 242 6
3 90 3
103 160 6
102 254 1
126 182 3
215 246 3
34 187 10
97 193 7
117 123 2
64 196 10
63 240 5
226 252 5
130 213 1
113 235 10
105 237 3
45 235 9
184 247 10
144 206 4
180 186 5
169 255 7
26 230 8
16 219 1
97 243 9
174 227 2
34 53 8
73 237 4
23 157 5
114 179 10
158 175 6
80 261 4
38 124 10
1 70 10
252 270 3
70 182 2
183 188 6
155 175 4
37 135 5
130 240 10
174 231 9
142 250 1
7 102 2
122 243 3
34 153 5
87 189 9
201 267 7
56 193 9
178 253 5
233 255 10
103 219 3
255 271 8
45 173 1
59 228 9
207 253 4
132 242 2
77 187 6
49 165 1
222 234 8
126 157 3
188 243 4
14 43 10
123 164 3
13 174 5
110 259 6
121 211 9
124 202 4
167 265 7
44 179 9
101 120 8
69 266 2
9 174 5
37 83 9
257 261 9
214 240 5
54 123 10
58 156 3
125 160 6
98 140 6
59 242 1
3 131 4
100 133 2
84 187 4
157 217 2
182 237 1
156 227 5
191 237 3
100 267 8
133 256 8
157 194 2
206 223 8
219 230 3
233 269 4
120 172 10
12 253 5
3 242 6
223 269 10
1 238 3
101 227 5
187 224 6
115 267 4
134 264 10
73 159 5
215 234 4
97 136 1
77 269 6
1 256 2
224 261 5
218 268 3
163 165 4
82 243 9
89 234 9
75 123 7
206 215 9
158 250 10
24 150 7
205 243 8
31 272 10
130 204 9
180 231 7
70 73 10
33 70 10
127 235 1
6 188 9
46 175 4
30 257 4
234 262 1
157 166 2
14 196 8
185 194 4
36 125 1
111 185 2
231 252 7
68 237 8
69 216 7
153 230 8
229 256 3
24 174 5
156 176 3
127 174 1
241 266 5
186 242 9
171 254 1
25 231 9
194 237 10
32 125 8
184 213 10
269 270 9
251 253 6
184 190 5
117 205 10
223 262 2
124 268 9
33 83 2
163 185 3
23 140 10
73 157 1
42 165 7
154 247 2
34 253 5
223 242 8
88 219 4
147 260 9
109 229 8
206 234 6
88 272 1
148 221 1
43 81 4
1 30 8
78 156 9
34 117 6
63 69 3
123 252 5
117 130 3
43 247 7
48 81 4
144 262 1
136 171 5
151 180 2
163 220 9
76 83 2
69 114 9
73 174 2
71 213 3
216 266 7
205 249 4
165 176 6
176 259 7
175 207 7
156 211 3
216 223 10
164 250 6
51 123 9
174 222 9
90 265 8
29 228 3
21 262 4
163 189 9
163 184 1
81 162 1
133 257 9
133 224 2
237 254 5
242 244 7
174 270 1
144 197 7
122 176 1
200 242 7
176 207 5
83 194 7
103 198 10
206 251 2
90 102 2
83 217 9
146 237 6
37 228 1
117 176 2
221 253 3
43 226 8
35 243 6
110 194 9
133 238 2
135 265 4
157 185 7
202 216 3
220 231 2
109 115 5
133 197 3
194 221 4
119 268 10
38 153 7
179 181 8
37 255 1
73 252 9
130 243 2
181 271 8
44 120 8
120 133 10
187 215 3
31 190 6
119 162 8
167 228 10
73 259 6
190 236 9
228 246 10
248 268 5
85 223 2
151 252 10
19 227 1
229 271 2
191 249 9
76 216 7
50 264 10
246 255 4
121 140 3
34 126 2
31 193 2
5 213 5
220 272 10
133 211 9
120 162 10
97 158 2
223 270 6
55 254 6
165 230 7
103 193 2
214 254 8
81 164 9
114 188 6
177 182 4
165 190 5
130 206 10
130 252 4
194 258 8
83 135 4
211 228 2
55 164 7
17 79 7
259 261 6
125 146 3
82 180 10
169 227 1
175 246 9
136 271 6
175 269 8
10 253 5
32 220 8
146 163 7
112 164 10
224 229 5
93 102 3
188 219 10
223 234 6
236 248 1
140 198 4
43 229 8
109 268 5
41 163 2
133 248 3
32 219 9
251 258 5
213 217 2
182 266 5
139 204 1
176 255 7
36 272 8
159 259 5
204 208 1
183 221 1
186 235 10
202 211 1
126 186 1
80 272 8
123 226 1
69 181 3
176 260 3
109 112 3
102 258 5
87 216 6
234 242 2
126 211 8
126 226 10
88 268 10
162 269 8
51 216 6
160 246 7
166 196 7
202 234 9
40 257 2
125 237 6
136 197 1
23 53 7
181 191 5
112 184 8
182 216 5
192 213 2
81 178 4
133 148 5
68 198 6
64 120 8
124 221 4
58 159 7
195 254 4
180 259 9
175 205 9
29 157 1
163 191 1
204 256 2
144 235 1
4 255 5
98 246 2
30 151 10
163 250 6
8 264 10
58 222 2
79 259 4
144 222 10
151 244 8
175 243 5
97 148 5
51 267 6
205 271 5
139 166 7
96 208 7
92 187 9
55 185 2
120 132 1
152 253 8
123 236 8
87 118 5
180 243 10
63 178 1
30 260 1
125 203 7
154 231 4
133 230 7
76 146 10
25 43 3
68 172 6
117 124 6
51 229 2
114 166 8
118 191 2
156 265 2
115 173 9
73 128 9
165 185 2
173 182 2
244 270 8
87 97 5
32 169 8
97 253 9
86 150 2
33 177 5
8 159 6
93 156 3
181 250 4
175 204 7
226 235 9
11 115 1
115 159 1
230 242 5
13 118 10
109 247 6
130 254 8
109 223 6
204 255 6
100 202 10
30 141 3
164 222 7
50 237 6
128 217 2
190 207 2
9 241 5
216 235 3
151 268 2
185 238 10
126 268 9
29 141 6
148 254 2
103 130 9
93 162 2
50 256 3
51 83 3
56 128 1
67 179 5
173 217 1
2 144 4
103 260 1
96 157 1
116 264 5
52 198 9
159 200 10
106 270 4
133 193 6
144 153 8
119 132 8
150 204 4
64 166 1
249 266 9
53 267 1
46 125 7
43 228 2
7 230 9
125 267 3
8 255 1
95 216 5
114 139 4
247 270 10
79 129 8
128 259 5
132 226 2
6 144 2
171 240 5
258 266 9
167 217 8
198 260 4
220 254 7
51 173 7
101 248 8
179 180 2
173 269 6
56 132 6
147 157 7
45 215 7
40 69 7
104 259 10
91 120 7
12 200 7
41 151 4
217 221 7
70 117 3
81 158 8
178 220 3
33 229 8
61 135 5
50 115 2
25 242 8
150 225 2
71 114 3
258 269 4
53 174 8
83 115 4
70 241 5
171 253 6
163 208 5
226 241 5
220 241 10
115 190 9
155 222 2
184 253 7
68 209 10
131 212 4
194 219 10
56 114 6
180 220 9
194 236 1
196 199 3
114 265 6
1 225 5
188 231 3
135 226 10
87 223 4
34 199 8
114 180 1
130 153 8
27 160 5
1 194 4
50 201 8
98 235 10
201 231 9
89 212 2
115 239 4
34 178 9
217 226 2
67 187 4
166 173 1
37 189 1
197 258 8
116 261 1
21 182 4
128 218 8
33 140 9
37 69 9
82 112 10
35 43 2
16 260 5
196 264 7
126 229 2
50 202 10
31 236 6
196 211 2
70 202 4
162 213 3
103 161 4
107 166 8
178 226 4
172 258 5
165 268 3
99 174 5
117 218 7
101 238 10
49 144 3
77 177 10
72 246 8
11 215 9
143 206 10
37 226 8
84 174 5
96 174 2
171 186 9
46 217 6
26 241 5
2 252 7
186 195 9
25 198 8
79 216 4
148 168 10
23 50 1
209 260 6
216 245 8
155 204 5
69 148 7
35 203 2
107 200 4
146 203 3
102 162 6
143 272 7
45 206 10
42 120 1
26 159 8
66 268 7
205 267 3
150 224 2
20 144 9
153 224 7
230 268 7
199 223 8
30 172 6
29 252 10
35 118 10
29 135 3
101 215 5
138 221 3
74 179 9
13 103 9
53 84 10
86 255 2
94 246 1
214 226 10
43 169 3
36 205 4
131 191 10
9 206 5
108 234 4
90 107 9
50 84 10
169 206 8
100 104 7
39 221 8
128 231 4
83 114 3
204 231 9
135 227 6
71 195 2
58 226 7
133 251 7
65 196 10
150 185 5
218 254 5
45 222 1
50 55 7
212 230 7
36 179 3
186 258 2
186 218 7
190 254 5
3 130 6
215 229 2
66 199 5
83 98 5
131 195 10
5 251 1
158 213 2
112 253 7
69 124 6
159 254 10
83 125 10
104 272 3
35 237 3
23 102 6
125 251 3
10 55 10
243 249 7
125 200 5
209 218 6
1 188 3
74 104 1
163 212 4
98 232 6
36 246 8
130 258 9
161 195 10
72 266 8
181 199 9
117 244 1
179 256 10
103 218 2
117 181 3
10 133 1
85 178 9
136 203 2
245 255 7
109 155 8
196 233 8
95 256 6
30 129 5
87 142 1
176 181 1
115 146 1
236 253 1
141 165 9
168 252 6
134 266 3
184 189 7
69 261 6
118 213 5
92 220 9
205 255 1
