64 452
31 6
73 15
22 3
93 44
68 8
73 26
73 13
85 42
44 7
6 1
21 10
85 36
70 9
100 26
21 8
98 26
53 5
39 15
70 1
44 17
60 19
91 44
33 8
7 2
99 13
65 28
92 3
20 10
20 3
46 15
32 11
76 38
36 7
61 17
31 5
77 12
37 3
59 17
71 31
71 33
26 12
94 5
76 26
68 24
95 46
43 21
48 12
64 18
75 21
98 25
87 34
87 6
35 11
85 26
26 5
6 3
14 3
37 12
36 17
34 6
77 8
60 15
12 4
85 39
1 38 4
1 59 7
38 41 9
35 59 8
30 38 10
41 43 1
38 64 3
27 64 4
1 20 3
40 59 6
38 44 1
44 48 4
42 44 6
59 63 6
28 63 8
8 43 7
20 48 10
1 40 1
48 53 10
16 48 2
40 48 4
40 56 4
56 59 8
3 38 3
21 59 10
53 58 4
21 58 3
8 58 7
42 59 4
13 41 2
36 59 5
1 7 4
17 58 2
24 43 5
44 63 4
9 53 5
7 32 5
2 56 2
22 58 4
56 60 4
13 58 4
17 43 1
38 49 6
6 59 4
1 60 9
39 44 8
12 40 9
5 38 9
56 64 1
32 54 8
50 53 2
6 48 9
32 55 9
20 59 10
52 53 2
28 48 6
30 64 3
22 43 1
32 43 9
2 49 3
36 63 9
53 59 5
41 64 1
40 49 1
31 38 5
26 56 4
32 41 7
56 61 10
31 40 3
58 62 10
10 20 3
1 53 2
13 40 2
13 38 6
1 23 6
40 53 5
32 39 7
59 61 8
21 54 7
21 23 6
8 60 10
45 53 9
58 64 4
24 58 1
27 56 3
49 56 4
25 63 8
7 54 10
35 56 9
52 59 4
18 48 5
43 46 10
45 62 4
39 59 7
38 56 9
32 64 2
36 43 3
43 49 10
46 58 3
55 61 6
52 60 3
23 48 9
1 46 1
45 59 3
43 44 1
30 48 2
39 60 8
26 48 6
20 56 5
10 63 7
25 48 5
28 58 6
6 64 3
57 64 4
27 32 6
35 55 5
28 60 8
28 46 1
27 58 8
46 59 5
4 23 9
29 53 10
2 46 1
40 54 5
23 47 9
4 55 2
11 64 9
27 41 7
33 63 6
19 47 7
12 62 3
23 59 10
24 47 9
38 47 1
9 49 10
47 56 2
44 55 7
6 20 3
23 27 2
19 46 4
42 61 4
2 58 5
7 56 10
6 60 10
23 60 7
57 63 3
32 36 4
7 36 6
23 54 8
7 39 10
1 44 5
27 36 5
36 55 1
41 61 8
6 56 5
24 49 8
26 38 6
16 44 9
45 56 2
20 45 4
19 32 6
39 48 7
21 41 10
28 39 10
27 60 2
37 38 5
7 42 8
39 61 6
41 42 3
1 25 3
26 39 10
20 51 10
18 59 4
30 43 2
25 51 1
32 51 1
4 27 1
11 56 9
13 42 10
36 52 7
4 60 1
2 39 6
7 48 1
30 41 7
25 49 4
12 27 9
37 59 3
2 23 3
24 44 1
8 32 5
34 39 6
39 51 10
60 63 4
11 46 7
36 62 4
9 52 7
40 61 7
51 56 4
33 61 1
48 51 3
9 64 10
27 43 3
39 45 9
42 45 10
4 46 10
1 35 10
13 20 9
15 56 1
45 49 9
29 41 4
20 36 5
35 44 9
3 58 6
35 54 8
11 42 9
7 40 10
7 49 5
40 62 4
18 27 10
29 51 7
5 44 5
16 27 3
14 23 3
35 41 9
20 24 1
9 58 5
10 49 3
1 55 2
1 47 8
16 58 1
47 54 1
21 43 2
27 40 6
22 60 3
2 59 7
31 45 10
17 40 1
17 27 10
32 45 8
46 64 5
8 63 3
37 61 8
17 20 9
24 55 1
46 48 10
42 63 7
36 45 8
15 58 3
17 35 6
2 43 3
1 9 1
46 51 5
41 63 10
49 60 5
45 60 10
21 53 5
1 12 4
32 59 5
28 38 1
11 63 8
4 58 2
55 62 5
9 59 8
18 60 1
37 42 9
18 25 8
29 55 1
38 48 10
49 59 9
5 58 2
24 59 9
23 34 10
49 55 5
39 58 2
12 51 4
34 52 2
9 23 8
51 61 1
25 31 3
30 58 5
19 31 10
31 49 10
17 63 5
42 56 6
51 63 4
4 38 7
2 41 4
35 64 2
24 45 9
28 47 4
14 49 8
43 45 2
37 54 3
34 44 7
36 54 8
51 54 10
51 55 8
38 46 4
7 58 9
20 63 3
17 47 7
1 61 3
4 40 3
26 34 7
32 58 4
22 39 6
31 56 10
54 60 3
47 59 5
29 47 8
30 60 7
51 53 9
21 25 6
6 58 3
2 60 1
43 62 8
10 45 9
34 35 5
47 55 8
19 24 6
21 64 2
33 46 2
26 43 5
35 58 4
55 56 6
54 58 5
25 33 1
1 4 9
17 38 5
34 48 6
6 35 2
3 27 8
9 34 6
24 51 3
39 40 3
20 42 9
31 43 6
24 32 1
15 43 7
5 27 5
9 31 5
28 31 1
31 63 6
4 33 6
25 61 6
41 59 8
7 43 10
4 52 2
4 8 3
8 9 3
33 40 3
4 34 7
8 24 5
8 40 8
20 54 1
30 42 8
25 45 6
8 25 1
8 11 8
12 34 2
8 49 5
43 61 4
7 18 7
23 43 2
34 43 2
20 47 9
20 31 6
15 36 7
21 35 10
26 58 1
21 63 4
54 61 3
39 63 7
37 43 2
1 18 8
31 44 6
44 47 3
8 61 7
22 53 4
21 44 4
3 49 9
35 42 7
9 27 2
9 29 1
19 33 6
47 58 8
33 44 4
38 58 8
14 33 9
7 10 9
4 56 6
10 23 2
8 53 1
5 61 7
7 47 9
46 49 8
37 55 9
39 64 4
38 59 9
16 49 4
16 38 9
48 58 4
50 55 10
1 2 10
22 56 4
15 41 10
19 59 8
38 62 9
27 53 6
4 5 9
4 21 2
2 30 6
8 20 8
36 56 10
18 33 5
23 46 5
31 48 5
12 55 6
18 54 1
29 64 4
36 41 1
30 53 8
31 33 1
2 6 4
21 30 4
2 25 1
12 19 2
18 64 8
10 55 4
42 49 6
1 6 8
30 56 2
31 39 10
19 49 5
1 43 7
4 42 7
11 59 9
5 29 10
29 34 7
31 36 6
11 51 3
34 41 10
48 55 6
5 10 2
59 64 10
46 61 8
37 62 9
6 24 4
10 15 1
2 12 4
32 52 7
21 38 4
