81 1000
75 11
5 2
36 17
88 17
87 10
90 27
76 33
40 1
58 17
90 15
44 16
24 3
18 2
10 5
22 11
30 8
56 24
37 17
50 24
12 1
59 21
44 9
21 4
31 14
44 14
4 2
69 4
66 5
32 2
57 12
66 1
36 1
85 13
38 6
51 11
48 15
44 5
48 24
68 5
2 1
98 32
76 21
65 30
65 28
67 33
86 13
2 1
3 1
81 2
99 43
69 31
71 9
65 25
27 8
60 25
36 10
23 5
28 10
7 3
35 10
75 32
64 25
67 26
19 3
34 3
42 21
33 10
29 4
33 13
91 35
7 2
32 6
44 3
62 4
79 25
95 31
71 30
67 28
86 15
61 21
89 2
1 36 5
1 40 1
1 3 9
4 36 10
20 40 6
3 81 6
3 7 3
1 11 2
15 40 5
36 45 9
11 18 7
1 50 8
3 73 7
1 61 4
40 57 4
18 80 4
36 81 2
50 58 6
8 18 7
59 73 9
57 63 1
26 36 9
1 66 10
27 61 10
58 80 5
33 66 10
18 69 3
45 73 6
50 69 9
57 71 10
54 58 4
37 50 5
7 76 5
61 76 2
10 11 7
3 26 5
11 81 1
26 74 5
13 26 4
58 61 2
67 73 2
1 48 9
45 57 10
15 66 6
1 24 4
18 65 1
25 26 3
40 58 6
12 69 8
61 63 10
36 53 4
72 76 4
9 65 3
54 66 5
20 45 1
12 73 3
60 73 10
18 38 2
24 63 5
36 73 6
3 43 10
16 43 10
4 80 9
79 81 3
63 73 8
53 66 1
12 38 10
18 45 5
40 44 7
7 64 9
38 44 8
11 61 3
24 66 9
38 42 8
18 47 7
24 42 9
17 44 1
17 69 7
47 57 3
26 38 7
7 77 1
47 48 1
41 80 4
40 64 1
42 75 2
26 65 3
14 47 7
50 81 7
31 73 4
9 53 1
63 67 2
36 63 5
19 69 6
64 74 6
7 26 5
40 65 9
7 40 7
39 45 8
29 58 9
36 49 10
50 68 6
12 26 2
7 43 8
53 57 7
48 53 4
68 71 3
2 11 10
42 74 8
8 53 8
22 67 5
36 57 8
14 43 9
55 65 8
7 68 9
36 65 8
31 48 9
11 63 1
19 43 3
36 55 1
1 47 5
42 44 9
28 40 1
36 77 9
61 73 4
11 41 1
32 64 2
27 58 4
7 53 6
23 49 6
30 49 5
26 59 8
3 40 9
26 61 6
14 73 3
18 28 5
18 56 7
18 77 8
39 73 4
2 81 10
22 45 9
59 77 7
26 80 8
42 66 2
46 61 2
38 76 10
65 80 2
55 78 6
5 41 5
41 47 5
28 31 4
21 64 3
5 11 7
66 72 3
43 72 6
5 43 5
7 70 1
58 78 4
29 49 8
5 75 7
45 74 2
53 77 6
28 37 5
61 68 8
14 68 7
5 68 8
73 74 10
36 51 4
58 66 7
4 76 7
28 47 5
14 63 4
71 78 9
48 49 7
24 44 8
62 75 8
45 56 4
50 75 7
8 78 8
5 69 7
50 67 1
31 76 7
49 77 10
11 69 6
35 69 9
40 48 10
57 69 2
7 80 7
14 24 8
1 38 3
58 75 7
15 57 7
44 63 10
42 80 3
62 80 6
9 55 2
50 52 7
38 72 5
66 76 10
54 65 3
5 56 8
43 64 9
13 80 8
49 68 7
32 76 6
48 70 6
6 45 10
43 61 3
36 50 8
54 68 10
43 49 6
23 77 9
41 77 8
11 71 6
7 51 4
33 75 3
21 38 8
50 72 9
61 81 6
23 65 8
20 58 7
9 74 1
68 69 4
3 71 1
35 78 3
38 68 1
3 50 7
12 72 10
37 63 6
3 51 4
41 65 9
35 52 8
45 77 8
18 59 10
27 67 4
57 59 4
67 80 3
52 70 2
24 68 5
41 42 6
21 67 7
3 67 6
11 20 3
12 45 10
28 49 3
62 64 2
14 50 8
38 63 7
24 72 7
11 21 7
42 50 8
13 78 1
45 54 6
24 56 8
1 18 7
25 63 5
11 53 2
68 81 1
41 53 8
29 48 5
41 44 2
11 32 10
11 77 5
13 45 10
37 73 10
21 81 3
3 62 10
24 78 2
12 58 9
7 9 4
10 48 6
4 66 2
45 55 4
37 62 1
3 39 5
47 49 8
30 70 4
3 75 9
18 48 5
18 76 4
53 68 7
11 70 5
21 32 10
43 76 8
42 52 3
20 68 9
71 75 4
32 66 9
57 75 3
28 62 7
58 74 4
41 75 9
8 55 10
73 77 4
27 49 2
44 68 8
22 73 10
9 73 7
1 22 8
18 66 10
39 59 8
2 36 6
47 74 3
18 72 6
36 42 6
25 76 10
2 78 3
37 69 1
26 51 8
28 59 9
9 57 8
45 68 7
7 22 10
43 80 5
21 27 1
32 54 3
45 79 1
1 26 9
6 58 6
4 27 9
50 66 8
16 38 5
25 59 9
27 36 2
32 51 6
26 37 2
22 47 6
14 27 2
11 34 9
21 53 4
44 69 8
27 52 9
34 39 10
18 62 3
3 79 5
2 43 4
27 57 3
40 52 9
49 74 6
51 55 6
50 79 9
40 76 9
48 62 5
31 42 4
9 35 7
10 39 4
60 62 7
13 27 10
6 74 8
35 45 6
62 67 8
44 70 1
13 37 3
36 66 6
30 77 1
26 69 10
27 64 1
53 78 2
29 61 1
56 74 4
8 80 5
57 76 2
56 79 5
9 68 2
24 38 6
9 72 2
20 70 6
38 39 8
27 51 10
76 81 8
10 56 4
21 45 8
56 63 4
75 77 8
7 29 4
13 48 2
49 71 1
64 73 3
46 76 2
53 74 10
31 32 7
44 64 8
65 66 1
9 32 3
67 79 4
45 46 2
31 64 3
32 43 10
33 36 6
65 68 7
35 60 5
37 44 9
66 81 3
1 56 2
7 20 6
67 81 9
15 34 10
22 39 1
46 53 9
28 81 10
66 68 6
21 66 10
38 58 9
29 66 5
42 73 1
14 21 8
61 75 3
53 81 3
42 70 5
55 70 8
26 44 1
14 48 4
15 60 3
45 76 9
33 48 3
68 80 3
9 33 8
36 79 3
27 33 6
10 67 10
8 45 7
44 47 7
33 78 6
4 41 2
66 69 1
72 77 10
55 60 3
6 26 4
55 72 5
6 47 7
1 76 5
32 36 8
6 75 3
16 40 4
28 51 4
29 35 5
47 67 4
69 78 2
5 66 5
46 57 6
38 40 1
22 52 3
18 57 7
6 69 2
41 70 5
32 39 10
57 58 9
50 80 7
19 70 7
56 57 10
62 69 3
26 52 8
7 32 1
28 53 10
59 75 7
55 63 4
5 61 6
39 81 3
33 70 10
20 63 1
29 52 5
19 31 7
37 54 7
36 46 6
11 46 3
1 41 8
18 67 4
43 59 4
34 41 5
40 78 7
18 63 8
43 77 4
21 73 6
39 65 7
64 75 6
22 51 1
9 16 9
22 74 2
58 68 7
25 28 8
45 78 1
25 37 9
78 80 10
36 43 7
28 75 5
8 49 7
38 70 4
12 44 3
11 64 1
50 59 3
37 76 5
38 75 4
50 71 1
55 80 7
44 80 9
6 35 2
7 38 9
12 31 4
18 49 3
27 73 7
7 41 5
22 54 8
74 75 9
39 57 4
48 63 10
37 40 2
67 75 6
13 71 8
1 20 1
3 34 6
7 79 7
38 57 5
7 8 3
48 54 6
32 35 10
52 65 7
71 80 6
24 75 6
21 68 8
5 67 7
26 73 6
41 59 10
15 76 3
43 53 9
17 20 1
39 66 10
32 40 2
31 52 10
15 29 9
21 36 3
3 63 6
22 35 5
25 58 8
21 26 7
16 63 4
3 9 1
31 81 1
60 78 5
15 67 10
26 39 9
12 74 2
54 60 4
10 24 6
29 63 3
27 35 6
35 67 10
65 69 7
27 79 10
22 25 6
38 65 2
30 50 2
34 61 3
25 50 4
16 36 7
20 38 5
9 60 8
62 79 5
60 74 8
10 16 9
16 23 6
20 26 4
15 54 1
6 68 7
3 70 5
25 67 5
54 56 9
53 63 2
3 22 7
15 71 10
55 68 5
32 69 8
44 48 8
68 74 7
72 78 2
8 10 2
16 75 4
31 50 7
36 78 3
11 59 4
3 6 4
3 8 9
35 55 7
52 56 5
22 49 2
14 67 7
54 64 9
30 37 4
77 79 9
12 34 3
16 51 4
20 28 6
24 76 9
26 28 1
23 61 2
37 79 7
26 64 6
67 76 5
60 72 10
60 65 3
16 54 6
71 77 1
42 68 10
37 78 3
2 39 5
6 24 1
12 64 9
9 54 10
59 68 8
54 59 7
1 55 9
3 10 5
42 48 4
68 73 7
60 70 5
1 69 10
27 45 3
21 28 3
3 53 8
6 54 6
74 81 7
38 78 1
14 62 4
43 45 9
7 15 6
3 80 9
8 15 5
31 58 9
36 48 1
54 80 9
5 38 8
27 41 7
18 52 7
15 69 10
49 58 4
67 74 7
33 72 7
54 55 8
3 57 10
55 81 8
18 31 9
1 25 3
34 66 8
21 56 7
9 27 8
15 24 5
50 51 3
70 75 2
25 62 9
2 18 2
60 68 5
69 73 9
12 37 9
38 69 7
8 50 10
9 18 9
9 12 10
47 75 10
61 65 6
5 26 6
4 53 7
42 43 8
41 49 4
67 72 10
6 23 1
19 55 9
24 43 5
47 69 6
31 53 4
52 64 8
20 73 1
22 43 3
32 79 2
28 66 1
26 48 9
79 80 10
9 64 9
21 75 6
21 31 8
5 81 7
22 72 3
23 59 4
16 37 2
9 36 4
54 73 1
13 46 10
9 71 1
59 63 4
22 33 5
5 51 2
45 49 9
11 50 5
51 61 6
3 48 8
37 65 4
3 42 2
9 26 4
23 54 6
2 63 7
15 74 3
28 60 4
8 40 1
23 43 2
45 69 4
23 34 3
12 78 8
10 43 9
48 60 9
19 53 8
66 79 6
31 51 6
23 47 10
30 39 2
6 28 7
11 55 5
43 71 3
18 23 2
4 12 4
13 43 7
23 45 1
3 23 5
52 61 8
37 67 1
6 20 10
4 28 1
15 51 6
59 74 9
32 56 2
16 41 10
3 28 4
52 53 7
55 75 5
16 56 9
37 75 2
13 64 2
19 33 7
43 50 8
38 46 7
67 69 9
40 79 7
8 34 10
10 65 7
54 67 10
17 26 7
10 38 9
9 78 9
8 60 7
59 64 1
64 77 1
45 75 3
8 76 8
30 78 8
5 45 7
18 22 1
53 71 10
35 71 4
1 10 7
28 74 6
41 66 6
34 49 10
49 70 8
7 37 1
24 39 10
46 67 9
8 17 10
7 46 10
52 57 3
11 33 5
16 64 6
36 70 9
20 75 9
29 51 2
53 60 8
15 28 10
17 49 6
39 71 7
4 54 9
37 64 2
28 56 9
37 58 9
16 45 3
32 57 3
26 81 5
29 31 7
11 12 4
23 31 1
5 53 5
9 49 9
57 77 5
52 67 4
28 72 9
41 67 3
37 43 6
37 49 5
28 70 9
17 31 2
45 58 5
58 60 2
39 77 5
33 42 8
53 76 7
8 11 3
63 69 10
17 72 7
38 59 1
1 37 5
60 79 9
6 51 6
11 43 7
64 80 2
10 66 5
22 53 1
33 65 9
15 41 2
69 72 2
19 52 7
56 59 1
10 35 3
14 15 1
23 64 2
15 56 10
10 32 7
3 61 1
25 48 7
58 77 4
15 70 9
10 81 2
31 41 2
41 56 1
17 25 6
37 57 1
10 17 7
38 60 1
13 67 7
33 58 6
5 65 6
12 16 10
40 68 5
15 31 6
10 72 5
30 34 8
27 56 8
13 51 5
12 79 3
34 37 4
42 47 1
12 67 7
53 65 5
4 39 6
18 43 2
22 69 7
33 37 7
29 75 6
14 18 5
12 70 7
14 34 1
11 23 9
39 51 2
11 39 6
60 75 7
69 74 4
29 44 10
24 46 4
41 69 4
41 55 10
6 61 9
20 61 2
37 72 7
22 65 6
20 35 4
3 11 2
24 77 10
66 67 10
68 76 8
49 75 8
8 54 10
10 52 7
28 61 7
20 56 5
16 49 4
10 70 5
29 40 1
3 47 7
42 79 4
54 76 10
4 69 4
64 78 6
3 54 3
26 54 5
40 71 3
15 63 1
20 64 2
18 60 2
58 76 2
8 64 9
31 49 7
55 58 3
1 45 9
65 67 10
35 49 7
59 79 7
15 35 2
56 77 10
25 71 3
27 29 4
30 58 3
65 77 8
22 40 8
13 17 4
6 27 2
8 58 8
19 35 1
11 26 6
41 46 7
18 75 6
46 65 10
41 50 9
8 38 2
5 58 10
32 67 3
30 74 8
31 71 4
14 76 4
70 71 2
1 65 2
52 63 7
39 56 7
42 77 5
61 79 7
30 79 3
1 78 4
38 79 9
49 72 6
15 45 4
13 22 3
16 27 5
5 80 7
33 57 6
8 39 2
50 57 1
29 54 6
25 75 7
34 35 10
10 23 8
20 79 3
26 75 9
17 42 8
24 64 1
7 30 7
57 60 1
1 58 8
9 66 4
29 57 10
15 46 7
30 36 9
16 69 5
68 70 3
67 78 8
29 36 2
55 62 8
48 68 9
43 78 4
20 41 5
34 40 2
16 35 1
17 57 6
9 44 2
53 70 5
42 72 4
8 69 3
13 50 6
25 66 9
31 68 5
5 55 3
63 74 3
70 74 3
27 75 1
70 81 9
45 72 5
13 62 7
2 53 4
11 51 7
76 80 9
14 78 10
80 81 1
14 74 4
8 79 1
27 63 8
8 29 1
71 73 2
7 78 8
24 71 6
1 15 1
7 66 5
24 25 9
6 18 10
23 66 9
7 45 9
74 76 2
58 79 5
30 40 8
16 77 4
