21 164
11 1
36 4
7 1
21 10
36 9
70 27
2 1
59 28
34 15
51 4
16 1
9 4
26 1
74 2
21 10
32 8
14 1
41 19
53 19
47 4
95 25
1 3 6
1 13 4
3 10 2
1 8 7
3 15 5
10 13 2
1 11 6
8 11 5
1 10 9
11 15 7
9 11 5
1 5 8
1 21 3
5 10 6
8 21 7
3 17 6
15 21 1
4 8 5
1 18 3
1 19 5
7 19 10
16 17 10
9 18 4
1 20 5
5 18 9
11 20 2
6 13 6
8 19 4
4 17 3
6 18 7
2 19 2
12 20 10
8 13 1
5 20 3
13 19 6
1 16 7
19 21 6
16 18 8
11 16 5
5 8 10
5 17 5
8 14 3
13 18 3
4 14 8
4 10 7
6 19 6
13 20 5
3 8 3
10 11 5
12 21 3
13 16 2
17 20 7
14 17 7
8 20 3
5 12 4
3 9 2
19 20 7
13 21 10
9 12 5
6 12 8
9 15 9
16 20 10
14 20 4
14 15 5
9 21 6
15 19 1
7 12 10
20 21 7
7 16 8
16 19 10
12 16 8
2 11 7
8 17 1
2 18 9
3 19 1
10 21 6
2 13 4
10 18 8
9 13 4
1 15 6
14 16 1
11 12 7
17 19 4
3 18 3
5 9 1
5 15 8
15 17 10
12 15 3
15 20 7
8 12 10
13 17 7
1 2 2
5 16 10
2 15 10
7 14 5
15 18 2
18 20 8
5 21 4
5 19 5
10 20 9
9 19 4
4 5 1
4 20 6
9 10 3
4 11 9
3 14 9
7 15 9
2 16 7
4 9 9
12 19 6
10 15 4
4 18 9
5 6 1
10 19 5
6 11 4
9 14 8
3 6 9
9 17 1
2 9 6
2 5 1
12 13 5
2 10 5
4 21 10
2 6 6
15 16 5
3 13 6
8 10 6
14 18 2
6 17 4
6 7 5
6 10 10
3 5 6
2 3 10
3 12 6
1 17 1
8 9 10
6 9 7
4 19 5
9 16 10
3 11 2
7 21 10
1 6 10
3 16 8
11 19 10
3 21 8
11 18 10
10 14 9
2 17 5
4 12 9
7 10 3
1 7 5
11 21 2
2 21 4
6 8 2
4 15 3
18 19 10
17 18 6
2 7 3
6 15 2
12 14 4
10 16 9
8 15 1
6 21 8
17 21 3
