986 1000
536 27
203 12
813 13
301 29
244 41
727 23
267 15
180 16
653 11
947 44
489 37
510 27
789 4
143 30
809 24
535 38
86 50
790 25
641 30
28 22
60 24
30 33
724 23
552 34
474 30
175 36
355 21
610 14
735 25
377 4
108 41
36 42
687 47
811 16
621 40
477 44
795 41
97 27
221 38
541 20
710 48
205 41
779 13
258 31
322 27
870 32
185 13
838 13
17 40
360 20
227 12
141 33
555 41
951 8
507 25
317 26
51 4
326 4
517 44
578 20
531 4
346 15
868 16
310 30
949 42
905 4
985 4
120 11
982 7
312 26
877 1
85 32
171 13
922 13
973 3
438 12
891 47
512 34
160 14
713 34
598 32
985 20
690 28
737 20
483 17
391 31
869 12
98 27
900 34
561 7
711 44
743 27
758 46
732 27
136 40
960 13
438 13
905 49
867 10
500 6
714 19
814 41
809 17
496 19
419 44
665 8
314 32
976 5
856 7
717 6
662 49
449 23
162 42
261 42
567 30
643 5
575 26
773 7
549 16
639 33
741 10
431 42
975 4
305 5
70 3
901 1
891 30
621 10
662 10
1 26
739 8
680 5
288 44
269 1
575 4
786 23
722 50
678 50
898 50
408 27
150 42
499 44
722 25
135 1
437 31
95 1
721 22
125 15
634 12
439 41
846 7
128 20
792 36
626 6
253 5
16 44
590 50
724 16
396 49
855 17
750 22
195 45
351 6
188 43
854 12
38 30
195 14
483 23
691 43
385 19
316 22
853 19
886 20
241 25
125 19
613 13
858 37
266 45
690 20
123 28
387 46
262 23
643 3
782 40
681 36
61 36
668 27
493 8
313 21
666 30
393 11
223 8
720 7
789 33
500 1
931 40
942 12
378 32
682 11
684 31
932 31
892 31
440 25
31 33
113 31
930 9
586 13
531 20
573 25
22 41
423 32
971 38
259 11
379 6
741 32
238 3
593 14
946 38
247 27
625 28
889 23
696 30
473 20
268 20
254 33
209 21
952 15
752 8
63 10
42 27
302 4
341 49
142 16
835 42
813 8
394 49
657 49
31 35
937 31
202 22
594 33
294 25
976 31
978 35
719 25
638 47
693 45
70 19
812 49
372 27
381 16
160 40
841 37
630 6
615 19
548 23
494 44
891 12
328 28
679 7
166 17
147 8
511 6
840 41
119 9
518 35
542 6
293 36
767 24
372 24
802 21
510 42
201 28
648 20
11 9
947 3
293 49
919 13
599 33
607 25
845 36
814 8
669 22
74 47
987 6
459 41
743 48
508 49
433 47
223 25
982 3
334 29
788 1
105 42
982 10
366 44
331 6
279 25
288 16
224 24
927 28
480 46
296 35
268 23
766 31
23 18
908 11
841 32
413 3
891 24
128 1
480 44
793 43
761 31
472 37
494 16
462 15
659 32
130 47
349 18
859 3
403 22
350 50
800 15
760 16
653 26
145 25
14 26
965 31
841 14
135 32
19 21
382 4
684 48
119 20
465 5
136 14
334 28
606 1
426 11
540 40
512 49
45 41
206 31
746 46
852 8
677 25
679 31
180 6
786 47
606 5
516 12
585 49
553 5
827 44
674 19
107 36
661 33
411 6
409 4
361 22
766 13
859 29
33 10
937 7
70 40
515 7
604 38
834 1
209 18
112 3
82 3
676 47
66 2
723 20
885 20
115 8
954 17
298 26
749 5
470 7
40 20
476 21
949 46
215 4
137 46
684 19
271 49
980 36
107 27
294 20
163 45
146 27
789 28
19 39
626 26
881 32
867 49
23 17
968 33
822 46
520 20
476 40
923 37
504 2
120 46
939 37
234 26
270 30
97 22
865 1
899 47
983 9
880 19
763 3
524 9
618 16
449 33
948 32
944 18
829 17
406 36
307 13
813 2
466 37
481 20
546 31
386 45
96 34
252 2
90 36
130 27
88 36
791 33
475 48
583 31
187 41
663 16
846 26
821 33
812 5
304 18
797 26
969 35
45 40
486 50
160 29
810 1
728 4
656 19
90 31
839 40
586 30
450 37
926 7
23 36
706 13
866 41
303 16
253 13
683 35
73 3
960 13
709 16
407 13
520 13
373 31
296 45
674 38
608 35
455 29
182 19
29 1
518 15
802 3
357 9
928 44
646 35
565 26
931 27
690 14
92 2
575 38
300 23
874 35
80 46
949 33
9 27
299 5
895 24
691 31
848 25
794 21
255 5
932 40
312 48
752 49
775 7
19 22
255 2
920 2
634 8
292 37
252 27
110 42
296 25
114 8
48 17
550 1
890 1
66 20
669 27
328 36
581 45
90 7
95 48
443 15
315 12
497 22
844 12
134 6
286 49
573 31
687 13
183 8
719 39
822 24
815 22
915 19
599 28
337 28
274 41
727 41
409 29
997 36
771 16
706 45
571 1
545 13
683 23
788 30
737 22
714 12
761 21
450 12
493 21
694 32
666 6
320 42
610 35
623 20
621 1
780 40
557 42
620 34
209 26
974 45
353 44
2 9
986 14
920 22
954 50
91 31
766 18
685 44
610 32
534 7
614 9
382 40
780 44
140 24
777 18
426 9
431 48
963 37
404 17
549 5
40 50
838 24
565 27
596 34
68 45
582 13
899 49
792 37
655 29
453 14
458 17
450 32
8 22
491 14
947 1
777 21
496 25
710 50
333 22
901 2
857 50
222 6
195 3
887 5
568 41
794 9
538 24
496 36
479 47
800 15
803 46
868 36
257 13
686 13
920 39
611 34
293 27
391 36
986 43
417 4
75 17
866 12
764 5
588 50
296 44
346 27
927 2
730 36
554 28
747 12
729 18
327 36
793 34
711 21
881 22
344 30
890 46
947 28
499 5
780 22
720 42
688 21
969 44
241 22
415 14
459 25
375 2
127 44
351 22
837 3
59 5
813 44
368 15
780 22
795 7
155 17
912 33
481 17
120 17
36 42
649 49
572 14
894 21
85 46
582 5
807 5
871 27
958 3
198 15
818 23
460 9
39 4
733 36
81 49
710 18
264 29
681 15
364 28
686 30
360 27
88 2
450 3
293 44
354 10
785 23
139 18
868 19
671 27
965 14
143 42
221 28
836 3
45 22
981 31
672 5
782 43
925 1
528 29
155 48
559 19
945 21
34 20
716 17
306 30
496 44
821 12
785 27
643 17
570 40
546 30
805 5
603 14
43 37
681 48
13 49
680 29
416 35
341 21
433 15
117 28
54 23
379 38
738 23
238 49
359 22
718 40
894 41
985 35
835 11
693 42
990 32
637 46
125 46
676 43
865 1
517 22
348 27
52 12
519 44
702 38
146 24
211 48
702 25
768 50
217 38
977 43
913 15
117 46
932 9
821 42
471 36
507 29
842 26
877 14
13 27
113 21
276 19
121 26
464 48
191 13
855 38
505 14
449 43
959 15
334 50
929 46
654 40
449 19
326 20
653 23
467 7
377 36
597 35
279 46
62 33
708 25
861 47
875 28
743 38
86 5
683 7
40 4
963 49
330 19
952 11
682 18
976 22
767 13
202 50
841 41
278 32
247 50
738 20
411 39
109 20
709 6
886 38
765 16
854 28
283 15
913 7
323 43
709 3
539 26
781 26
485 39
4 42
260 6
275 7
892 2
916 17
239 2
646 34
708 50
549 5
378 46
417 4
853 38
926 20
975 32
901 29
526 35
54 27
360 50
561 47
215 25
287 7
363 39
401 37
199 10
189 3
770 39
45 50
185 20
350 4
821 21
760 24
699 30
657 43
715 2
574 38
451 22
311 10
944 28
423 6
194 8
51 43
525 35
178 24
429 1
758 32
405 19
820 33
784 13
744 12
379 18
827 50
802 30
943 45
667 33
771 2
875 46
598 15
288 14
657 1
397 8
772 22
987 50
376 25
523 24
370 34
605 46
635 29
434 43
575 35
995 5
907 7
143 30
738 34
841 7
766 49
536 49
593 13
365 2
324 42
956 43
569 29
521 30
30 36
554 29
200 41
452 42
953 3
256 2
499 40
270 19
17 25
800 44
562 13
189 9
372 48
923 12
132 18
720 26
552 13
880 31
1 48
936 12
891 39
82 19
914 9
556 8
63 34
419 45
665 39
36 50
696 31
340 30
945 8
785 11
290 42
21 18
715 40
504 28
393 1
724 3
187 26
117 9
985 12
649 31
3 32
42 32
540 7
72 7
97 3
13 25
64 37
572 39
411 18
50 26
932 46
358 18
907 29
471 39
192 13
770 28
447 24
730 24
78 17
56 30
369 35
627 38
923 25
46 49
654 24
291 35
338 4
253 43
202 33
481 9
175 49
793 18
991 25
493 22
51 16
800 23
185 50
382 23
247 43
802 14
144 46
436 29
403 37
623 27
599 41
382 35
728 39
466 49
412 47
705 43
491 29
762 10
525 23
902 11
195 29
471 30
647 10
391 6
685 42
1 809 8
574 809 8
103 809 9
1 52 9
479 809 10
52 907 4
182 907 9
24 907 8
379 907 3
1 198 4
198 230 5
198 922 8
1 927 8
684 927 7
1 813 2
127 198 10
719 813 4
20 813 9
198 909 3
230 276 10
230 244 5
697 927 6
907 981 4
244 765 2
198 861 5
52 669 6
198 316 4
100 981 5
244 851 5
127 244 6
241 316 2
230 381 7
316 921 6
276 547 4
233 765 7
276 903 9
500 547 9
244 446 10
230 800 2
154 813 10
276 679 9
887 981 10
466 547 6
1 706 5
525 706 9
83 244 1
245 316 2
26 903 3
904 909 7
120 669 6
572 765 4
10 921 9
687 927 9
52 789 10
765 819 8
52 891 7
618 927 6
381 643 6
731 800 7
169 819 5
492 819 10
829 909 5
643 709 1
1 694 2
1 301 5
463 861 6
693 907 6
337 981 7
160 446 2
685 927 3
775 927 5
212 709 1
153 643 5
301 523 6
667 861 3
198 747 7
643 981 8
96 981 9
697 891 6
45 851 5
544 679 5
283 907 7
503 922 8
800 804 3
244 444 1
287 891 2
222 819 7
384 765 10
276 398 2
786 804 9
326 809 3
403 813 6
3 669 5
11 276 6
276 643 7
214 301 9
276 700 1
8 909 7
727 891 4
388 927 8
550 694 6
218 276 2
203 819 5
688 909 4
765 956 4
280 381 2
230 695 2
360 903 4
308 981 5
401 981 3
301 778 4
669 891 2
700 916 7
13 956 7
428 956 2
301 709 4
1 747 6
1 640 7
63 523 4
679 834 1
497 523 5
248 695 9
253 700 4
160 800 7
606 927 6
123 903 9
277 640 7
187 834 7
381 708 4
142 789 7
446 927 4
655 903 5
275 695 2
532 922 4
551 813 8
536 747 9
640 784 5
15 708 4
519 765 3
826 903 7
416 916 3
466 765 4
706 911 6
523 861 1
107 927 6
829 834 4
619 891 4
244 651 7
141 276 2
514 640 9
52 395 3
695 779 4
877 911 5
813 947 8
171 778 10
850 947 7
824 911 1
538 679 3
547 920 10
176 921 5
407 695 3
28 927 3
266 911 1
343 700 10
383 819 7
52 294 9
230 690 3
709 785 8
554 947 5
547 855 10
141 747 1
26 690 6
446 712 7
596 956 1
32 446 10
629 891 10
779 880 10
74 861 2
785 930 5
809 960 3
647 813 1
405 960 9
10 747 1
292 523 9
493 855 2
687 695 10
548 785 4
337 927 4
196 909 9
52 805 9
345 981 5
98 956 3
387 547 3
417 789 5
368 398 9
118 708 4
198 626 6
930 941 3
297 813 2
240 640 6
920 947 7
495 712 4
246 809 5
679 852 5
546 789 1
390 626 1
221 709 6
941 974 8
472 891 8
960 983 8
806 960 2
543 643 1
2 852 4
700 838 1
412 765 9
1 217 2
778 846 9
699 765 1
707 819 8
433 643 7
10 909 8
643 835 4
207 695 4
338 700 8
243 706 6
656 813 7
474 784 1
765 934 1
398 942 5
395 943 7
571 852 10
504 547 7
736 838 9
678 695 3
446 752 3
943 970 3
770 930 10
198 335 2
813 837 3
601 851 6
316 539 7
241 846 1
373 640 3
746 789 6
256 700 3
52 539 9
90 981 6
83 547 2
694 922 3
638 852 4
295 789 6
294 352 6
642 927 3
99 804 1
368 778 8
700 817 7
776 835 9
111 539 9
756 837 1
507 804 5
229 880 10
468 700 9
166 230 8
238 970 7
722 838 5
198 245 4
229 983 7
679 787 6
817 835 2
554 909 2
809 983 9
189 837 6
600 835 4
370 907 5
633 921 5
140 779 7
397 669 6
923 942 5
934 938 2
782 846 5
669 900 10
685 817 2
669 879 4
108 938 9
316 967 2
301 719 3
49 446 5
88 640 3
392 395 2
276 927 7
335 906 5
711 956 6
891 915 1
523 906 8
706 790 4
219 245 2
177 851 6
645 834 7
85 708 6
160 817 4
78 352 7
446 845 5
381 385 2
40 385 6
198 957 9
643 881 6
116 706 3
461 813 2
180 230 8
448 915 1
487 934 3
543 819 1
469 785 2
643 888 5
395 410 3
301 879 7
745 800 4
954 970 1
381 856 4
333 983 1
207 960 10
531 669 3
613 921 10
549 778 10
189 879 9
95 385 6
179 316 9
784 785 9
709 740 7
406 956 1
666 846 7
780 981 1
130 915 3
33 920 2
498 708 2
119 888 6
309 712 3
178 960 2
690 844 9
61 719 4
117 927 3
750 970 2
371 690 4
800 919 2
318 934 7
767 891 5
1 693 1
198 717 2
347 970 7
932 938 8
510 834 6
669 888 1
335 837 8
510 778 6
875 942 2
330 930 10
763 983 5
643 925 2
406 709 3
503 752 10
857 947 2
252 817 5
363 643 8
544 934 10
765 978 6
942 956 4
251 851 4
765 899 1
571 679 8
283 712 4
337 626 8
219 752 4
385 669 6
275 752 8
651 728 5
109 679 1
719 775 10
483 861 10
866 974 8
528 942 7
196 911 6
305 925 8
178 752 8
907 919 1
541 708 10
817 981 2
483 690 5
26 846 4
23 845 8
712 775 8
410 594 2
473 679 3
189 978 1
728 817 9
11 804 8
195 934 6
594 616 7
189 881 7
143 942 10
93 643 2
675 804 7
693 862 4
761 978 1
941 983 8
93 679 2
855 926 3
758 967 5
775 800 1
182 626 4
166 881 1
798 804 10
900 969 6
781 947 9
567 712 5
52 935 10
583 856 4
24 381 6
301 396 5
395 700 7
58 785 6
318 717 9
700 805 10
700 960 5
94 669 8
480 900 6
454 785 8
728 865 8
615 911 6
708 832 2
728 853 4
700 957 5
286 813 4
764 787 10
352 892 1
700 845 9
799 853 1
521 967 3
377 626 5
95 594 1
658 900 10
786 892 8
623 851 8
541 851 6
69 978 6
219 935 6
570 978 7
94 789 9
499 785 3
232 335 2
888 900 5
694 777 2
210 398 8
140 838 8
321 616 9
117 956 4
197 881 4
462 853 5
43 879 9
396 502 5
421 809 7
129 970 6
316 960 9
720 935 8
797 909 3
230 691 1
375 396 9
88 906 4
618 960 3
104 385 10
740 861 8
349 906 10
323 919 5
855 860 6
636 880 7
203 805 8
794 956 2
294 887 8
458 856 1
183 765 4
769 967 10
502 724 4
396 652 7
803 925 4
276 874 10
728 966 5
62 294 1
473 891 2
294 819 3
777 903 10
532 852 2
185 916 4
101 778 6
226 669 10
271 819 5
384 947 10
757 942 5
709 838 9
49 717 4
43 740 9
301 389 5
879 922 3
603 690 8
538 740 1
471 887 6
205 389 5
603 956 10
778 903 9
333 691 1
320 700 6
86 717 2
119 539 10
160 719 8
490 938 7
712 814 1
191 846 1
651 942 8
193 943 5
221 690 5
94 851 7
820 834 6
556 891 7
89 396 1
790 835 3
713 765 1
263 900 8
316 681 8
52 663 6
263 712 10
52 195 6
773 981 2
301 600 9
48 925 5
269 396 8
845 862 10
419 899 7
552 978 9
246 335 2
230 744 8
583 927 7
234 860 2
32 921 6
82 943 6
502 710 4
922 985 10
64 695 5
1 614 1
363 881 6
125 195 7
287 396 7
524 728 1
117 874 8
294 981 2
669 967 3
431 956 2
779 888 5
198 439 10
685 865 7
73 706 4
618 957 7
785 933 5
566 744 6
163 790 2
570 960 8
364 724 4
304 938 10
177 681 9
240 335 5
862 921 9
511 927 4
288 935 6
756 957 8
539 983 5
50 865 6
241 245 4
280 681 8
547 864 1
8 864 3
305 906 5
147 616 4
264 626 7
559 784 8
619 778 2
338 880 9
120 969 10
137 352 7
720 800 7
26 710 1
333 925 1
412 862 8
45 790 2
680 778 4
772 865 10
523 936 9
106 800 9
492 724 5
52 251 1
395 805 2
110 804 5
178 888 3
855 883 5
579 880 10
726 888 4
269 712 7
740 829 6
102 444 7
297 765 3
694 787 9
146 813 5
301 517 9
87 396 8
109 974 6
294 947 8
72 892 10
367 852 5
24 844 3
675 706 2
586 927 5
141 909 10
395 716 7
804 957 2
576 983 2
395 817 7
681 896 6
230 648 6
861 907 6
213 276 1
651 877 1
209 804 7
114 784 5
325 936 8
33 919 1
623 695 10
395 637 10
328 921 2
158 244 8
240 874 8
638 862 1
32 251 9
198 591 3
714 838 7
117 217 6
42 835 10
380 651 4
598 838 8
316 769 7
725 856 7
245 431 9
820 935 1
716 718 2
615 800 5
318 805 10
615 834 1
98 594 4
118 693 2
107 891 3
410 715 6
171 809 3
426 765 5
243 861 8
572 784 2
547 637 10
396 553 6
249 716 1
394 690 1
251 880 7
230 583 7
860 930 6
507 922 7
717 860 9
316 767 10
209 640 4
196 716 7
261 851 5
268 933 4
775 777 9
707 728 10
208 740 8
585 915 1
294 814 8
352 439 6
170 695 9
628 903 1
566 956 7
66 769 1
136 906 4
128 681 8
413 933 10
665 969 2
566 899 3
217 416 5
271 547 4
242 844 8
371 838 6
502 922 3
647 906 10
851 964 7
625 862 7
202 925 7
279 652 2
159 851 4
163 316 9
869 960 5
302 547 9
588 769 2
398 902 5
539 933 2
274 679 1
787 985 7
78 934 7
219 651 6
471 902 9
198 942 7
864 983 5
754 957 1
651 984 1
136 693 6
349 943 6
276 410 6
601 651 1
205 789 1
32 933 9
568 800 4
243 294 4
176 922 6
706 769 6
678 719 6
389 879 4
564 804 8
238 915 2
639 920 5
265 446 7
355 888 8
528 927 6
27 916 6
17 583 1
490 969 3
694 921 7
597 883 3
335 675 6
335 681 9
142 967 9
624 947 4
332 837 8
690 921 6
29 416 10
614 983 10
370 899 1
809 978 9
505 790 5
775 960 1
223 251 2
648 737 9
780 856 6
96 523 9
219 444 1
450 887 6
65 716 9
136 900 5
68 752 7
459 769 8
663 716 2
87 819 6
471 936 9
60 855 6
412 444 5
387 942 1
273 970 8
925 935 4
725 832 5
712 846 7
783 919 5
728 947 1
453 785 2
626 885 8
56 439 6
355 967 4
584 804 7
91 679 4
301 740 3
640 838 9
385 527 9
400 681 1
199 935 6
744 753 4
402 789 4
525 737 3
832 906 9
16 747 9
603 984 1
28 874 2
276 716 6
117 517 4
814 832 7
706 762 1
536 925 9
439 744 2
491 502 2
40 52 5
615 652 3
845 934 6
134 966 3
1 860 1
521 775 7
130 724 8
532 690 7
385 546 2
637 822 8
230 670 4
708 758 7
558 614 4
747 948 5
87 709 5
397 942 3
308 591 8
503 819 10
367 891 10
629 964 5
796 943 5
518 983 4
444 818 4
490 919 7
219 663 7
815 907 1
349 851 9
415 747 4
536 817 6
90 891 3
414 838 2
244 711 8
900 925 7
6 845 6
773 805 10
779 787 8
591 884 3
90 907 9
640 765 3
398 492 5
527 741 4
614 830 8
316 971 9
294 345 10
271 881 1
358 822 6
335 597 3
112 935 1
410 909 6
173 669 6
188 395 7
289 446 7
149 926 5
101 861 8
826 978 6
32 637 7
908 916 6
339 892 7
45 385 3
234 716 1
711 965 3
446 539 10
416 892 1
423 845 3
165 822 9
43 744 9
410 532 2
195 768 1
57 690 8
529 539 1
397 965 2
439 616 9
695 773 9
33 740 5
156 960 4
199 907 2
36 789 7
613 985 4
846 892 5
813 826 10
387 891 5
869 935 10
550 906 3
693 890 6
524 758 6
398 643 8
389 974 2
142 883 3
719 779 10
743 948 8
198 966 3
249 809 8
230 773 8
636 779 8
766 921 2
258 446 5
679 732 2
634 643 4
704 956 7
1 690 8
343 981 4
664 921 6
709 824 8
45 845 6
626 964 1
184 942 7
669 796 7
613 829 10
762 950 9
883 930 5
217 221 3
149 301 6
202 614 4
672 877 5
414 767 10
609 933 6
539 864 3
286 978 10
296 762 8
101 805 9
148 822 10
446 528 4
86 694 5
754 860 1
1 442 7
554 813 4
417 517 1
640 826 10
638 983 1
179 891 6
546 965 4
69 947 7
818 822 8
78 971 7
511 885 5
179 960 2
805 950 1
391 583 8
563 711 6
737 791 10
774 852 5
464 938 7
756 884 8
159 900 10
855 899 3
563 985 10
311 773 2
210 547 10
567 888 2
896 924 4
45 532 1
255 926 8
1 189 1
457 860 2
505 942 8
502 546 4
238 663 10
788 922 4
453 985 4
26 981 7
18 960 6
203 860 2
777 796 7
883 915 10
389 894 6
174 947 9
246 439 8
138 936 7
445 844 4
498 851 1
708 756 1
221 712 8
695 805 8
300 865 1
473 934 6
369 846 5
485 681 6
490 740 7
669 813 8
752 903 1
364 740 9
372 652 6
344 805 3
218 956 10
796 864 7
420 643 8
663 747 10
912 970 4
489 681 7
554 832 5
638 919 8
416 937 8
262 762 4
444 506 4
791 846 8
198 728 10
532 938 2
1 583 1
818 907 2
286 906 9
402 670 10
351 983 5
1 516 9
