362 208
47 23
51 1
32 13
18 6
57 6
53 7
87 35
25 8
30 15
68 32
42 8
93 15
82 10
40 15
96 24
48 23
30 5
18 8
66 2
77 32
29 4
60 7
30 2
14 3
7 1
24 10
11 4
24 9
92 6
25 2
69 29
32 13
30 9
50 1
78 24
77 21
6 3
67 8
47 5
11 5
15 7
66 27
47 19
34 7
6 3
49 18
87 2
2 1
27 3
90 5
35 11
8 4
37 9
56 20
63 21
73 35
57 5
48 4
5 2
53 6
96 17
63 29
54 5
29 10
90 9
39 13
26 1
73 1
79 6
29 6
67 33
42 21
54 26
12 2
49 10
82 28
18 8
4 1
51 10
4 2
96 42
39 2
100 25
94 10
90 14
31 9
73 22
32 14
17 4
87 3
43 4
9 3
96 47
54 23
77 33
92 41
78 16
79 17
89 7
69 29
39 6
45 5
67 6
49 12
75 16
76 8
11 3
95 2
44 2
29 7
1 1
44 16
27 4
60 7
67 14
79 27
92 20
98 43
21 10
93 23
89 11
1 1
76 18
93 4
82 8
58 4
27 6
8 3
92 5
16 5
58 29
78 20
41 17
65 6
75 18
64 13
64 27
30 5
5 1
9 1
86 7
71 13
23 3
92 11
91 4
66 20
58 7
59 28
30 1
100 8
71 26
48 3
56 25
50 24
73 25
66 21
99 35
17 1
26 12
76 27
29 2
9 1
43 16
1 1
40 11
22 4
42 7
9 3
25 5
29 3
66 11
50 3
11 5
68 34
84 21
27 3
30 8
50 1
43 19
52 16
96 40
36 17
29 7
87 27
69 14
98 29
20 7
69 3
99 12
53 18
88 12
28 11
34 14
26 7
54 7
78 25
96 38
98 14
79 12
97 6
69 32
100 48
71 2
83 15
76 8
52 17
9 3
90 2
52 22
31 3
2 1
95 35
12 1
46 6
99 14
50 9
12 1
7 2
42 10
93 20
8 3
9 2
50 6
89 2
58 3
54 14
1 1
62 21
37 15
92 21
56 21
11 1
49 24
46 3
46 4
88 42
14 4
83 23
80 38
61 28
41 9
24 11
91 25
3 1
4 1
94 10
74 5
47 8
76 9
73 36
91 35
20 3
82 7
27 4
68 27
50 1
54 5
60 5
1 1
51 1
13 2
34 1
54 23
15 2
22 9
100 45
72 2
77 33
98 31
77 35
17 5
38 15
100 3
74 25
4 1
76 18
95 3
63 24
81 28
50 10
46 8
25 2
32 11
44 11
42 15
97 36
99 30
49 16
45 17
31 15
4 1
79 6
25 5
75 33
68 13
81 1
2 1
69 14
72 34
7 3
80 20
34 6
28 1
56 5
78 5
98 49
72 16
1 1
38 16
72 12
72 24
23 2
100 16
3 1
92 32
42 10
93 26
12 1
4 2
69 3
15 7
22 5
55 18
89 21
8 2
15 4
51 16
40 3
35 13
24 11
46 3
59 7
99 28
92 5
32 12
18 3
19 8
60 21
74 34
68 5
31 4
47 11
63 14
84 29
14 5
65 13
92 38
21 4
73 6
64 1
30 5
90 21
49 23
76 4
84 6
82 10
56 19
89 4
98 9
47 15
17 4
28 10
1 260 5
1 221 3
60 260 5
139 260 5
221 324 6
206 324 2
50 260 3
133 324 7
260 298 5
260 356 5
86 324 9
1 17 4
293 356 1
103 298 4
298 311 4
132 260 4
194 221 2
255 311 9
1 11 5
248 356 4
165 260 9
17 186 4
305 356 4
89 311 2
324 360 2
98 311 9
211 311 8
1 186 3
181 260 8
11 152 2
112 221 6
310 324 1
221 335 8
152 317 9
248 335 9
1 60 6
11 164 8
296 298 6
152 237 5
60 98 3
11 132 4
17 202 4
152 247 4
111 298 10
127 221 6
157 221 10
247 311 4
1 111 4
338 360 9
152 335 7
128 360 5
61 360 2
164 226 6
196 335 3
247 312 1
163 186 7
186 314 7
258 260 3
77 132 2
111 340 6
216 360 10
74 311 9
221 260 2
26 312 9
98 226 4
1 87 2
226 247 7
271 298 9
260 350 5
59 311 7
311 340 5
340 353 5
221 236 6
11 359 8
237 336 5
16 202 2
152 307 4
87 259 4
222 340 2
219 237 7
111 349 4
236 360 7
44 226 2
146 247 8
164 272 8
93 314 3
27 360 10
142 202 10
82 132 7
179 247 5
153 272 10
17 132 9
4 359 2
80 132 4
74 237 1
136 272 7
48 349 1
11 311 4
11 357 9
102 336 9
199 260 6
226 351 2
61 350 2
230 317 4
29 60 4
226 357 5
11 228 1
221 239 2
87 186 2
328 353 9
260 339 10
10 228 3
49 226 3
199 226 6
150 307 10
183 226 8
87 351 1
317 325 3
87 97 2
198 351 10
11 298 7
221 316 1
1 345 5
200 353 3
160 356 4
107 336 5
111 169 1
256 316 2
43 351 5
260 335 2
87 260 1
65 111 6
162 360 9
1 129 1
84 226 3
288 298 4
164 316 8
24 307 8
239 298 4
54 336 4
237 254 10
245 317 5
129 153 2
39 169 3
206 357 7
78 186 10
12 360 7
17 196 1
97 299 1
42 345 6
164 165 1
137 221 8
20 111 8
111 236 9
50 186 7
272 317 6
191 317 5
3 164 4
87 184 9
299 347 2
3 132 4
237 240 9
46 325 5
36 299 7
57 312 4
46 226 3
10 353 1
56 98 10
11 156 6
156 252 9
251 317 10
292 324 3
290 353 10
6 152 5
144 356 1
66 336 6
24 129 8
88 247 2
156 357 7
165 326 5
3 298 8
298 341 10
165 310 7
97 221 8
237 313 5
268 307 1
211 221 9
60 108 9
196 200 10
25 200 8
7 326 8
140 340 6
237 241 9
290 317 10
226 294 7
84 259 1
15 239 3
260 357 6
279 347 9
87 190 4
93 169 4
49 165 1
142 254 2
132 347 6
260 351 8
73 350 8
101 357 9
62 336 9
