761 1000
23 13
389 28
443 11
254 39
339 26
410 43
351 4
709 1
96 23
31 5
882 4
850 35
287 37
648 14
353 20
226 25
876 18
607 14
274 31
429 36
270 24
811 19
135 30
405 19
682 9
156 8
343 39
779 25
848 41
70 1
320 14
58 23
638 34
645 26
7 43
586 17
815 5
195 27
721 14
296 14
616 4
748 6
396 42
841 17
904 46
681 16
349 46
501 14
727 42
528 9
788 20
264 20
460 28
6 47
87 4
489 21
548 5
583 8
567 31
481 28
20 50
776 38
611 22
995 22
10 45
165 41
455 12
1000 9
599 48
197 33
855 36
391 38
938 17
982 5
858 39
773 38
883 23
222 19
74 42
808 22
325 6
554 41
604 42
736 15
387 44
221 1
61 26
103 20
303 27
103 34
839 27
454 26
609 6
495 7
886 40
204 14
28 23
891 41
311 43
847 2
851 40
862 36
171 37
865 49
83 15
302 35
149 40
154 39
886 26
382 31
618 21
945 5
474 1
845 34
712 28
219 16
845 14
474 39
595 30
550 26
277 37
17 11
486 15
162 18
50 15
411 27
420 18
86 18
162 10
885 10
833 8
204 27
292 38
845 1
114 47
156 5
518 27
232 36
162 37
618 25
351 9
140 15
899 9
3 31
247 18
710 38
6 27
750 28
219 49
954 24
267 41
16 26
328 47
82 49
724 6
984 10
226 18
56 9
374 22
87 9
186 29
725 49
38 47
648 28
522 41
776 7
957 25
25 17
586 7
25 40
922 47
489 15
23 11
841 29
835 47
762 15
105 31
502 50
993 27
259 39
78 8
234 3
977 43
662 49
728 6
311 37
305 16
490 47
752 31
627 13
681 44
631 32
526 3
894 42
506 29
234 21
843 5
205 15
523 32
273 29
990 34
580 49
463 15
654 30
483 6
671 26
508 12
605 12
758 24
172 7
487 13
749 24
554 26
871 17
343 41
315 29
123 21
589 34
594 10
854 37
483 14
114 24
630 17
54 17
722 15
463 27
959 6
301 8
401 29
662 5
855 46
949 31
49 15
373 2
158 13
536 30
896 48
335 12
555 14
705 42
686 43
42 16
778 4
1000 41
116 8
288 15
948 30
635 6
113 35
451 9
431 3
304 12
14 11
514 24
601 19
775 38
462 32
228 20
343 47
367 31
311 3
69 21
838 47
806 18
320 7
390 41
790 44
793 47
275 35
364 14
473 2
131 32
529 19
5 3
46 16
814 18
572 35
837 29
37 42
797 19
32 45
104 23
479 37
232 41
981 21
63 24
326 10
403 13
215 22
572 9
28 38
633 8
893 42
81 46
30 26
594 33
97 19
786 49
464 8
993 4
261 23
360 5
303 41
756 27
117 22
719 43
715 40
287 34
943 21
516 17
118 3
357 27
698 50
954 12
595 2
355 22
805 1
453 43
650 27
736 10
522 49
374 34
519 21
276 34
573 1
504 38
785 39
611 43
435 22
33 25
60 8
494 14
75 42
398 46
876 43
27 44
52 32
995 39
430 8
980 28
477 32
557 36
166 29
966 15
510 16
644 6
955 20
357 7
712 16
410 2
77 23
557 42
533 19
135 9
713 23
908 26
921 43
700 47
57 28
879 36
770 23
853 24
514 9
150 42
262 14
186 21
950 28
111 15
555 28
133 15
417 37
259 30
794 32
573 13
504 33
476 18
636 47
630 28
927 35
590 4
721 5
962 47
630 25
72 34
328 12
659 34
327 16
46 19
139 39
781 22
501 24
618 45
860 16
56 42
848 17
347 31
633 35
363 47
418 33
138 41
402 45
915 48
428 39
198 24
686 21
906 45
474 45
574 26
93 16
90 2
312 1
736 16
767 16
490 42
839 18
899 36
774 12
350 16
743 1
349 40
940 14
663 17
551 25
703 41
800 45
325 6
67 23
337 16
66 12
862 6
517 46
613 32
10 2
788 2
836 44
258 34
834 21
10 3
325 38
214 41
606 4
805 12
294 37
497 9
384 33
827 30
152 41
418 29
799 32
239 44
895 7
340 8
512 11
732 16
649 43
872 8
936 42
460 7
252 25
74 3
328 25
855 2
12 4
9 28
634 44
769 48
323 26
608 21
689 14
2 1
955 27
341 19
57 1
210 39
503 6
651 45
61 23
78 24
38 48
561 20
984 12
843 47
69 27
395 43
907 43
733 19
537 50
893 44
652 22
346 6
363 29
941 38
95 8
606 16
799 1
527 48
450 32
897 46
210 38
114 5
828 50
996 28
32 40
814 18
627 11
304 35
318 25
978 13
747 47
145 42
289 13
338 3
834 41
212 5
190 22
851 33
659 33
517 18
936 33
400 28
792 2
649 4
560 26
526 24
766 45
925 38
754 45
603 36
26 50
767 9
361 8
997 4
928 42
415 26
538 22
941 35
668 28
326 16
765 45
600 27
484 17
924 27
512 14
130 32
423 17
891 38
805 42
70 3
64 8
967 35
731 22
553 32
218 3
1 49
795 28
257 37
811 42
253 14
156 11
461 15
329 50
426 44
529 9
614 22
844 11
632 10
479 26
723 41
810 18
190 15
701 18
968 39
726 25
711 43
12 20
374 14
103 50
709 28
343 5
413 36
460 47
364 17
252 8
925 1
542 6
572 33
266 31
909 40
94 48
512 26
869 33
996 25
212 27
939 46
930 13
474 20
599 7
615 29
22 12
492 15
418 13
321 49
16 8
116 4
50 47
279 47
459 37
823 7
754 39
527 23
689 25
253 46
220 21
762 44
964 38
187 16
717 21
538 5
423 4
871 23
473 50
102 19
361 31
485 1
266 25
510 46
254 49
449 6
544 36
403 7
437 1
737 30
802 40
743 39
560 32
251 11
823 2
686 19
753 1
594 3
516 44
367 19
218 30
122 13
25 42
95 20
572 15
5 48
303 34
546 17
392 17
479 15
911 30
519 44
832 46
487 5
728 3
19 25
860 49
308 4
287 37
949 34
112 4
187 48
106 22
55 22
459 45
666 12
321 8
803 42
570 48
851 22
455 6
889 12
884 6
429 15
449 44
527 17
496 41
489 18
735 14
637 1
927 26
19 8
936 23
654 48
104 24
782 14
125 21
587 34
233 46
325 4
959 16
341 49
633 14
406 16
347 30
359 28
337 36
917 42
117 10
558 8
125 45
488 15
63 25
528 37
463 4
98 43
155 36
370 25
832 46
963 48
893 42
61 16
419 47
617 10
433 29
323 24
193 37
231 1
705 20
385 46
630 44
270 38
582 44
68 48
868 7
41 11
591 19
975 36
747 49
177 14
816 19
471 31
341 13
61 22
912 47
288 28
376 1
200 10
726 24
917 40
448 28
83 43
417 46
309 16
619 5
893 46
203 15
292 18
722 34
59 48
17 16
175 4
666 27
807 1
110 12
197 47
811 21
105 14
927 50
1 298 4
1 113 4
273 298 10
1 5 2
5 704 3
110 113 10
298 516 6
113 215 4
1 413 7
413 504 9
504 572 7
191 704 7
298 572 2
504 714 9
74 413 7
113 143 2
5 681 6
143 490 4
517 714 7
618 681 10
509 681 1
143 744 4
490 557 2
557 595 1
368 572 10
120 704 1
215 541 8
5 639 4
1 606 7
80 143 1
606 710 2
423 541 10
639 699 3
40 541 5
490 498 7
110 490 9
541 753 9
557 639 5
135 681 5
403 699 8
541 674 5
201 490 6
357 498 4
301 674 2
464 490 6
215 425 8
144 639 9
1 368 6
481 595 9
649 710 9
157 425 3
333 368 4
80 298 1
475 572 2
298 723 4
572 637 6
112 699 1
710 744 4
578 674 1
5 224 8
313 723 2
526 744 3
425 639 3
106 215 8
425 740 7
699 710 5
567 606 6
298 388 9
12 298 6
67 557 6
661 699 1
598 639 8
302 637 10
544 572 5
143 347 3
347 426 9
143 265 5
601 744 4
98 744 3
160 723 4
490 702 3
606 682 6
98 498 2
143 550 7
195 740 8
511 710 8
524 606 8
73 224 1
313 516 8
509 702 1
135 426 10
686 704 7
103 425 8
370 637 5
3 639 2
557 662 6
204 426 4
532 702 7
422 498 8
324 681 10
5 182 1
639 726 1
572 703 4
400 572 8
492 744 4
1 26 7
224 293 5
260 557 1
73 426 5
714 737 1
265 568 9
199 504 1
428 595 5
147 215 10
641 753 3
164 541 9
437 714 6
153 639 5
148 490 7
220 606 1
499 744 3
26 148 1
5 243 2
225 637 5
199 568 5
583 737 3
680 753 8
405 662 1
425 704 1
249 557 3
334 541 10
193 682 9
358 426 8
134 368 4
113 528 10
293 693 8
711 740 1
58 681 6
180 541 7
374 744 2
249 298 4
388 689 4
223 689 2
417 557 3
490 576 2
148 631 2
182 371 2
1 328 3
215 603 8
585 753 8
298 689 5
325 368 9
58 714 2
141 699 3
689 719 3
26 339 4
441 714 3
498 531 7
190 388 1
290 662 6
199 704 8
426 457 10
516 646 3
294 557 7
26 696 10
394 426 7
371 497 10
495 693 1
669 726 10
663 682 10
97 497 2
9 498 6
66 682 7
1 639 5
681 683 1
50 603 9
498 701 6
17 371 2
187 568 5
499 714 9
327 744 3
328 639 7
212 631 8
101 516 3
126 516 8
482 504 5
568 693 9
280 457 9
215 234 2
307 703 9
5 240 1
13 646 10
34 662 10
34 504 8
90 704 9
243 555 1
23 497 10
550 721 10
426 745 7
243 651 2
55 215 3
425 476 3
159 631 10
27 339 7
443 681 5
371 510 8
696 756 6
228 457 2
321 328 5
1 666 5
202 555 2
371 688 4
615 737 3
339 630 5
158 497 1
5 492 3
182 523 9
388 552 2
174 224 1
17 328 4
258 492 5
145 492 8
388 425 6
557 684 2
113 378 7
243 263 8
619 693 8
504 702 7
234 391 8
177 391 4
5 418 1
148 388 8
198 457 10
293 467 10
238 371 8
240 725 4
26 536 9
148 533 10
332 723 4
20 490 5
278 490 7
13 298 2
595 628 7
296 426 10
639 660 2
670 682 1
233 328 9
504 704 9
215 418 2
176 391 2
372 516 7
435 631 4
121 368 6
293 497 3
330 492 10
90 740 6
270 737 4
99 516 4
166 240 10
223 701 7
418 464 10
532 646 1
688 701 10
43 234 7
253 684 3
466 696 2
279 550 5
367 688 4
39 696 10
40 568 9
583 660 5
426 603 8
263 719 5
5 233 6
391 705 7
224 518 8
631 643 1
664 745 10
368 442 9
516 641 1
478 497 8
7 630 8
112 528 10
197 651 8
320 378 6
371 383 1
1 610 10
98 740 3
476 574 4
536 548 9
168 548 2
388 620 2
133 699 3
401 464 5
424 504 7
467 684 3
706 721 5
381 497 9
408 674 1
148 172 7
234 656 2
265 372 7
613 631 8
203 595 2
442 623 6
198 383 2
536 663 3
62 536 8
402 497 7
265 725 1
293 560 10
372 494 8
287 696 4
66 391 7
94 620 5
407 531 3
242 523 8
298 705 3
320 663 3
733 744 3
141 497 2
70 234 3
620 756 9
675 723 9
440 723 10
706 756 3
49 467 7
175 371 10
325 721 2
342 744 10
339 549 3
504 688 10
5 654 2
574 635 8
235 541 5
504 683 3
316 719 5
228 595 10
43 494 3
426 693 9
535 555 8
151 710 8
131 699 1
196 639 7
523 688 8
427 660 7
165 651 6
196 347 7
523 620 3
273 637 7
86 243 10
251 576 4
259 682 1
26 480 2
603 643 2
265 652 3
623 741 9
523 637 1
699 751 7
490 733 2
378 513 4
693 746 3
46 719 3
168 684 10
426 719 2
539 740 5
491 704 2
238 714 6
316 631 6
603 639 2
20 457 9
182 652 6
216 388 9
473 681 3
355 368 7
557 743 2
256 662 6
418 631 9
576 593 3
546 606 3
244 518 5
646 724 10
405 620 3
233 721 9
406 548 9
58 696 6
662 707 8
701 745 4
418 663 4
263 542 10
30 737 7
143 322 10
719 730 4
186 745 4
65 643 5
32 172 1
48 490 5
182 685 7
683 744 2
140 413 8
494 504 7
93 383 8
368 620 8
329 704 2
330 391 9
406 620 5
683 733 4
240 243 6
276 497 4
215 728 5
30 595 10
518 634 2
492 589 7
86 593 3
440 467 3
25 740 7
86 574 6
338 682 8
497 716 3
5 490 3
539 662 1
172 744 7
77 683 7
77 549 9
237 533 8
429 620 1
26 76 1
343 756 4
26 657 6
175 548 7
476 562 1
3 660 9
475 480 3
472 576 2
158 298 4
188 243 5
372 465 10
87 620 5
68 233 5
347 657 8
531 532 5
572 704 1
697 726 6
708 723 10
457 544 9
243 336 7
425 490 6
166 418 9
47 523 6
42 240 6
530 651 10
293 617 3
249 480 8
74 240 1
1 657 1
362 721 8
619 660 3
327 576 6
105 751 7
76 212 8
234 262 5
472 723 9
145 630 3
87 660 9
337 552 8
753 754 10
263 329 8
76 182 7
67 606 5
568 730 3
346 628 7
251 498 3
123 631 8
83 725 6
465 516 6
5 550 9
256 262 6
637 689 3
22 329 9
333 643 8
212 310 9
655 685 6
232 336 6
22 606 6
622 728 1
33 457 9
228 560 8
541 754 9
426 529 6
59 701 9
106 707 8
116 623 6
113 167 1
252 589 5
413 675 4
376 688 3
167 366 8
260 743 8
265 425 8
234 382 10
518 724 10
332 391 10
411 707 1
123 745 5
301 548 3
310 538 9
568 692 9
118 688 5
215 738 1
235 693 7
233 529 9
225 744 7
310 660 4
70 541 2
279 560 8
380 382 4
382 592 10
531 563 2
225 603 8
683 725 6
364 576 9
190 523 2
193 544 9
310 701 5
326 523 5
518 679 9
143 334 8
251 639 8
224 229 5
77 728 7
55 265 6
442 724 7
259 688 9
47 263 2
233 600 2
111 548 8
182 372 6
351 744 2
237 723 7
502 728 7
548 663 10
90 148 5
12 504 1
132 637 3
676 707 7
429 693 10
414 646 7
406 693 10
116 492 6
36 699 8
121 689 5
529 550 2
67 738 6
265 494 9
317 620 5
208 263 7
615 639 8
167 437 6
600 662 10
101 592 6
26 705 8
528 555 6
332 756 6
157 745 10
528 584 8
142 243 9
308 663 4
509 631 3
430 576 7
198 714 1
523 744 5
384 681 7
378 499 3
655 675 10
606 680 10
527 606 10
418 651 1
648 654 5
132 542 8
26 528 9
218 681 7
234 609 7
638 728 9
110 544 6
542 695 3
372 533 3
275 549 7
18 499 2
104 603 6
172 674 9
95 753 10
384 660 2
461 685 1
573 710 7
148 274 7
630 751 10
472 745 3
322 574 2
47 541 4
414 464 3
78 143 2
513 621 4
336 631 9
344 663 5
609 711 3
436 692 9
157 692 6
709 756 2
533 758 8
506 544 6
356 688 10
233 715 3
592 706 4
80 334 8
560 717 9
469 743 4
186 684 5
366 637 4
151 167 2
448 699 3
507 542 5
233 725 7
227 637 5
461 549 2
335 719 10
302 542 8
167 335 6
388 654 9
674 754 5
167 388 10
494 725 8
20 692 8
609 748 1
216 510 4
653 693 1
287 560 3
129 263 9
174 756 10
212 582 3
54 693 1
26 406 8
193 683 8
454 529 10
366 662 5
150 532 10
464 696 6
703 757 9
45 406 9
516 682 7
520 714 9
577 746 4
35 684 3
108 529 7
589 642 1
565 568 5
674 746 2
436 582 3
413 665 1
368 756 1
706 749 2
388 546 5
205 550 5
522 550 10
453 728 3
557 737 3
489 492 10
52 542 7
584 712 9
229 656 8
298 442 5
618 646 8
52 328 4
412 413 4
499 630 8
488 681 2
65 243 8
296 563 6
378 497 3
589 721 5
257 552 1
58 243 7
335 437 3
105 603 6
73 513 3
508 745 10
415 536 2
418 502 5
512 560 7
278 562 5
566 725 4
628 743 3
67 744 7
399 513 2
382 690 10
144 531 5
674 721 9
143 280 9
182 520 10
317 476 9
461 724 5
472 516 9
549 706 2
671 744 4
330 464 9
750 754 8
237 643 9
220 723 8
42 682 6
557 681 5
96 656 5
554 656 7
549 640 8
322 733 10
716 725 7
165 701 9
223 280 10
353 621 5
426 478 7
334 350 6
517 716 1
349 552 8
560 630 6
532 736 1
171 510 2
602 740 1
5 388 2
464 469 7
26 560 9
266 336 2
406 714 5
75 335 6
408 499 3
639 738 3
510 593 1
555 724 4
391 546 5
249 572 1
361 498 4
497 669 2
368 732 9
169 754 1
391 542 9
322 669 1
203 366 4
391 686 9
65 746 9
203 339 3
339 745 10
426 576 8
76 719 3
167 412 2
519 716 3
3 371 1
412 547 3
465 538 7
119 589 4
149 490 8
684 752 8
327 550 10
347 736 1
48 719 6
527 675 4
76 372 7
258 738 3
180 712 4
152 413 9
211 685 9
194 665 1
619 657 2
120 293 1
11 229 8
288 738 8
589 623 8
404 660 9
465 698 6
334 718 3
55 229 8
156 504 1
65 728 2
558 707 2
298 634 2
121 682 5
249 699 2
469 533 4
194 753 6
404 634 10
13 490 8
299 620 3
153 628 1
322 706 6
437 571 8
542 690 7
195 582 8
172 285 1
287 523 8
260 368 10
22 717 6
174 751 3
435 719 9
445 701 1
572 733 10
58 426 2
297 688 7
406 518 4
476 676 7
560 621 9
464 641 9
180 589 4
406 553 5
418 633 10
706 710 1
600 756 7
158 606 1
76 91 3
150 726 6
443 562 8
145 707 8
223 603 1
371 507 8
663 712 6
658 684 1
78 631 7
1 215 1
508 732 1
48 704 6
726 732 6
326 758 1
142 224 6
570 635 5
568 713 8
472 568 9
388 524 4
112 167 4
367 754 7
298 581 8
707 745 7
276 467 6
507 591 5
383 621 1
520 723 2
305 756 2
133 693 8
187 549 3
285 739 1
19 591 10
179 621 1
171 712 6
265 670 6
115 469 9
564 719 8
664 695 2
25 654 8
670 713 2
260 623 7
136 689 1
138 480 10
478 665 3
488 584 2
289 600 4
507 746 5
219 469 6
643 687 7
334 465 8
91 146 1
16 285 4
182 630 1
72 464 10
242 683 10
131 582 3
342 524 8
138 533 6
298 690 1
113 516 9
44 518 7
273 660 1
425 528 3
403 465 4
293 632 4
397 679 7
243 687 9
237 274 5
198 528 4
477 617 3
336 731 2
285 513 2
536 538 10
233 611 3
243 539 1
13 643 9
5 106 8
464 582 2
229 701 5
72 717 1
142 689 3
247 752 10
367 541 7
175 298 8
221 732 4
596 669 1
126 538 8
383 469 6
431 754 3
182 757 6
287 469 6
555 758 9
113 432 6
513 634 9
76 705 4
314 748 7
327 646 1
347 701 3
383 684 8
694 754 3
455 703 9
193 582 9
391 690 2
467 600 8
574 723 6
328 426 8
123 406 2
115 741 8
433 695 8
337 699 6
462 688 7
229 347 2
595 674 7
140 426 9
435 464 4
134 730 8
118 640 4
428 576 6
133 425 5
470 623 1
277 413 3
600 733 6
418 694 6
422 467 2
513 718 2
424 533 4
563 714 5
167 673 8
148 528 8
104 510 7
44 656 5
442 706 4
591 676 4
491 741 4
278 557 5
490 704 1
356 457 7
479 591 9
714 740 5
335 528 2
510 633 5
351 553 3
309 498 2
210 738 5
172 562 7
24 685 2
731 750 7
561 687 6
632 750 1
1 468 3
350 514 9
335 639 1
686 687 7
244 550 6
278 690 7
633 651 1
654 696 5
106 295 5
106 177 2
233 300 5
449 726 5
7 651 6
138 544 5
256 536 1
422 752 8
335 421 10
529 662 7
437 466 2
555 750 8
382 602 6
502 543 2
94 524 10
122 262 10
550 695 10
273 524 10
342 532 5
610 617 3
503 632 8
146 694 4
228 741 9
268 468 8
215 703 1
391 752 8
313 421 3
297 631 8
658 703 2
497 622 4
