62 385
72 8
1 1
66 12
54 15
78 38
57 28
24 8
91 44
64 25
12 1
77 23
34 2
98 16
51 15
36 11
100 50
5 1
77 3
18 2
78 4
79 23
56 24
11 3
63 23
48 19
21 3
34 17
90 32
42 5
53 18
9 4
60 18
24 8
41 4
74 37
97 10
41 11
24 11
81 22
45 14
72 20
73 15
82 9
30 11
17 1
78 22
40 4
30 15
3 1
63 10
44 20
11 2
18 1
71 27
82 9
50 11
23 8
52 12
95 14
65 17
21 6
5 2
1 53 8
1 18 2
1 9 4
1 14 10
14 26 9
14 35 7
1 27 5
9 32 2
15 32 9
19 35 7
9 49 4
27 43 8
1 55 10
35 61 8
1 33 6
7 53 5
53 56 2
17 61 7
24 56 1
14 21 3
30 53 1
16 27 8
9 21 3
8 55 1
55 60 3
5 56 3
43 49 1
3 18 6
44 60 8
8 56 6
1 57 9
18 52 7
14 40 1
27 30 2
33 44 4
26 47 10
56 60 10
14 23 7
22 33 8
21 27 1
4 32 6
11 56 1
8 14 6
12 30 4
22 61 7
49 59 1
9 55 7
1 26 1
49 62 1
8 60 8
40 61 3
38 47 8
40 57 10
22 53 6
1 59 5
1 54 2
44 54 8
21 33 1
6 57 7
18 21 4
14 24 3
27 41 9
22 30 6
18 23 6
30 55 7
50 59 3
24 30 5
48 49 8
2 32 10
19 44 4
14 54 6
36 53 9
29 54 8
9 50 4
19 54 5
43 46 3
1 49 1
1 44 8
41 46 9
24 40 7
2 52 8
19 50 6
18 33 1
47 61 9
6 18 2
41 48 5
57 62 7
19 33 7
33 49 2
16 26 7
20 27 2
27 52 10
8 23 4
18 32 6
55 57 10
21 53 5
7 18 10
38 50 6
54 61 2
32 57 7
45 55 1
5 57 5
41 59 5
50 60 7
21 49 7
56 61 10
25 46 3
35 44 5
35 42 9
30 58 5
50 58 1
41 62 7
9 26 6
15 48 1
4 24 2
15 35 2
43 60 5
1 16 1
39 42 6
12 50 9
21 26 2
26 54 1
53 59 7
52 54 7
58 60 9
43 50 3
33 42 5
21 37 10
15 57 8
44 55 7
28 37 1
33 57 4
23 48 4
27 37 4
21 39 3
27 44 3
26 42 9
12 53 7
26 27 3
45 52 4
35 39 5
13 55 8
20 43 7
52 53 4
42 61 2
48 62 4
22 40 8
36 44 3
47 58 4
31 53 6
9 31 4
27 59 1
16 30 3
7 26 9
43 57 4
18 27 6
28 47 9
2 30 2
50 61 9
13 58 7
9 48 5
32 44 8
47 60 9
16 44 7
52 62 7
48 54 8
14 29 10
30 39 7
19 49 1
16 39 9
18 20 2
18 61 3
30 59 6
9 52 2
27 45 7
15 20 7
42 47 6
27 53 4
8 45 10
17 57 9
10 14 4
19 26 9
17 48 8
34 41 2
48 53 9
27 46 7
35 56 2
14 32 3
22 48 2
30 48 4
42 57 8
1 38 8
21 54 7
2 43 6
36 61 8
24 42 4
24 33 6
58 61 3
27 42 3
14 48 6
9 36 3
7 44 6
25 36 9
17 58 9
46 60 3
8 37 3
20 26 8
46 48 9
52 56 6
52 58 10
23 62 10
28 42 8
57 60 1
9 44 10
29 48 9
47 62 3
15 37 4
35 54 1
36 42 2
23 41 1
2 57 8
3 23 7
40 62 2
36 47 1
20 46 2
17 44 6
24 45 2
6 45 1
10 49 10
16 31 7
8 21 8
45 61 8
25 27 6
4 33 9
20 21 4
10 54 8
12 35 7
44 52 1
59 60 8
46 57 2
32 53 3
2 48 5
54 60 7
46 53 9
18 50 1
15 40 2
23 34 5
28 50 8
50 62 8
20 36 2
5 38 2
56 58 2
11 45 1
26 61 9
9 47 3
44 62 4
5 43 5
21 35 4
38 57 10
40 42 1
33 41 7
12 14 7
9 16 1
9 35 5
29 33 3
16 55 9
35 62 7
12 42 4
38 56 5
1 43 1
14 45 1
39 54 2
14 31 1
12 26 5
51 59 3
43 52 4
26 44 10
21 43 3
4 45 2
58 62 6
30 33 1
9 39 10
35 51 7
37 38 3
26 52 9
20 31 10
30 56 7
26 37 3
20 57 4
6 16 1
18 35 5
1 50 10
16 59 9
21 56 10
14 44 9
21 30 9
21 23 8
6 35 1
52 59 8
24 49 5
20 32 5
47 57 7
35 46 10
1 28 2
14 47 6
1 7 9
13 44 6
20 59 2
21 22 5
13 54 2
12 39 3
35 53 9
53 55 10
41 55 5
46 55 6
19 32 4
16 47 6
29 55 1
9 58 6
1 17 3
20 24 10
23 55 7
47 55 2
26 38 7
32 51 2
17 20 6
26 59 3
56 57 8
46 47 10
11 59 7
31 33 10
24 34 7
39 59 3
12 61 10
26 43 8
45 48 3
34 56 10
44 58 10
23 37 2
32 49 2
34 51 2
44 56 9
10 55 3
3 33 9
48 58 8
42 51 7
1 22 1
26 46 8
14 20 4
22 62 5
51 55 9
28 55 5
53 54 2
10 62 2
32 58 6
48 60 4
2 51 5
26 34 4
10 50 3
29 31 9
1 61 2
4 41 5
39 53 9
21 34 2
27 57 8
60 61 1
36 54 8
52 61 1
29 41 5
21 45 8
32 40 2
8 43 5
15 49 1
7 58 2
4 37 7
5 32 5
8 29 7
43 53 5
23 51 5
31 35 7
38 44 1
7 54 4
18 46 1
35 40 4
11 28 7
