835 1000
981 31
252 17
279 4
532 7
506 5
78 17
9 35
287 7
557 25
431 12
951 17
306 28
864 19
601 50
537 19
975 10
793 32
716 16
828 2
709 9
839 15
391 32
216 4
61 27
511 8
364 29
779 42
104 31
880 39
826 11
600 36
211 13
16 47
834 2
4 43
731 44
257 42
64 6
588 27
11 14
814 6
844 34
597 50
153 18
98 40
465 3
99 44
721 48
125 46
72 46
20 24
515 35
276 47
558 20
739 13
281 20
37 11
469 10
318 42
727 8
972 9
127 47
988 23
939 44
214 24
285 22
152 1
44 42
513 15
324 23
494 31
285 16
567 1
103 45
524 9
318 38
431 37
571 6
256 12
938 22
961 44
867 48
111 37
307 1
189 32
567 26
233 20
750 14
801 35
309 1
325 7
943 19
885 24
984 27
965 46
890 37
250 28
220 44
289 35
83 39
724 47
480 13
497 41
38 3
478 37
941 26
302 13
355 27
497 7
551 44
674 3
75 44
253 5
800 3
786 38
332 13
617 2
121 3
750 10
6 20
634 33
753 19
459 36
577 28
660 26
783 16
655 39
618 1
112 23
402 26
553 47
241 26
210 8
102 41
584 31
786 28
612 28
133 32
599 5
783 41
896 20
711 5
248 31
574 14
195 36
978 37
252 38
898 19
559 7
368 12
503 30
675 21
372 10
626 37
731 45
929 42
78 19
503 48
506 33
571 17
391 44
962 11
978 13
967 7
973 31
175 27
845 15
126 46
765 39
492 8
959 43
217 44
946 10
351 12
430 8
660 12
493 46
140 22
420 12
837 12
673 36
366 33
504 19
70 28
421 5
902 49
439 7
523 31
914 43
781 11
351 18
797 28
494 1
199 1
919 38
285 19
460 30
283 18
875 46
468 50
126 16
299 12
81 44
254 36
69 38
323 12
746 10
978 41
82 4
490 42
149 6
991 27
895 42
237 46
86 13
565 7
870 3
675 39
894 44
268 26
265 30
598 49
35 7
230 42
899 46
3 6
990 12
280 39
597 49
496 18
808 8
227 44
415 2
191 49
873 14
634 21
747 31
338 48
594 18
412 11
838 24
206 43
333 1
435 16
963 49
573 35
499 23
113 34
590 24
1 19
890 20
549 28
430 18
148 15
535 9
465 19
681 45
668 10
172 30
471 11
894 26
863 26
341 41
925 24
910 35
835 36
65 44
653 12
922 47
28 11
923 31
994 5
679 8
974 29
616 36
258 27
853 8
126 24
154 37
321 17
487 34
329 4
407 4
614 11
7 48
680 7
56 16
268 26
643 44
881 48
651 1
823 50
806 19
223 9
598 16
646 2
207 44
27 44
115 13
583 13
702 47
698 47
164 34
210 29
67 16
783 5
491 27
979 35
463 12
745 47
740 19
60 10
311 23
695 8
298 43
193 25
796 12
828 44
612 2
600 20
643 14
898 16
882 47
177 33
68 26
736 13
777 29
841 17
940 10
643 3
315 5
580 36
603 37
43 27
869 31
290 19
835 44
125 19
354 44
133 1
87 48
252 10
73 43
396 16
189 30
124 3
293 35
526 7
928 45
823 17
785 1
673 18
372 4
481 37
460 33
711 41
441 47
908 11
215 13
679 34
252 47
714 50
325 23
34 22
452 33
552 16
666 34
707 11
245 39
914 30
265 16
96 19
697 50
685 15
654 34
645 31
903 17
822 2
484 29
429 46
356 3
772 12
266 33
552 48
822 3
204 6
834 2
198 38
91 38
930 33
201 17
605 22
507 16
784 41
740 28
95 24
408 47
708 19
724 7
555 26
638 32
214 11
565 17
601 29
777 21
41 38
112 28
487 40
837 33
838 37
792 28
322 29
6 38
887 33
156 12
164 1
779 9
691 35
992 15
729 5
692 43
101 13
720 48
979 14
769 4
346 33
132 1
286 47
694 11
453 42
360 47
484 5
263 14
500 27
338 13
312 30
652 15
825 31
214 16
603 43
313 11
215 12
704 37
773 16
676 38
985 2
172 23
609 9
128 10
570 3
832 49
521 6
663 2
939 27
318 33
199 17
796 38
166 46
376 30
200 4
631 40
312 47
128 21
835 46
692 28
508 15
995 27
714 14
942 22
204 47
100 37
180 10
384 19
467 32
301 45
516 49
283 10
942 5
749 24
473 17
97 36
266 34
402 21
486 31
337 27
789 28
163 18
427 21
539 19
217 29
862 33
743 39
925 11
410 26
505 14
874 45
808 31
745 1
793 47
798 27
723 24
6 48
248 36
860 35
528 28
342 49
388 16
725 29
836 1
182 37
443 22
370 29
990 37
295 10
691 15
151 30
253 17
272 10
200 21
974 35
913 43
529 48
406 14
248 40
701 12
598 37
768 13
401 5
547 40
433 43
482 23
215 18
561 8
508 4
65 25
894 5
41 38
837 43
310 30
338 10
599 16
686 25
454 16
769 42
76 7
688 33
921 24
184 15
408 31
268 6
766 13
416 26
503 6
168 48
149 22
29 5
293 34
959 48
482 4
582 8
116 48
211 17
403 18
344 11
967 8
122 36
257 11
775 11
858 14
458 31
942 22
252 32
152 14
175 30
748 13
201 2
75 19
960 18
920 5
834 10
651 34
519 20
600 16
231 30
151 11
409 40
300 8
204 3
336 45
389 19
179 44
56 10
199 31
154 34
416 39
851 19
817 37
48 20
498 40
778 39
734 15
827 3
675 12
112 26
384 39
685 11
477 37
499 28
938 14
468 32
514 17
139 43
823 30
429 23
373 14
607 42
905 47
984 16
707 38
984 39
32 8
462 44
839 43
236 31
345 9
447 18
120 33
485 47
143 14
68 5
111 49
422 37
288 10
356 34
766 10
390 47
86 44
110 50
523 10
307 4
978 28
969 10
144 48
161 31
425 22
95 48
204 6
851 36
927 12
460 12
834 40
646 23
357 39
105 27
499 23
602 31
419 24
146 48
445 22
952 42
79 32
478 46
412 17
273 3
108 40
49 16
798 1
316 22
63 28
701 20
247 18
416 6
894 3
328 20
657 29
921 25
515 31
884 4
679 36
312 16
554 42
293 41
369 26
523 19
13 11
122 25
942 26
715 14
804 18
852 35
393 36
318 33
648 14
96 18
593 1
986 15
327 39
609 5
291 21
761 50
198 10
378 2
107 15
820 31
128 7
112 37
698 31
952 7
117 4
801 46
875 1
474 4
73 32
210 15
107 9
676 8
768 34
922 38
224 48
914 38
731 39
916 33
674 9
455 30
976 7
297 23
268 15
459 2
445 43
782 5
862 13
650 1
640 1
608 33
856 23
554 19
240 8
210 15
904 31
278 25
59 5
428 20
554 33
967 43
427 50
426 19
671 31
104 18
730 12
472 26
388 25
846 35
849 34
820 31
694 15
229 13
772 11
69 11
709 15
619 3
122 32
734 17
368 48
278 43
487 28
450 37
651 37
854 41
933 49
378 42
546 29
749 39
257 14
332 45
133 30
894 41
136 11
558 18
907 15
412 42
367 43
304 29
395 34
601 14
73 30
728 4
228 32
867 14
606 28
653 9
963 50
539 39
142 41
38 43
238 43
599 17
760 42
972 14
982 20
140 6
137 22
162 42
203 9
381 29
751 48
494 40
753 22
642 40
381 49
695 23
653 20
40 3
514 21
770 1
424 12
413 11
957 27
292 7
381 13
813 26
666 24
697 31
380 3
364 34
548 8
333 12
308 6
444 26
859 10
945 1
698 39
531 13
523 35
722 38
240 15
1 206 8
142 206 10
1 420 8
206 550 4
1 523 5
8 206 4
361 550 8
1 828 9
127 828 1
206 574 3
206 620 1
1 143 4
420 781 9
381 523 7
267 574 6
55 574 5
620 760 3
206 603 3
341 420 6
478 828 2
310 828 5
206 639 2
370 523 9
603 797 4
159 550 9
550 649 8
69 206 1
603 665 9
25 523 7
793 828 4
649 700 6
620 748 2
29 797 1
1 79 3
143 270 6
30 781 9
164 828 7
596 748 4
319 420 1
491 828 9
56 665 1
143 620 10
404 523 6
104 603 6
1 358 1
603 638 2
137 420 9
143 363 8
285 639 9
380 828 3
373 665 2
143 406 7
748 797 3
79 416 5
281 748 2
363 573 3
504 828 2
514 760 4
748 821 4
257 523 8
254 748 7
358 528 2
238 420 9
123 638 3
406 814 8
649 705 1
377 528 6
270 833 4
415 833 1
143 822 2
1 561 2
638 694 10
385 574 2
513 781 1
47 665 9
393 523 1
782 828 8
406 431 9
1 33 2
363 548 7
204 573 1
96 639 10
420 691 4
140 691 2
291 550 8
64 573 7
638 820 6
1 625 8
646 820 8
236 416 9
416 762 8
523 812 8
732 828 10
358 744 8
561 687 7
456 523 5
553 781 10
762 809 5
315 694 5
550 691 5
189 821 3
541 638 3
568 748 5
358 816 3
460 812 1
434 814 10
548 679 5
237 550 9
781 807 2
12 363 4
56 812 7
420 832 5
206 496 3
242 358 4
153 574 8
489 496 8
10 828 7
113 833 2
820 822 2
244 431 6
574 696 4
371 821 6
231 625 10
57 574 4
225 691 7
143 323 7
363 614 3
213 687 3
333 700 5
189 603 1
468 828 6
270 682 2
412 625 8
406 567 3
340 833 10
2 550 4
328 603 2
358 711 3
528 772 1
603 636 9
12 760 9
431 673 2
1 174 8
323 607 5
407 561 7
420 745 8
554 820 2
182 828 2
186 711 8
533 821 9
363 518 10
45 705 10
307 687 9
70 745 6
11 700 1
110 781 6
15 431 1
370 406 7
806 820 3
641 700 8
1 175 9
154 694 1
420 550 8
90 143 1
27 797 7
440 673 1
65 420 5
664 748 10
243 745 4
292 420 6
320 416 4
665 703 10
556 807 9
667 820 2
738 820 7
291 833 4
577 814 3
202 682 2
770 822 9
328 694 2
115 548 4
256 832 4
666 812 1
267 523 1
78 816 8
133 760 7
354 744 10
251 638 8
702 781 4
206 633 4
596 820 5
174 184 9
206 660 8
184 651 3
211 638 7
414 694 2
420 568 5
469 550 8
121 420 7
489 682 1
437 561 7
466 694 4
633 712 10
422 691 4
323 351 8
46 406 2
567 735 8
607 621 8
561 819 10
251 270 10
719 807 9
184 717 1
358 527 2
206 573 6
426 809 9
96 711 2
414 705 10
556 651 8
33 821 8
143 728 5
421 603 6
419 735 4
672 712 4
55 79 7
573 816 2
292 633 6
57 573 9
696 799 8
358 812 3
79 493 7
154 561 10
583 607 3
524 700 7
65 821 9
116 820 3
66 812 10
544 821 5
33 674 9
121 550 9
420 820 3
36 821 8
81 673 7
614 803 8
143 450 5
497 527 1
79 707 9
122 812 7
143 288 7
120 649 9
630 633 10
184 484 7
238 363 2
184 288 1
171 691 6
405 636 10
656 696 2
459 745 2
80 687 8
697 832 1
678 760 8
143 328 1
656 821 5
475 760 9
456 762 3
273 620 9
184 786 7
50 832 8
53 625 7
323 348 1
109 700 1
157 665 7
620 722 4
508 703 7
379 745 7
625 694 5
794 809 2
323 776 8
681 762 3
485 528 3
214 821 7
284 722 4
436 528 5
613 722 3
375 760 8
17 722 9
670 694 8
289 574 1
496 763 5
372 809 10
206 458 9
554 660 2
493 803 5
175 459 1
607 817 8
286 781 8
181 745 5
573 614 2
735 828 8
219 496 5
254 636 2
317 665 6
401 799 4
688 728 4
158 420 8
567 692 9
88 712 8
275 351 1
527 822 4
67 691 3
625 725 6
437 828 9
636 745 5
291 620 10
334 819 10
406 699 9
213 712 4
730 803 3
50 523 4
146 493 3
614 695 7
574 720 1
704 762 2
150 725 2
285 717 2
195 692 10
57 458 3
821 835 8
223 820 7
728 835 1
288 566 8
184 460 4
415 574 1
633 734 5
575 665 2
104 568 1
376 803 3
43 270 5
460 502 1
131 406 5
329 620 6
403 527 5
44 206 1
574 651 3
100 638 7
361 638 8
498 625 1
33 411 7
726 748 8
263 323 2
528 584 4
121 431 1
703 744 2
247 711 6
483 803 8
277 406 1
395 682 2
482 833 9
411 705 9
411 574 3
144 705 9
323 376 6
270 308 8
604 607 6
184 799 4
627 763 4
464 496 2
658 707 7
175 657 4
692 718 8
363 621 8
367 786 1
705 822 3
201 673 6
359 406 7
374 816 1
79 603 2
29 828 8
312 817 5
438 566 2
531 803 4
725 746 3
127 799 5
595 720 6
128 484 4
564 674 7
532 621 8
255 699 1
175 625 1
41 550 2
231 833 4
174 607 5
169 416 10
174 361 3
800 820 7
83 573 3
52 420 4
258 573 1
644 674 1
48 679 3
626 816 8
460 797 8
633 640 2
762 781 5
420 804 4
416 813 9
14 728 2
646 762 2
440 620 4
376 734 2
312 502 1
500 762 5
335 651 9
694 813 10
431 729 2
760 819 2
477 633 2
203 206 3
285 682 7
313 744 5
574 797 1
49 561 5
566 605 5
5 804 1
79 542 9
795 813 5
548 815 5
138 206 4
430 696 6
124 620 1
392 674 2
159 707 2
638 658 8
104 358 2
189 673 9
578 832 7
212 807 7
533 621 3
272 812 6
154 175 1
459 625 3
308 502 9
305 496 1
270 603 8
356 420 2
605 670 8
540 603 8
20 175 7
437 728 10
228 363 9
230 651 3
67 206 4
336 786 5
133 621 5
406 835 4
1 618 9
240 459 10
432 682 7
544 725 2
324 573 4
640 787 2
1 217 9
699 717 5
211 804 3
328 671 8
620 787 10
552 722 9
172 657 7
273 815 3
46 376 5
123 705 2
246 665 9
227 348 5
568 658 10
814 832 5
363 549 3
540 700 2
206 680 1
184 308 7
175 531 7
244 799 5
584 609 2
607 831 3
88 651 9
651 768 4
607 639 9
160 711 9
129 568 1
414 815 5
432 814 9
645 687 5
111 618 10
232 531 4
5 720 8
411 455 3
537 607 6
700 772 7
550 833 4
135 809 3
52 760 6
602 625 3
100 760 1
680 705 4
617 735 2
234 696 8
297 717 10
454 603 8
493 717 1
286 411 4
757 816 9
768 835 9
163 665 10
726 746 8
242 680 4
353 803 8
343 651 2
287 746 9
190 270 6
209 550 5
617 832 6
235 531 4
305 817 2
210 376 3
433 822 6
478 809 8
222 729 5
552 700 3
366 797 10
669 807 9
59 722 5
406 655 8
485 803 3
444 809 7
607 820 2
371 416 1
658 784 1
459 755 2
120 819 5
625 665 10
127 692 10
494 640 6
473 784 2
542 813 4
487 625 4
52 184 10
491 523 5
57 493 8
225 781 2
601 822 5
297 699 7
566 649 9
523 701 1
718 801 9
33 254 7
747 814 3
618 719 10
211 328 3
620 646 9
181 646 5
352 762 7
323 628 5
230 455 7
19 671 4
211 718 6
657 793 1
204 821 3
360 484 5
701 784 1
351 728 6
570 691 9
129 646 6
66 455 5
274 431 1
465 817 3
242 671 6
463 711 7
262 531 8
411 714 2
520 832 1
243 411 1
362 603 2
128 607 8
549 584 9
550 741 3
328 414 1
675 807 1
193 687 10
574 740 9
690 760 9
683 695 7
8 502 4
30 804 2
36 450 6
120 832 1
288 820 2
328 798 9
2 673 9
42 361 10
655 690 10
355 772 6
254 665 1
561 704 5
559 813 8
132 528 4
22 655 8
813 819 1
89 523 9
85 755 4
703 763 9
211 673 4
658 680 10
432 549 10
564 768 4
83 832 7
305 574 4
655 801 10
118 772 9
119 431 3
157 719 2
76 665 10
366 376 3
730 813 4
294 745 3
156 815 6
769 813 9
250 636 2
156 832 6
244 288 4
390 655 5
638 691 6
743 828 6
557 609 10
96 206 3
705 726 7
325 798 9
136 712 3
501 776 10
270 726 4
175 312 8
704 748 9
731 768 1
582 636 7
31 741 3
584 708 9
206 279 10
396 420 3
233 450 3
344 671 10
240 312 6
659 714 7
584 696 4
694 758 9
96 763 5
323 768 5
294 809 8
113 714 5
612 744 9
728 745 10
279 536 3
79 561 3
374 696 2
570 696 2
406 668 1
486 679 9
158 651 8
357 735 6
207 740 6
803 833 8
283 804 7
762 802 3
251 690 4
191 420 5
467 687 3
64 729 3
496 498 9
729 757 9
531 812 7
107 605 7
644 690 3
168 279 2
376 747 3
55 797 9
290 484 10
1 692 1
100 549 8
668 779 7
310 803 9
521 760 7
118 744 8
273 809 5
288 549 7
493 674 9
411 512 1
645 703 7
33 68 8
603 747 9
376 768 6
247 651 2
656 776 1
397 406 9
676 779 3
720 741 5
538 831 10
550 699 9
361 621 9
651 800 8
57 745 7
617 758 1
308 334 6
69 351 8
361 592 5
748 754 3
458 590 2
669 822 10
572 717 7
357 518 1
64 358 1
127 804 7
725 830 10
158 493 5
33 789 2
450 809 4
714 787 9
786 802 9
602 793 6
221 813 4
54 460 4
395 707 8
438 833 3
42 363 4
33 511 7
701 748 5
531 695 9
779 788 5
359 431 2
212 703 4
298 512 1
583 696 4
121 574 3
311 819 6
414 470 6
279 518 1
604 718 2
376 722 6
361 379 1
565 740 5
421 455 4
152 455 2
372 567 2
695 707 10
95 714 3
517 542 6
536 707 9
143 488 6
85 633 5
179 729 1
125 717 5
337 511 6
307 776 10
93 793 3
410 528 5
315 817 9
398 760 3
574 767 1
741 793 3
458 754 2
90 728 4
24 776 8
432 718 5
690 764 1
358 671 3
714 761 2
322 493 9
309 561 8
324 746 1
381 763 3
583 807 6
303 726 10
720 816 2
431 436 1
352 605 6
108 431 1
127 815 6
206 652 7
111 682 6
279 461 7
72 745 8
549 691 3
550 661 1
17 651 5
398 720 3
72 804 7
44 673 5
535 621 6
768 824 4
274 460 4
180 657 1
579 745 2
318 574 6
236 701 10
39 361 5
487 728 6
196 807 3
460 820 10
530 745 9
379 694 7
240 660 7
527 772 3
547 821 6
433 673 2
456 680 8
470 723 5
98 822 2
68 376 10
506 824 1
197 754 5
103 786 9
534 660 6
518 665 6
421 614 2
519 690 10
644 704 2
511 747 6
566 796 1
718 828 2
459 785 7
539 820 6
496 595 4
563 717 3
17 745 1
764 821 7
613 797 3
80 746 9
152 801 6
624 638 7
225 493 7
289 820 10
167 361 10
152 621 4
170 308 4
620 655 8
127 361 7
440 779 6
122 568 7
206 527 6
746 822 10
30 660 9
681 830 6
316 747 7
548 566 2
660 828 5
264 747 1
80 652 3
652 835 5
5 674 4
657 665 10
119 761 1
210 270 9
317 639 5
436 699 6
411 745 3
17 431 6
308 649 2
16 628 4
348 820 4
592 701 9
395 745 6
79 91 9
460 810 5
174 746 6
238 814 5
515 603 3
760 785 7
352 803 7
410 761 1
150 657 7
217 500 5
750 779 1
85 484 3
538 605 9
288 799 4
491 767 4
397 822 2
312 336 9
486 745 3
349 748 4
642 789 5
84 379 3
752 833 9
532 734 5
407 696 7
81 323 3
358 409 10
416 659 4
682 822 8
314 707 8
204 592 10
426 760 1
277 704 9
229 714 6
79 390 8
169 695 8
345 614 1
784 827 6
284 334 2
360 704 2
54 450 7
279 658 8
185 813 5
568 680 1
539 725 2
607 746 8
820 821 3
242 406 7
81 620 4
726 809 9
595 804 4
138 652 8
358 590 4
378 763 2
442 814 3
209 812 2
461 547 10
695 722 7
681 804 4
212 785 4
260 747 6
217 773 9
221 312 6
682 763 2
484 831 2
680 768 8
215 711 2
523 536 3
225 757 7
498 742 1
373 458 6
284 652 2
333 431 2
710 832 2
397 701 5
709 824 4
98 673 2
614 620 9
525 680 8
456 670 3
158 655 1
120 745 2
548 715 3
396 729 8
609 648 5
307 781 10
133 638 1
475 789 1
336 571 9
622 798 8
528 832 1
170 700 8
58 762 7
190 799 3
129 704 4
500 655 5
801 805 3
605 819 7
586 788 1
149 817 2
531 545 7
474 680 7
571 708 7
80 470 2
238 828 5
270 554 9
95 722 3
20 658 6
547 706 4
4 831 6
203 722 1
271 590 2
93 460 8
461 700 1
479 789 7
444 758 5
367 502 2
1 678 1
252 655 10
311 695 5
96 416 1
391 633 2
387 621 5
80 665 7
313 658 8
620 827 2
266 682 7
15 470 3
519 762 5
122 830 4
682 811 7
551 728 9
490 799 10
261 498 2
674 828 7
