103 1000
58 27
7 1
51 9
63 22
52 23
98 30
61 2
68 21
48 20
12 2
78 1
99 7
60 12
10 1
59 4
30 13
12 1
90 29
96 10
95 10
21 6
31 10
8 4
78 10
57 2
23 10
52 24
89 8
99 9
72 15
36 15
9 3
21 9
98 48
32 8
37 5
29 4
65 18
11 3
20 6
16 8
11 5
15 2
31 12
33 16
51 17
92 29
72 25
63 5
52 2
71 35
72 11
84 7
15 1
99 17
65 4
50 11
40 5
9 2
93 2
14 5
54 2
12 2
40 9
83 33
9 4
78 24
95 46
97 28
68 7
66 9
90 8
83 9
33 5
7 1
52 22
56 15
73 3
60 7
47 1
19 9
87 43
32 5
72 19
8 2
51 21
58 29
56 22
3 1
32 15
83 10
3 1
13 1
45 15
42 10
91 13
21 7
2 1
17 1
47 19
12 2
65 8
9 2
1 84 10
73 84 3
84 95 2
1 80 2
53 84 7
1 86 6
95 103 9
65 84 10
42 84 3
1 56 9
71 103 10
53 86 9
41 56 5
24 84 2
78 86 9
91 103 5
14 95 3
34 103 3
72 95 3
64 95 4
80 87 4
1 15 7
1 102 2
75 103 8
20 103 7
11 80 5
73 102 6
11 103 8
80 84 1
41 102 9
3 87 8
31 80 6
93 102 10
15 96 9
1 26 9
4 103 8
56 67 4
15 87 3
7 67 9
67 97 9
53 67 8
70 97 6
85 102 9
15 62 9
41 62 4
67 84 10
29 67 10
32 86 1
1 43 5
55 87 6
34 80 2
5 15 1
5 102 8
15 67 5
56 57 5
77 84 10
56 72 4
83 86 8
86 97 5
15 57 3
39 102 1
30 87 5
6 103 4
88 102 2
46 56 3
94 95 4
61 80 2
43 47 7
62 72 9
1 103 2
57 67 7
53 72 8
13 87 1
47 54 3
1 96 3
84 94 6
53 62 10
95 99 10
39 84 7
7 102 2
55 97 1
9 43 5
26 84 7
56 80 6
15 17 7
70 94 8
27 99 6
26 76 10
62 97 2
94 96 10
44 57 2
52 87 9
57 77 1
45 87 8
9 80 5
1 76 3
62 64 7
59 72 4
18 72 3
17 87 3
52 56 7
17 95 1
17 47 3
46 64 7
15 44 9
10 102 6
2 44 10
13 103 5
57 96 1
28 77 1
37 103 5
65 80 10
37 84 4
38 99 2
17 43 5
84 99 2
41 99 3
13 44 8
64 76 2
29 47 10
54 97 7
62 92 10
24 47 7
1 47 4
37 97 9
72 96 4
57 80 10
100 102 1
17 77 7
40 43 9
15 53 8
8 97 3
24 57 4
1 89 8
1 88 6
13 53 7
75 94 2
43 62 2
14 96 2
8 96 8
20 86 2
87 92 6
70 77 8
47 61 1
1 66 9
34 43 9
53 103 9
49 64 3
66 94 9
37 44 7
11 15 4
53 65 3
62 86 4
19 96 4
61 89 4
62 103 3
22 53 9
12 97 4
82 86 2
56 84 9
27 103 5
71 92 10
41 88 10
26 90 6
76 89 3
61 64 6
76 85 5
57 62 3
35 99 10
50 61 2
16 57 10
13 47 7
8 103 10
30 96 6
78 102 8
5 86 8
51 76 4
92 93 6
28 54 3
59 61 5
56 92 8
10 86 9
81 99 4
9 56 1
59 88 10
7 80 10
85 94 9
45 77 4
95 102 6
87 103 5
47 93 8
29 56 10
49 80 9
87 101 7
2 92 5
66 84 4
80 89 5
96 97 1
71 84 4
71 90 8
26 88 1
56 102 3
60 96 1
53 60 3
76 101 3
90 99 3
52 88 7
28 86 4
6 87 8
60 62 7
62 94 8
51 93 3
24 80 7
47 50 5
23 57 4
1 83 6
76 96 4
40 60 10
24 83 6
26 42 10
54 74 2
49 88 10
43 48 8
26 95 5
50 74 2
75 93 5
57 66 3
36 65 2
42 99 6
65 69 6
60 86 1
26 50 2
7 90 10
43 55 10
61 63 4
17 69 3
49 69 9
64 81 2
58 67 8
82 84 2
24 50 5
20 50 7
27 54 10
97 99 5
73 101 7
17 92 6
88 93 7
57 81 10
89 96 8
9 96 8
47 60 4
88 97 6
17 90 5
56 76 6
35 86 9
56 98 1
26 55 8
60 76 4
42 90 10
54 102 7
63 70 10
26 81 9
12 57 2
13 86 10
44 65 3
71 85 7
56 99 4
81 101 7
32 93 3
11 69 6
56 89 1
89 102 10
70 72 7
36 86 8
86 99 3
63 76 1
8 77 6
54 61 6
83 102 10
27 84 9
33 69 8
26 47 5
2 87 6
15 83 8
8 95 5
22 74 8
7 81 1
68 90 1
47 91 7
5 62 5
65 97 2
69 91 7
15 60 5
56 78 2
97 103 9
90 97 2
62 79 10
36 84 9
33 48 9
5 26 7
24 85 3
58 95 7
48 57 9
20 60 6
5 69 7
17 78 3
15 36 9
40 98 9
77 103 7
58 90 9
70 92 8
46 70 6
43 70 7
83 90 8
67 100 3
43 91 5
47 89 6
71 81 7
66 72 2
37 67 6
10 72 2
9 17 4
15 89 2
74 80 8
76 86 8
54 60 2
76 102 7
15 76 5
54 79 8
66 78 6
51 84 9
47 103 1
77 99 1
56 81 7
15 49 9
52 74 5
57 99 10
25 94 3
46 60 8
81 86 2
74 88 7
87 98 8
36 61 4
3 83 2
61 98 6
44 77 10
49 89 3
41 64 1
69 75 2
76 83 5
75 90 8
63 80 2
63 94 1
89 90 9
68 95 6
73 78 3
22 103 10
44 98 9
59 84 4
1 77 4
22 55 6
20 49 8
85 89 10
49 57 1
12 81 3
14 80 8
52 60 8
54 57 4
64 86 4
22 96 8
36 64 6
6 96 5
35 74 6
34 55 3
6 36 7
47 66 8
44 80 10
85 103 10
17 64 3
79 91 6
6 62 9
14 99 3
56 85 10
44 79 10
17 70 4
41 77 8
71 100 9
58 60 9
58 63 2
76 77 7
57 94 3
41 49 1
31 92 7
45 103 2
55 76 8
29 87 5
17 102 7
48 87 9
52 86 6
20 80 9
40 75 1
41 94 5
54 63 4
54 72 1
50 100 10
28 42 2
51 61 9
63 75 7
64 66 8
28 91 9
81 102 10
13 98 3
81 89 5
36 92 10
7 43 10
5 50 7
11 96 9
19 26 1
7 95 7
17 61 5
53 94 7
55 99 4
41 47 10
58 78 1
1 9 5
36 52 10
10 90 6
33 43 7
60 64 6
65 90 7
94 103 6
69 85 10
2 9 6
3 88 10
19 65 10
44 78 5
22 92 9
45 76 9
42 66 9
29 78 4
36 78 9
65 66 1
76 98 6
60 95 2
42 52 4
92 101 1
24 67 8
42 72 8
52 57 5
43 77 6
61 82 10
57 70 4
5 47 3
72 88 3
79 90 8
84 85 4
3 9 8
39 63 1
44 94 6
49 83 2
32 48 8
44 62 2
32 98 10
36 94 6
20 54 10
42 51 8
77 79 1
12 60 5
72 100 7
8 70 8
50 64 3
54 55 9
23 96 7
33 44 10
41 97 6
14 76 6
39 48 4
38 53 7
58 92 6
43 88 1
50 71 7
21 57 4
50 56 4
53 64 3
46 89 5
17 67 10
12 75 7
50 83 5
51 89 6
43 50 1
40 88 1
15 16 2
69 98 8
47 62 4
82 101 6
42 54 1
62 81 3
38 78 6
59 95 4
89 95 10
44 53 9
44 67 4
16 38 8
33 97 6
61 103 6
6 101 9
9 77 4
44 85 4
30 72 4
14 93 4
54 91 3
58 93 4
19 42 4
13 36 1
57 92 5
90 94 2
66 85 7
25 66 1
26 86 10
48 90 5
29 75 10
9 51 3
53 70 10
85 87 6
38 56 4
64 65 10
38 55 8
49 98 4
16 100 7
52 69 8
55 61 8
15 84 7
46 84 8
50 91 4
33 89 5
51 72 7
38 63 9
51 96 5
56 70 4
38 81 10
43 93 6
11 102 8
49 79 8
73 82 5
41 78 5
62 99 3
36 49 4
62 70 5
70 85 2
54 89 9
74 79 5
31 76 7
45 95 7
79 88 8
27 86 7
33 96 10
1 69 8
43 86 9
65 93 9
15 78 6
53 95 1
3 38 5
39 57 1
1 27 3
66 75 5
45 97 5
87 95 9
16 49 1
21 72 3
43 67 9
53 79 2
25 96 6
6 42 1
35 52 5
53 88 3
17 50 9
72 98 7
38 96 2
68 74 4
74 103 7
26 41 5
73 76 5
42 100 1
92 97 4
36 98 2
5 80 4
92 102 4
6 67 6
48 71 8
7 15 6
41 48 9
63 82 7
52 64 4
61 99 7
53 71 2
30 64 2
83 100 1
9 55 6
51 52 3
82 87 7
57 76 7
17 26 10
12 67 6
66 68 7
63 65 7
48 55 7
51 91 8
57 82 8
38 68 3
72 76 2
68 76 7
74 89 1
39 60 10
11 47 1
57 101 7
1 51 6
82 102 10
32 38 1
25 57 7
94 102 10
69 74 1
83 95 9
55 89 6
37 64 10
36 41 2
38 102 10
35 47 1
10 55 6
72 99 1
1 65 8
51 56 7
23 44 7
61 73 4
54 62 10
16 56 3
1 78 5
43 71 10
66 70 10
27 90 6
64 78 1
56 64 3
79 94 3
46 87 5
10 38 4
29 83 2
55 56 1
61 66 10
38 41 8
86 102 2
22 78 3
44 52 5
42 50 1
17 41 10
17 101 4
43 87 6
60 80 8
10 53 1
5 96 2
73 99 1
27 46 4
23 101 1
27 67 3
64 92 2
32 56 10
50 52 10
6 15 8
9 100 8
78 90 7
35 43 4
51 98 7
81 84 10
16 63 5
77 94 4
15 22 3
9 37 3
68 92 6
44 54 2
41 90 10
13 16 1
11 68 8
60 103 8
2 73 10
39 70 7
22 52 5
43 103 3
68 96 8
44 95 10
12 51 6
26 70 10
9 84 9
9 68 6
6 69 5
89 100 5
60 77 7
2 76 2
38 70 10
68 89 2
9 78 2
11 27 9
62 82 5
79 89 2
49 67 3
67 69 6
48 64 5
48 77 10
43 54 5
59 70 1
55 101 7
31 47 8
67 73 5
64 84 6
70 89 8
40 46 6
25 92 8
27 81 3
39 91 8
27 100 4
10 88 3
43 79 6
46 103 7
9 46 3
77 95 7
30 62 2
51 69 10
37 38 1
6 66 4
18 76 7
55 91 9
68 103 6
82 90 2
1 12 9
13 92 2
42 79 4
9 75 7
62 96 3
62 100 5
37 68 4
73 98 9
57 74 6
44 49 7
94 100 5
12 70 4
17 28 10
85 100 8
44 92 7
18 95 10
14 28 4
31 86 1
19 83 4
78 88 2
55 77 6
46 68 2
1 61 9
1 6 8
5 44 10
61 90 4
9 87 2
12 64 4
42 101 9
1 41 4
8 102 6
10 52 2
55 82 3
15 61 1
48 70 1
98 99 10
26 60 4
12 40 4
42 67 9
15 93 4
68 86 6
33 81 9
20 22 6
50 93 7
21 61 5
44 101 7
31 69 8
84 101 4
39 86 3
15 85 7
55 68 5
28 74 2
42 56 9
43 83 10
84 102 2
29 79 2
39 40 8
27 38 9
51 99 10
10 67 6
27 58 10
27 48 7
35 78 10
41 53 1
12 36 8
93 96 7
49 95 1
38 94 5
29 73 3
42 69 1
60 70 8
63 74 2
75 91 6
30 91 5
1 14 6
28 51 2
11 87 10
20 99 7
68 94 8
3 27 10
42 58 2
71 83 4
56 101 7
19 68 9
27 76 2
61 81 1
14 68 7
42 95 10
83 88 8
64 96 10
9 95 10
68 72 7
49 68 9
35 85 10
79 98 1
37 92 7
42 71 4
40 74 10
32 52 5
8 93 5
12 55 2
28 75 1
12 53 2
55 64 8
33 82 2
66 96 3
90 101 10
79 92 10
6 21 4
7 83 3
37 55 1
40 47 3
20 57 4
40 84 4
54 103 8
78 81 9
37 66 3
56 61 8
47 52 4
48 98 3
21 69 2
54 75 4
65 101 9
61 70 7
63 89 1
72 102 9
46 72 7
17 83 5
43 82 10
15 58 6
61 86 10
41 84 6
56 68 3
25 87 10
77 83 4
42 93 6
94 97 4
39 55 3
16 92 4
73 96 1
26 52 4
16 70 7
57 98 9
54 87 8
14 41 3
82 100 5
13 27 5
30 77 2
48 59 9
35 83 8
45 55 3
4 89 5
27 85 2
14 36 5
57 102 5
5 51 7
80 98 1
50 78 2
43 92 7
12 68 5
4 88 1
29 48 3
46 63 8
50 79 4
29 86 10
75 98 1
14 49 9
57 87 2
28 35 8
35 69 6
58 70 1
82 98 10
16 22 1
77 102 2
26 37 7
42 59 5
63 78 3
62 85 10
46 102 6
22 101 4
58 82 10
6 43 2
59 89 3
21 55 2
5 57 2
71 75 5
35 96 9
28 53 4
13 21 6
17 40 3
71 82 10
12 87 8
70 79 8
15 71 3
41 65 5
6 17 10
25 81 6
40 67 2
77 101 9
4 56 6
63 99 6
20 41 8
57 95 7
45 102 10
42 103 10
17 97 4
22 77 10
1 55 8
22 41 10
40 51 3
43 63 8
1 11 3
38 79 9
15 54 9
29 91 4
27 35 8
1 92 8
52 65 6
53 75 8
4 99 1
34 72 6
75 87 10
22 81 5
14 44 9
44 58 5
18 78 2
98 103 6
9 40 1
22 97 7
51 53 6
53 66 9
44 48 10
49 101 6
58 62 2
33 93 4
59 98 7
20 92 1
59 68 8
9 12 10
9 66 4
22 38 2
47 100 5
17 74 1
85 88 2
47 77 8
80 94 3
9 54 7
12 83 3
76 81 6
53 54 5
50 70 3
61 100 9
16 39 5
27 93 4
67 93 2
12 48 9
25 82 6
10 46 3
27 101 4
14 90 4
50 57 1
44 87 7
45 60 1
34 59 2
12 33 7
75 92 10
46 99 10
72 80 10
72 93 6
9 16 10
