659 1000
759 16
664 23
159 5
917 27
826 21
255 27
472 29
385 38
417 25
229 22
605 38
594 17
745 50
118 36
691 21
935 2
629 12
728 48
326 43
929 6
331 35
66 44
303 40
340 49
258 8
857 1
316 12
222 3
404 3
273 34
285 49
746 16
725 6
28 48
645 40
53 43
240 48
588 29
47 37
208 33
643 7
851 34
731 1
296 32
626 42
528 46
577 7
553 13
393 8
816 21
78 12
201 43
433 19
943 17
402 46
446 15
391 40
709 14
132 35
639 20
522 48
33 42
146 46
693 32
109 37
350 33
802 31
598 3
49 13
155 30
254 36
193 13
278 36
401 3
326 6
980 27
277 15
26 50
86 22
755 37
400 40
4 8
253 4
513 7
223 11
886 27
879 31
555 45
525 20
16 28
35 12
448 43
908 4
449 24
755 34
670 10
88 10
301 5
829 31
516 47
145 17
956 20
24 46
765 22
587 17
903 12
323 10
376 46
15 49
420 13
941 29
381 37
512 6
811 38
798 18
566 4
755 41
386 23
862 30
108 44
120 14
215 41
595 19
727 1
459 3
917 7
869 11
496 38
200 11
982 19
297 11
270 6
456 3
956 36
254 18
408 14
150 5
133 18
927 22
841 13
980 46
973 6
213 29
58 47
858 44
384 22
648 48
687 44
799 38
612 4
747 22
366 23
159 36
324 45
652 1
322 12
731 50
69 24
392 19
724 44
311 38
378 18
268 45
91 15
34 24
287 47
512 6
679 6
635 37
963 45
640 7
262 5
529 38
202 13
279 48
754 42
193 9
264 17
527 48
235 32
94 48
758 13
237 6
307 18
517 10
206 46
668 26
995 42
881 45
17 46
842 4
467 38
153 5
341 21
386 7
576 25
989 25
116 18
270 1
928 13
643 37
190 44
998 15
860 4
564 5
939 25
824 38
94 5
545 23
993 5
759 46
101 6
279 3
359 4
891 27
258 7
879 40
888 32
542 36
58 29
283 22
8 39
1 45
922 42
529 37
690 39
3 45
944 43
349 13
664 37
547 2
387 20
353 49
804 35
504 49
349 50
363 14
714 18
437 36
787 45
65 42
749 31
336 1
419 14
942 40
142 29
637 19
287 32
751 17
946 38
703 38
497 33
983 39
430 3
638 34
794 12
829 19
40 22
919 22
40 47
775 44
755 28
340 26
644 18
75 8
68 42
126 17
654 18
326 22
338 22
556 34
678 7
50 21
476 45
8 39
554 33
646 18
546 34
748 24
701 45
805 37
672 6
206 45
923 41
735 40
827 50
648 16
99 1
156 40
208 24
241 26
371 10
284 27
506 2
818 20
730 48
758 17
807 9
538 10
10 14
994 11
444 6
178 17
951 32
28 50
151 21
500 10
437 41
46 12
196 15
134 2
135 27
696 30
826 30
824 50
147 7
200 22
382 6
315 22
548 21
993 2
648 26
2 28
684 31
201 22
5 13
654 3
62 1
663 12
385 9
772 40
292 4
997 47
62 13
646 10
57 21
916 13
511 23
227 9
297 33
971 3
439 38
212 32
961 21
245 30
884 38
19 2
651 22
300 50
963 32
27 23
336 6
27 43
855 3
748 28
947 13
282 11
460 37
303 23
566 5
354 28
108 49
284 39
702 26
223 23
975 43
889 29
766 29
136 44
166 23
379 22
555 41
707 46
823 46
50 30
484 32
451 8
267 2
786 37
912 28
304 46
620 37
524 14
595 13
225 20
658 6
41 50
110 14
648 2
155 23
825 8
26 22
98 34
391 36
552 11
295 7
844 12
46 28
694 22
929 12
767 12
677 20
275 23
465 43
403 2
949 36
164 26
262 42
480 37
128 11
903 43
365 15
496 26
141 3
673 19
781 18
452 16
279 46
856 14
290 10
962 4
608 50
331 18
431 43
373 28
247 50
786 48
16 40
268 23
281 12
914 32
337 14
368 31
364 47
553 34
396 34
71 14
997 28
314 15
452 29
841 32
848 39
827 47
744 27
116 20
72 3
101 18
730 35
63 32
126 41
299 48
362 17
357 23
997 36
318 12
359 30
706 33
588 7
951 5
800 38
634 12
756 9
577 34
961 15
393 11
110 33
503 14
827 40
303 9
282 13
498 42
587 20
38 21
469 26
968 33
808 33
634 47
915 10
516 24
643 41
628 18
427 44
554 2
108 23
91 41
643 6
891 9
68 43
885 9
361 38
213 23
306 46
975 21
199 13
602 2
428 17
74 49
511 31
759 23
753 41
346 19
636 22
368 45
173 4
745 21
201 26
868 26
340 27
546 33
538 30
574 20
275 8
992 9
65 30
714 41
978 43
634 14
612 44
394 37
170 47
149 22
522 8
707 22
626 3
317 27
92 48
154 26
725 30
328 38
795 36
265 35
475 46
929 31
102 2
720 49
439 43
572 44
530 46
319 10
1 44
727 2
963 22
213 12
323 5
413 24
876 32
282 8
172 15
902 40
504 23
639 6
352 4
670 34
886 20
433 49
90 30
977 7
644 21
21 41
64 4
565 19
681 50
7 49
362 33
108 31
783 5
650 31
648 27
457 22
530 23
350 30
356 16
348 10
484 32
607 21
300 40
738 27
790 38
986 38
914 35
962 9
650 49
63 34
475 39
620 11
473 44
484 3
802 27
658 46
16 34
714 1
515 23
688 45
100 14
81 33
347 28
442 48
331 29
847 22
668 7
523 45
144 17
791 12
938 19
127 41
507 36
803 10
177 16
946 10
759 43
345 29
695 22
581 23
638 26
315 2
863 31
120 11
248 18
912 1
721 24
311 12
590 28
263 8
705 26
961 43
400 5
768 48
70 4
160 16
401 40
373 32
516 6
10 26
670 23
552 11
495 16
951 30
728 9
800 32
940 44
867 20
440 16
547 38
865 24
566 26
847 10
779 41
940 19
741 10
949 8
686 24
37 35
600 36
513 50
686 43
732 22
273 48
918 23
670 12
1 290 1
1 400 9
1 76 4
252 400 3
76 440 2
76 276 2
276 357 10
76 86 8
1 132 9
1 551 5
331 357 10
551 572 5
65 440 4
86 118 8
1 337 7
76 228 10
118 526 7
290 333 7
76 403 10
114 357 6
290 306 2
118 528 7
337 446 5
252 337 3
1 634 3
288 400 6
261 276 1
132 154 2
1 265 8
150 290 7
137 572 7
143 154 2
551 599 6
400 522 3
39 306 6
132 337 4
337 421 8
118 130 9
446 656 8
306 546 1
70 337 2
29 551 9
125 290 1
1 269 10
405 440 4
324 400 5
118 611 1
134 228 3
125 522 5
290 291 9
258 656 9
522 529 5
130 584 6
101 357 5
290 620 2
76 129 9
270 446 9
297 522 8
290 544 4
102 620 4
383 620 4
277 584 3
153 546 3
65 337 2
243 611 8
290 506 9
421 522 10
230 620 2
201 620 1
446 551 6
265 512 5
306 628 2
306 600 10
143 228 9
333 525 1
89 529 4
1 67 2
39 572 7
265 290 2
249 572 7
567 584 5
156 291 4
546 632 8
86 525 7
118 300 6
252 632 3
291 332 8
109 403 5
1 271 2
118 598 8
114 300 3
245 544 8
132 352 4
118 375 6
403 458 9
290 609 1
444 546 3
332 375 10
108 526 10
76 168 7
216 628 1
440 648 10
306 525 4
423 512 7
72 403 9
357 413 7
154 609 8
269 649 2
493 648 9
315 522 9
13 598 8
74 649 2
269 478 2
29 228 8
31 634 9
149 656 10
228 607 3
45 132 10
218 375 3
357 377 8
276 464 6
397 648 2
291 302 6
290 470 7
493 544 3
168 641 1
290 550 2
376 620 6
291 590 5
156 525 9
506 618 9
118 321 3
448 551 8
180 269 2
26 168 5
37 572 6
67 579 6
321 518 5
569 590 9
108 634 3
337 507 4
192 518 2
61 599 9
235 421 8
304 656 7
109 290 10
279 598 8
154 435 9
260 628 6
357 405 2
537 551 5
216 634 2
452 634 3
261 648 7
277 470 7
79 265 3
28 435 3
376 544 2
115 506 3
128 228 5
558 620 2
127 333 10
405 489 5
61 618 2
300 306 6
108 464 4
310 357 8
443 618 2
147 154 2
41 528 10
172 400 9
352 427 10
434 579 3
574 620 2
305 446 1
470 657 8
464 600 2
137 269 10
305 590 1
459 470 1
217 271 6
63 525 1
522 641 1
130 377 1
168 283 10
271 402 5
265 575 3
306 316 5
86 383 1
1 252 9
27 525 8
411 421 5
320 600 7
170 649 10
623 649 10
572 594 3
69 132 8
120 352 10
446 545 5
399 402 8
175 529 9
541 572 4
112 470 8
76 201 3
111 525 6
169 400 6
400 450 4
551 653 7
486 551 1
102 402 8
105 611 10
413 427 6
276 379 3
528 538 6
56 522 7
67 599 6
319 435 8
577 594 4
174 435 1
544 598 5
29 450 4
379 570 7
274 550 7
332 464 7
244 620 1
120 400 1
406 512 1
357 649 2
489 563 8
258 572 2
291 526 7
454 458 7
523 607 7
78 269 8
481 507 10
367 525 5
478 492 4
227 609 4
168 193 4
190 653 2
15 375 9
129 245 2
504 518 8
263 657 4
588 598 3
23 649 1
405 473 6
58 118 5
325 403 7
321 467 6
404 598 8
271 536 10
158 252 6
181 512 3
228 394 3
60 377 8
411 546 9
122 492 5
563 634 3
520 632 9
108 489 9
321 563 10
394 617 3
283 330 9
321 373 8
379 590 10
316 468 9
217 373 7
126 653 6
462 522 6
394 436 7
156 201 6
43 269 1
410 512 3
300 545 3
52 572 10
218 546 2
507 599 1
76 453 2
518 659 6
393 489 10
333 372 3
178 300 9
15 228 8
357 365 9
152 332 1
254 377 2
76 411 3
202 641 1
306 632 4
397 411 3
225 290 1
417 563 10
29 411 7
210 283 1
422 464 8
594 620 2
154 584 4
492 547 7
410 563 4
492 635 1
372 627 4
375 617 6
304 332 1
297 584 1
181 283 8
373 633 9
149 525 5
269 411 7
252 465 10
86 659 10
67 252 6
308 546 7
316 502 10
489 558 10
208 492 1
240 502 1
336 598 8
371 468 1
546 562 10
525 570 2
291 596 1
187 337 3
84 465 9
450 649 5
165 379 10
489 579 2
340 458 8
286 579 3
371 525 4
50 352 6
436 596 3
184 276 2
307 550 9
11 478 3
428 632 8
182 302 5
75 375 9
291 350 9
252 537 3
290 614 7
28 333 9
505 657 3
375 456 7
266 656 8
563 584 1
310 446 7
228 448 5
118 315 1
330 345 3
72 252 10
409 506 5
62 526 2
37 306 10
573 627 10
330 551 8
269 641 3
302 403 7
337 403 1
92 357 7
132 659 5
400 612 3
352 647 2
98 648 8
76 474 10
268 528 10
403 582 10
300 570 4
22 538 5
147 291 5
267 609 1
394 502 3
399 470 10
143 446 8
139 456 5
638 657 6
71 435 3
521 620 7
343 600 8
290 530 1
169 290 2
134 464 5
538 545 3
407 435 4
119 473 8
108 453 5
217 522 2
379 434 6
303 530 8
453 530 5
77 522 4
359 609 5
275 530 9
215 635 6
537 578 1
614 616 6
165 377 3
129 408 8
520 526 1
307 332 7
269 278 5
9 657 7
144 405 4
316 354 1
599 613 3
377 654 8
201 230 2
163 627 2
65 434 9
372 602 10
218 278 5
460 512 8
502 637 9
315 617 2
68 403 8
421 578 10
448 574 5
448 620 10
259 379 10
363 538 10
193 317 5
505 558 7
390 558 8
570 636 9
136 578 9
285 570 3
448 567 6
506 592 8
471 636 6
448 451 7
169 627 4
119 421 8
315 453 8
281 647 4
108 530 4
60 634 6
220 333 5
62 489 10
56 596 3
335 596 9
474 574 7
283 490 8
653 659 3
172 365 3
500 632 2
281 315 8
386 544 10
178 315 3
24 300 10
101 451 3
326 467 7
151 582 7
58 507 3
398 649 10
68 317 9
342 451 3
602 647 7
414 614 3
403 450 2
297 590 3
172 453 6
202 302 6
390 599 3
482 537 9
489 581 3
590 638 5
217 570 7
1 64 6
137 315 4
178 269 10
33 574 10
265 579 1
129 506 1
268 402 1
13 154 3
416 468 4
313 641 4
489 561 5
129 604 8
58 446 7
38 628 9
408 421 3
34 636 8
175 620 2
25 518 1
285 456 8
346 607 9
586 598 3
609 640 3
405 636 1
151 278 2
325 545 2
262 614 8
118 454 5
1 632 1
418 492 2
169 468 1
228 427 7
321 350 6
130 501 3
92 656 2
84 530 5
256 538 2
372 400 5
76 513 3
64 624 2
1 458 8
574 594 10
48 617 8
185 649 8
187 456 5
330 571 5
518 640 9
26 245 5
420 624 2
241 453 8
289 291 10
138 321 8
142 405 1
513 550 5
363 617 5
291 454 1
72 451 6
377 408 3
332 383 4
108 607 6
27 474 9
54 563 5
26 468 10
117 315 7
193 581 9
53 518 9
350 501 6
198 489 5
332 653 9
206 571 4
36 252 1
437 584 2
271 576 9
483 526 5
621 648 10
276 613 5
321 652 7
344 375 6
373 516 2
365 594 9
421 570 8
264 453 4
118 256 3
155 405 1
1 175 8
19 411 4
137 609 4
146 634 5
181 653 3
245 438 8
198 448 7
556 638 9
266 446 1
302 352 9
129 629 6
240 574 3
66 516 3
435 448 9
575 582 6
18 629 5
315 575 3
360 570 6
150 333 5
345 520 9
188 526 1
525 611 2
410 656 4
517 635 4
263 570 3
64 518 4
393 604 1
261 567 7
302 506 1
456 579 4
67 526 3
179 657 6
185 526 8
377 502 2
93 402 10
438 481 2
330 559 9
211 413 1
58 635 7
337 491 8
540 567 3
104 132 3
489 617 6
331 572 3
618 636 10
369 617 2
141 332 4
140 377 10
281 507 1
324 436 1
321 440 3
640 658 6
520 558 8
298 456 5
546 572 7
228 303 3
528 651 8
579 612 2
276 609 8
157 558 5
214 453 1
42 290 6
228 608 5
238 544 10
332 443 5
201 405 8
152 607 3
268 598 6
175 343 8
283 635 2
283 365 4
364 617 2
466 659 1
228 641 3
113 599 5
309 567 7
494 513 2
581 647 5
95 561 9
269 473 3
168 437 8
16 647 1
288 501 8
405 451 2
1 272 9
260 303 7
296 611 6
59 546 1
130 631 6
68 649 10
125 561 8
446 467 2
343 648 1
346 465 4
113 590 2
16 651 10
549 558 5
454 544 1
336 470 3
359 437 3
600 633 9
418 640 6
579 596 9
123 276 8
12 337 9
86 407 6
70 530 5
335 512 2
99 561 7
152 443 1
112 478 3
372 422 2
357 389 9
171 616 1
251 481 8
543 629 7
566 654 10
76 384 2
519 579 1
375 451 4
7 572 10
9 413 4
23 635 4
54 272 4
201 248 2
72 651 4
175 564 5
409 633 1
54 611 4
124 245 2
349 456 5
193 633 7
491 513 7
65 627 9
1 58 4
345 499 1
403 489 5
102 375 6
487 649 5
171 638 7
27 230 6
333 433 5
330 563 10
234 526 2
22 634 2
238 564 7
351 433 7
59 290 5
271 489 3
363 616 10
62 317 1
373 554 3
248 590 9
252 381 5
563 622 4
77 168 9
501 544 8
293 365 9
113 631 6
228 230 10
278 484 6
317 468 6
1 629 7
152 599 4
492 503 3
64 606 6
290 439 8
481 519 2
415 443 10
181 438 10
182 357 10
36 175 3
465 603 3
214 467 2
358 602 5
503 600 9
262 613 4
383 612 1
137 330 7
51 562 10
58 252 10
407 464 5
76 489 1
184 193 1
537 639 8
88 400 2
424 564 7
435 452 9
230 545 6
559 654 6
116 652 9
146 490 4
235 422 4
456 598 4
433 458 7
167 452 2
442 576 3
433 649 1
434 612 3
256 435 6
329 501 5
373 584 1
331 507 9
58 545 8
215 651 8
40 641 9
181 624 9
92 613 1
276 602 7
169 575 3
104 440 2
578 584 9
321 539 8
90 656 8
81 375 9
99 551 9
272 396 8
53 86 4
336 539 5
164 602 2
318 513 5
312 571 5
152 315 10
474 573 7
302 371 4
570 588 7
449 653 2
302 319 2
468 523 4
236 648 10
173 632 2
101 603 6
526 651 3
201 244 10
520 549 9
116 435 3
451 464 2
346 546 6
563 633 8
269 293 1
398 438 2
174 629 8
167 602 6
550 637 6
283 631 10
1 402 7
24 407 7
280 604 4
561 567 5
27 76 7
536 561 9
74 549 1
180 512 10
341 468 7
68 546 9
123 154 2
94 132 1
136 377 7
202 572 5
438 656 4
446 648 6
72 333 2
58 394 8
222 648 8
323 422 7
490 596 7
85 636 3
230 236 3
412 654 10
523 544 9
36 244 2
299 333 2
438 448 10
427 638 9
464 635 6
154 550 1
107 438 1
364 588 7
148 450 7
507 647 6
257 451 7
154 176 2
604 648 7
236 502 5
362 491 10
109 317 1
537 538 4
362 519 6
316 573 3
256 395 6
536 541 3
426 632 4
132 358 9
16 634 2
121 647 5
102 484 3
562 587 3
58 492 8
67 69 6
525 623 2
522 600 5
389 641 3
169 656 10
451 582 7
1 530 5
114 230 7
383 519 6
559 609 3
316 454 9
209 269 5
193 205 4
252 536 6
50 436 8
96 572 3
92 436 7
425 453 9
230 621 4
236 406 1
278 613 2
377 530 1
22 467 2
175 596 1
176 303 8
201 622 4
500 652 9
443 490 10
151 269 2
570 616 2
276 426 8
340 628 1
175 573 8
132 639 8
132 589 5
333 584 3
119 659 9
566 598 9
395 597 7
491 544 4
458 492 10
289 526 2
271 629 7
103 633 1
67 594 8
537 557 10
345 588 9
46 450 5
58 339 7
337 571 2
438 581 1
260 608 4
567 613 8
53 406 9
276 511 5
246 613 10
291 330 9
402 482 7
564 653 10
243 558 6
297 588 1
37 554 3
352 622 1
551 574 7
260 408 1
118 298 9
171 525 10
401 413 1
201 421 8
439 576 4
252 646 9
653 656 4
44 623 3
447 478 7
129 379 4
33 529 1
164 649 6
177 269 3
426 613 8
558 603 5
640 657 7
239 628 4
512 640 1
248 271 6
520 544 7
29 236 4
400 524 3
373 528 9
128 276 6
102 252 9
430 628 10
245 630 9
197 489 10
492 621 4
452 500 6
316 450 6
184 484 6
435 571 2
491 605 1
439 600 1
301 605 8
320 519 7
108 230 9
550 559 4
197 291 7
130 143 10
132 539 7
349 406 1
403 579 1
69 502 1
468 587 7
67 358 6
81 562 3
434 602 3
221 503 7
283 494 2
341 637 2
193 410 8
243 426 5
501 529 8
334 451 1
454 559 1
52 86 4
440 588 7
153 602 6
57 410 5
315 538 8
78 559 5
201 465 10
379 522 5
231 354 2
152 333 3
458 540 9
154 371 6
300 445 3
111 396 4
130 620 9
332 499 2
295 373 8
154 481 7
339 537 6
478 590 4
344 467 9
321 437 2
438 571 2
169 541 8
188 316 3
446 591 6
104 501 3
432 473 3
422 576 7
365 613 8
