48 631
78 26
12 1
13 5
83 26
46 19
66 5
11 3
21 3
4 2
25 9
38 4
14 3
42 7
4 2
92 15
1 1
98 46
79 35
79 36
57 10
60 3
91 10
32 6
46 17
43 9
85 36
53 24
4 2
21 4
81 21
43 4
20 5
71 30
20 2
48 1
80 3
17 6
45 14
89 14
76 13
55 23
44 16
87 39
83 19
48 7
60 7
8 1
19 2
1 43 7
1 47 5
14 47 1
19 43 6
43 48 2
39 48 5
43 47 9
11 47 6
26 47 6
1 18 4
23 47 3
41 48 3
29 43 7
27 48 6
38 43 1
18 33 8
26 33 2
12 43 7
18 47 7
9 33 8
11 33 6
31 43 5
13 48 6
19 33 1
18 41 7
17 18 9
18 44 4
33 44 6
1 40 3
1 48 5
11 48 2
44 47 7
1 39 1
35 41 2
1 9 10
23 40 7
9 26 9
39 47 3
3 9 9
15 40 1
29 44 7
44 48 9
24 41 6
40 41 10
9 16 10
38 48 3
9 25 9
5 41 6
5 25 3
7 40 2
18 45 9
13 26 1
40 48 4
34 43 5
3 33 4
1 12 1
28 41 2
25 29 10
9 34 10
20 41 5
1 26 6
23 29 2
13 25 1
16 48 5
15 29 4
16 19 4
35 39 5
16 31 5
20 39 5
34 45 4
23 45 10
12 18 3
5 29 3
25 34 6
2 39 9
37 48 10
18 46 3
5 18 7
7 31 9
5 39 1
7 48 9
25 41 4
3 26 10
28 33 7
11 12 5
6 25 4
26 34 8
6 31 9
12 19 9
4 40 5
10 26 3
1 24 6
19 28 4
5 43 7
14 16 3
3 46 5
26 29 3
24 33 3
18 34 7
16 46 7
24 26 9
10 28 5
28 43 2
19 46 2
16 20 4
10 24 6
24 29 5
12 34 6
31 34 1
10 25 7
34 44 6
28 45 3
40 46 4
15 39 10
11 16 1
30 48 2
1 38 4
5 9 6
34 39 1
21 29 3
31 47 4
43 44 10
38 45 3
15 24 3
28 34 4
21 28 7
16 23 9
24 25 6
11 23 2
16 25 2
2 46 8
9 38 4
19 36 8
12 38 1
17 20 8
17 46 6
12 13 5
25 28 4
26 38 3
6 38 6
7 47 7
2 47 3
1 2 1
34 47 2
30 31 4
16 21 6
24 32 2
32 48 2
2 13 5
32 44 5
13 30 8
16 38 5
29 30 8
16 47 2
26 43 8
40 44 7
7 43 6
37 46 5
4 23 8
8 40 6
21 23 6
8 21 1
30 32 1
9 23 10
2 41 3
30 40 9
28 32 3
36 42 2
31 42 9
3 13 6
18 29 1
23 36 3
23 48 7
33 43 4
10 40 2
27 29 6
8 28 2
46 48 1
38 46 8
37 38 8
45 47 1
19 40 7
18 19 6
38 44 1
11 20 9
12 35 8
7 25 3
1 27 1
20 33 6
2 17 7
20 32 5
8 9 8
5 42 9
1 29 9
24 46 10
42 43 10
17 21 9
27 33 6
15 48 2
2 7 3
11 41 2
34 46 5
27 41 4
26 41 4
1 19 3
12 40 4
13 16 2
6 29 7
2 25 3
4 33 1
42 45 8
3 28 3
33 37 4
21 41 3
26 37 1
15 27 3
39 45 6
27 39 4
23 25 4
10 39 8
24 31 8
13 42 6
5 16 6
4 17 4
42 48 2
20 37 10
43 45 10
7 36 10
13 47 9
9 12 10
13 32 1
33 42 1
13 44 6
32 46 10
16 32 8
4 48 3
19 29 7
20 22 4
30 43 7
9 35 10
7 38 3
37 47 4
9 17 10
27 42 4
20 44 6
11 17 5
6 41 7
16 39 8
21 33 6
8 29 3
27 36 8
20 48 9
30 34 10
4 30 5
5 30 3
21 26 8
26 30 6
33 39 10
23 31 3
17 22 5
22 34 1
13 43 9
4 31 4
24 27 2
10 30 1
22 40 2
7 16 8
8 32 2
6 32 2
9 24 7
14 41 9
29 40 1
4 24 4
15 19 1
21 37 10
22 23 1
11 37 4
3 44 10
7 19 8
16 36 3
9 27 1
20 38 9
22 41 10
15 45 10
9 40 6
8 47 10
7 9 6
24 30 3
30 44 6
7 23 4
17 34 10
16 37 9
12 28 5
23 41 3
29 37 10
5 17 8
1 42 6
25 44 10
33 35 2
11 25 1
9 36 5
9 19 4
8 35 9
2 20 2
15 18 1
2 33 6
8 27 3
43 46 7
21 36 3
2 21 7
32 37 3
18 39 1
24 35 4
20 29 10
14 22 5
23 35 8
12 33 10
24 42 8
16 24 5
16 18 10
31 39 8
11 39 4
4 36 5
13 24 1
6 20 2
11 38 7
8 12 10
19 45 2
22 35 5
20 28 5
23 30 5
2 38 6
30 38 10
37 39 10
2 29 6
7 39 9
17 37 4
16 41 9
1 33 3
35 47 3
28 48 9
3 37 1
35 48 8
13 17 10
16 45 6
10 45 6
35 45 9
9 15 5
26 28 2
2 27 10
7 12 7
19 30 8
6 23 3
2 24 9
9 14 1
4 28 6
31 44 5
4 29 5
13 38 3
31 35 8
2 12 8
14 40 6
33 46 10
24 36 4
22 33 8
36 40 4
36 37 4
7 41 2
14 33 9
22 47 5
41 45 5
18 40 7
3 31 5
25 35 2
15 22 5
39 46 4
47 48 1
38 41 2
10 38 5
2 40 2
22 30 2
19 31 2
32 39 8
19 21 3
4 19 5
23 43 6
15 36 2
26 44 4
19 41 6
30 41 2
7 46 6
36 45 4
28 40 5
36 46 3
2 3 7
8 38 9
15 33 7
36 39 1
17 27 2
15 21 9
30 35 3
15 47 1
7 26 2
1 14 1
7 32 1
16 27 9
29 45 3
26 40 2
9 41 3
21 43 7
11 44 6
9 28 1
2 16 1
1 44 8
9 42 5
7 35 4
2 30 3
3 20 4
7 21 5
28 46 5
11 22 8
17 23 5
17 39 5
7 33 1
1 30 5
12 15 8
7 37 10
13 20 5
30 37 1
15 17 6
3 25 5
13 22 9
34 41 5
5 34 5
19 25 6
11 31 5
33 38 9
27 31 3
31 41 2
38 47 3
3 5 4
18 36 1
13 29 8
14 17 5
19 47 3
8 25 1
3 43 10
24 43 8
23 46 3
19 37 5
12 41 5
30 39 8
27 37 6
15 26 1
21 32 4
16 22 9
1 46 9
39 41 8
28 42 4
40 47 2
14 25 2
26 36 9
28 38 9
3 30 9
13 46 7
3 21 1
12 27 10
5 15 4
11 26 3
8 44 6
26 45 1
7 45 1
40 42 5
1 3 7
15 28 9
23 42 7
1 36 6
19 35 4
7 20 1
14 31 4
12 31 6
32 47 6
14 20 3
1 17 10
21 46 3
9 11 6
12 29 3
12 23 1
41 46 2
3 12 5
36 43 10
6 45 7
5 40 3
3 15 6
27 43 6
11 36 4
26 35 3
19 32 7
22 37 6
20 25 6
5 33 8
17 42 6
16 29 1
17 30 6
34 37 8
22 26 2
14 18 5
29 39 6
13 21 9
32 38 2
21 31 2
39 44 4
9 44 7
14 23 2
9 46 2
8 20 8
3 40 10
18 38 1
14 48 5
3 11 9
3 29 2
1 10 3
9 39 1
15 25 7
40 45 6
24 40 4
1 6 2
6 12 2
10 16 8
20 21 1
44 46 7
16 35 9
10 18 4
18 27 3
26 31 5
8 39 10
1 11 1
1 15 1
3 19 4
3 18 1
14 43 7
29 47 6
4 34 10
24 45 4
11 24 6
6 14 9
34 48 7
10 35 10
13 40 7
25 30 6
17 44 7
20 45 6
33 48 4
31 33 4
15 31 9
24 48 3
46 47 10
28 39 9
16 26 10
10 13 3
1 22 9
1 31 7
3 7 8
8 10 1
21 24 3
19 23 7
30 33 5
7 18 1
21 34 9
14 30 2
7 14 5
13 31 7
6 28 1
10 43 10
5 35 3
5 47 6
32 36 4
33 36 8
21 40 10
18 25 3
38 40 9
15 34 5
6 21 8
12 48 1
5 46 9
13 45 10
12 36 4
24 44 7
42 46 10
29 42 5
26 42 3
11 45 9
20 31 9
30 47 1
23 38 7
23 27 6
17 40 4
17 43 8
29 38 2
8 45 8
6 13 10
18 22 2
12 32 7
25 40 9
5 20 9
45 48 10
3 42 3
3 47 8
5 14 6
14 44 5
34 35 10
2 10 7
19 44 3
17 19 10
13 18 5
12 42 9
5 45 8
27 30 8
41 44 4
1 34 3
16 34 2
4 11 5
18 32 6
5 37 9
29 46 2
9 47 5
32 34 9
11 29 3
6 27 6
36 47 9
2 32 3
