300 1000
429 48
318 34
844 36
69 35
255 48
5 21
920 29
852 13
221 18
51 43
520 29
656 48
910 35
715 25
59 20
922 33
198 41
738 25
517 29
55 32
528 50
915 10
946 48
21 10
5 35
456 38
858 41
215 19
987 23
827 5
113 38
120 25
283 35
785 12
801 47
733 32
29 50
266 5
762 42
424 27
892 42
179 34
768 25
779 8
940 41
534 20
173 38
633 42
425 23
912 33
320 44
676 11
79 46
582 36
646 47
660 3
595 3
760 48
240 43
603 46
154 50
262 27
463 14
434 5
615 21
691 48
926 38
280 3
324 6
287 6
526 4
292 49
684 16
517 33
119 27
232 45
266 33
185 18
745 40
458 6
809 16
933 33
992 36
119 25
760 11
276 15
364 45
95 35
218 15
763 2
296 4
372 32
82 41
944 49
684 34
129 23
46 18
215 48
132 9
137 45
539 14
661 28
710 23
324 22
241 27
40 35
695 24
191 28
256 43
902 1
767 24
766 38
653 8
413 36
735 15
490 38
920 29
366 45
62 20
879 26
19 41
433 32
129 4
369 29
813 12
552 5
247 18
614 46
933 19
567 7
339 31
579 17
433 24
375 28
504 41
168 1
242 43
692 3
974 32
611 12
954 5
264 5
956 1
82 32
943 3
101 24
400 17
308 3
962 34
565 3
811 3
746 7
905 29
142 48
459 42
28 16
331 32
35 14
830 23
940 2
888 27
270 11
901 31
288 6
346 30
948 10
68 47
865 46
399 46
68 2
75 6
488 46
560 8
304 28
253 5
614 9
293 21
373 15
636 19
970 50
754 42
231 19
150 5
370 25
585 25
823 23
843 10
254 26
948 33
667 20
262 40
37 32
904 20
882 4
967 21
512 10
489 13
567 19
611 1
982 16
520 12
975 1
876 2
838 42
323 16
200 43
418 32
414 21
611 31
730 19
21 12
931 11
986 1
342 19
685 20
587 38
504 1
121 39
906 4
695 4
88 14
489 15
59 43
365 12
728 12
49 36
971 6
102 21
902 4
772 46
261 4
293 23
476 36
548 19
571 2
145 3
958 20
312 9
537 26
871 10
893 41
137 6
387 13
556 15
753 5
888 28
186 24
361 6
800 25
398 37
896 30
581 31
845 8
730 34
681 43
64 2
725 22
606 8
134 9
714 2
873 17
585 40
770 13
1000 27
816 30
327 21
569 27
499 15
724 48
350 3
956 17
346 50
783 46
980 4
870 8
563 22
575 50
266 46
190 22
62 31
904 9
713 9
394 44
867 30
457 34
229 20
430 39
262 6
377 38
367 28
392 33
167 26
589 43
84 33
321 36
317 22
313 40
885 10
783 24
98 39
1 200 9
1 187 6
121 187 6
1 261 6
200 287 9
192 287 6
200 228 2
1 284 6
193 284 3
25 287 6
1 11 7
101 200 7
187 217 1
217 252 9
30 228 7
11 246 5
187 300 3
11 84 9
33 284 8
1 134 8
125 252 5
119 261 10
134 211 8
210 246 4
84 165 2
108 187 3
134 239 5
89 165 2
121 246 3
13 284 8
76 239 8
136 165 10
86 134 3
261 298 5
252 298 7
173 284 1
1 104 3
174 246 5
104 163 5
4 239 10
200 217 3
134 169 2
230 261 5
211 269 10
62 187 10
102 134 9
169 192 6
165 213 4
134 137 9
254 284 3
256 284 3
213 294 10
1 247 6
139 261 3
137 268 9
13 165 6
193 298 10
258 268 7
137 277 10
11 175 7
187 260 5
165 253 6
1 297 2
268 293 5
105 252 7
137 278 8
100 246 2
219 269 6
141 213 6
170 228 2
258 297 10
69 175 10
104 197 3
100 200 9
202 228 8
1 252 1
134 155 2
160 217 9
115 246 3
275 297 4
37 165 5
137 188 9
163 182 4
50 188 3
36 192 5
261 269 4
165 204 1
192 196 5
30 155 1
190 294 8
82 287 2
120 260 4
219 284 9
69 298 7
196 244 1
1 3 3
259 298 1
43 104 3
53 84 9
50 294 3
39 217 9
239 272 9
217 280 10
40 268 2
62 204 4
187 198 3
77 228 9
169 187 8
11 122 4
217 276 4
3 110 1
33 84 6
244 275 9
187 190 4
195 294 6
200 259 10
25 211 9
173 182 8
187 283 10
78 84 5
54 182 7
200 268 3
1 226 3
195 280 7
211 245 9
95 239 9
131 261 10
5 175 8
123 204 7
22 294 10
35 283 3
92 110 2
233 269 10
184 226 6
70 200 10
182 185 8
120 182 3
87 165 10
8 253 5
144 163 2
182 290 4
175 198 5
3 136 6
64 211 2
16 252 4
165 183 5
98 259 7
46 185 4
155 231 3
208 290 4
130 213 5
175 295 1
51 122 5
80 268 8
37 268 7
99 231 10
175 181 5
146 287 7
35 300 3
2 211 8
104 191 10
183 233 3
122 174 8
104 188 2
226 277 7
272 280 9
122 254 6
59 204 1
88 163 8
166 217 5
69 293 7
221 228 1
259 291 2
129 169 4
236 295 2
147 183 5
62 136 10
120 174 7
3 165 1
4 137 2
153 244 10
155 282 10
190 298 2
187 290 9
134 242 7
183 231 1
79 196 5
121 253 6
35 297 10
13 254 5
131 290 6
273 295 7
43 185 1
233 239 7
175 216 9
13 182 2
242 268 10
182 199 4
209 287 9
226 228 10
20 198 4
212 294 3
199 269 2
47 165 4
199 283 5
33 185 5
85 110 7
171 211 9
35 198 5
227 298 2
85 245 2
90 175 9
191 259 4
91 200 10
35 291 7
149 211 8
110 195 2
246 252 5
96 155 3
222 278 8
1 175 8
125 200 10
88 242 5
58 272 1
192 197 2
52 298 7
269 280 4
230 291 5
39 297 5
110 206 2
155 221 8
182 190 3
191 268 3
136 264 10
21 122 3
19 200 5
136 289 1
82 228 5
210 226 2
182 221 4
195 206 9
188 272 4
137 167 4
126 206 6
253 263 5
125 185 10
101 297 9
75 264 6
189 195 5
269 276 8
75 239 6
46 183 7
129 275 10
18 213 1
136 183 1
104 199 6
47 289 4
95 204 9
283 295 2
247 288 10
133 182 3
276 293 2
146 261 8
269 299 2
3 291 8
248 280 3
131 288 8
208 213 8
213 226 2
174 298 10
43 165 3
228 264 5
44 288 8
181 275 10
2 11 2
155 244 8
251 294 1
188 223 3
117 169 7
169 178 1
168 291 8
64 280 4
263 275 2
117 300 5
137 279 7
156 198 9
88 239 6
127 293 1
71 155 10
106 276 9
175 243 1
244 284 8
9 233 6
65 276 1
178 206 2
244 263 10
108 254 5
249 269 3
58 290 1
187 252 1
8 261 3
113 182 8
23 204 9
110 200 9
180 245 4
295 298 7
35 183 4
278 298 3
212 246 1
195 290 4
223 276 3
156 233 3
245 261 2
282 292 5
94 163 6
129 283 7
150 261 2
109 165 3
210 275 6
107 137 10
5 11 2
75 196 2
175 205 5
280 295 2
218 282 5
205 240 7
183 254 5
105 260 1
226 293 7
195 240 1
39 175 8
37 282 10
107 198 9
186 216 5
45 185 4
175 212 2
88 260 6
141 300 3
149 268 4
262 279 9
181 277 7
216 224 2
236 297 4
155 200 6
26 259 5
179 283 2
93 167 4
163 184 2
136 159 9
181 249 8
183 224 3
211 221 4
159 173 10
80 165 8
21 205 8
98 276 4
84 163 9
159 212 8
207 247 10
88 198 5
188 191 7
159 251 4
206 221 3
213 290 10
215 231 7
136 244 6
77 122 1
196 295 5
124 204 8
184 194 10
47 247 4
124 263 3
65 282 1
19 184 2
10 254 3
208 252 5
231 245 3
77 246 1
269 289 3
173 205 2
117 268 7
75 110 5
199 285 5
252 275 9
160 277 10
78 247 9
190 295 6
119 295 7
154 173 7
99 174 7
246 297 1
98 243 4
62 299 2
53 253 2
140 291 4
123 197 8
7 287 1
211 235 9
185 191 9
107 272 1
76 136 10
150 231 2
114 239 1
188 205 4
183 251 9
1 168 4
145 279 9
113 206 3
136 213 5
147 173 2
42 275 1
5 223 1
7 198 1
8 195 4
224 239 10
103 136 7
198 290 10
159 194 4
275 296 6
243 267 1
43 288 8
224 271 1
35 231 5
231 297 8
27 284 2
123 239 4
77 239 6
197 278 4
162 283 4
221 260 1
50 252 5
84 137 3
88 104 2
189 244 5
6 259 4
206 240 6
121 279 2
169 259 9
26 275 5
73 272 10
174 256 6
93 277 3
160 284 6
108 231 7
11 21 5
101 163 3
178 267 2
221 261 9
66 217 3
253 254 2
227 293 1
195 254 3
200 220 6
21 292 10
78 155 9
182 292 9
21 244 8
7 159 5
218 246 5
49 224 4
32 200 10
195 247 6
55 240 1
104 151 6
206 298 5
206 243 1
75 246 3
194 300 10
171 221 2
228 257 2
182 285 9
117 297 1
53 136 10
264 294 10
41 212 8
1 277 4
129 269 7
110 296 3
254 277 6
10 299 7
143 221 1
206 211 10
209 233 6
228 238 8
206 220 1
181 290 1
15 195 4
45 155 6
1 293 10
215 299 2
208 283 6
201 231 1
25 200 3
25 239 8
205 276 3
233 267 6
3 290 7
181 273 4
66 221 8
224 280 5
45 110 1
178 276 2
157 226 4
216 245 5
241 272 2
84 245 1
254 287 2
184 256 4
119 290 5
216 246 2
114 196 5
259 261 9
3 227 8
36 242 8
176 277 1
29 287 4
186 249 6
186 197 2
260 286 6
211 219 2
181 200 6
181 292 7
293 297 8
180 205 5
173 280 2
68 238 4
35 219 7
18 299 10
1 115 8
159 167 7
246 249 2
204 237 10
132 287 4
41 292 8
178 247 3
257 278 2
244 291 10
38 173 7
50 212 9
197 267 5
81 217 7
46 213 7
221 254 9
100 191 6
35 267 8
31 292 7
120 286 2
28 300 8
183 261 5
270 273 2
177 269 9
86 285 5
165 184 6
115 220 9
141 283 9
182 207 8
197 296 1
128 287 9
3 205 5
61 252 6
81 191 3
187 282 1
214 268 9
74 246 6
117 194 6
219 234 8
178 234 10
77 273 9
187 189 10
125 192 1
165 261 5
175 237 2
135 294 4
69 297 4
257 266 10
25 238 8
24 245 10
158 295 2
55 185 3
91 231 6
143 297 9
123 188 3
237 290 9
58 199 6
78 254 9
21 291 9
188 240 3
141 245 9
169 228 6
127 200 5
74 212 8
11 242 5
208 251 8
20 192 6
213 275 4
144 245 7
132 211 10
121 252 2
282 295 1
184 212 6
95 199 3
219 274 8
148 217 6
146 293 1
183 219 2
21 152 1
114 280 4
1 70 7
274 281 10
191 229 3
179 190 2
34 268 3
175 178 5
181 210 10
45 245 7
62 188 7
218 290 2
194 196 9
124 199 9
28 267 7
45 152 10
50 272 10
102 197 3
111 227 7
52 300 4
191 206 8
3 209 2
52 190 4
82 296 7
6 216 6
85 271 6
68 273 3
13 293 3
119 294 2
58 245 9
107 110 10
8 247 10
188 245 2
205 268 1
168 279 5
2 195 9
187 240 1
256 274 5
289 290 3
282 290 6
28 181 5
48 266 2
74 252 7
173 268 2
21 288 4
254 279 7
2 282 2
193 297 9
147 293 2
282 285 5
94 169 1
201 237 3
81 175 3
54 168 1
118 249 1
173 260 10
253 300 3
124 267 6
154 245 2
156 174 4
168 224 6
217 260 4
240 295 8
171 240 5
196 228 2
49 194 4
140 280 7
88 178 10
57 249 2
135 271 7
170 233 7
243 300 6
88 200 1
104 244 5
21 210 8
244 251 5
81 189 6
139 228 4
88 206 2
75 205 4
109 234 5
264 269 4
132 242 9
66 277 3
81 194 2
225 285 4
211 223 4
159 293 6
167 220 7
29 252 7
213 272 10
238 242 6
243 254 4
70 180 4
177 282 4
94 151 10
115 209 5
111 252 10
21 195 3
163 245 4
245 286 7
104 270 6
183 220 3
155 209 3
91 237 9
183 273 3
189 261 3
21 169 9
47 181 1
15 235 5
141 298 4
73 137 8
126 200 1
227 263 5
36 295 8
76 293 6
216 241 6
120 275 3
262 274 9
117 152 5
184 269 8
83 189 9
185 294 8
91 219 5
167 181 2
75 229 10
112 159 5
168 298 4
68 122 10
231 239 7
21 66 3
137 241 4
206 257 2
212 272 6
187 192 7
164 277 4
148 226 6
35 238 2
167 192 4
108 152 10
173 209 9
70 166 4
235 245 10
134 281 9
210 299 1
3 19 1
82 254 1
51 260 9
35 207 4
183 195 3
98 300 3
166 220 10
209 217 8
287 290 3
90 270 6
112 115 2
285 293 9
207 235 1
110 157 1
136 166 3
272 289 10
134 244 2
249 254 10
225 270 6
105 228 7
114 271 5
95 168 9
191 241 8
188 207 10
38 252 2
103 213 9
196 269 2
151 200 7
205 235 1
57 291 3
19 189 6
155 216 3
159 204 10
256 258 2
144 296 6
150 151 7
233 272 8
47 209 7
158 239 6
72 271 9
115 216 7
122 191 1
125 254 4
157 162 2
245 268 6
184 248 9
248 294 7
57 220 6
219 297 5
204 220 7
238 281 9
260 292 5
139 292 4
128 238 3
119 204 4
175 248 7
6 269 6
220 292 9
3 79 7
122 199 8
166 286 7
68 277 2
88 195 5
296 297 7
229 293 7
258 292 5
235 286 6
209 292 1
181 212 5
76 297 5
224 256 1
171 234 3
28 281 9
285 299 5
86 263 9
95 166 10
212 253 5
290 294 1
179 242 8
63 178 2
19 229 8
229 268 3
81 249 2
190 196 7
38 178 2
70 288 10
108 289 6
270 282 4
48 209 7
66 172 5
277 286 8
28 240 4
164 172 5
257 280 8
260 269 7
266 295 9
60 178 9
158 249 5
66 235 2
267 300 3
212 300 8
127 183 3
242 263 9
198 207 9
48 217 10
26 182 6
161 241 6
65 279 10
254 267 3
264 277 5
93 287 2
87 291 5
49 151 6
184 201 3
197 247 4
134 166 1
225 240 4
216 219 6
135 281 7
256 285 10
162 173 8
286 296 2
85 280 4
87 246 9
199 271 4
31 157 6
111 273 1
48 104 8
113 244 5
196 284 8
88 229 2
84 139 10
78 110 9
117 241 9
150 220 6
78 279 7
180 287 1
84 209 6
241 287 3
110 159 4
284 292 4
112 174 1
29 169 5
38 291 6
114 237 10
158 163 6
74 278 9
111 231 3
59 110 10
87 292 10
105 286 9
86 169 1
221 224 5
229 242 8
101 191 2
109 272 3
112 252 4
277 280 8
212 284 7
84 280 4
38 280 8
224 237 4
163 219 9
231 276 8
14 293 5
247 290 4
172 229 4
167 280 10
141 286 8
198 254 6
211 281 9
201 251 8
39 261 4
214 293 7
229 294 7
268 270 7
42 274 2
174 297 5
234 283 1
55 216 4
242 254 1
180 183 2
211 260 4
35 276 6
222 233 8
113 281 4
95 190 3
64 256 8
164 247 1
176 219 9
56 278 7
270 279 2
249 261 10
86 248 9
142 293 6
207 282 2
11 234 10
162 223 10
19 113 2
77 165 10
176 188 10
110 240 8
105 181 2
148 268 3
108 260 3
86 217 2
90 201 7
126 271 5
1 137 4
55 288 4
47 249 8
105 284 8
110 201 3
143 205 10
93 219 5
66 113 2
152 298 7
25 113 4
21 79 5
206 283 10
70 77 6
163 232 9
10 238 4
87 279 10
26 134 4
70 235 2
192 233 2
82 110 7
237 294 7
22 242 5
49 216 6
78 213 1
159 266 5
205 269 6
148 244 9
172 254 3
173 270 1
169 282 4
61 168 10
165 209 2
186 256 10
22 238 5
4 212 9
39 151 2
250 273 5
126 256 7
19 149 2
29 204 7
25 213 6
12 211 1
