246 1000
478 38
24 44
44 7
242 8
206 41
783 2
189 38
978 22
732 30
61 39
207 42
839 9
595 14
382 2
483 23
976 10
673 17
13 31
612 50
318 1
355 48
191 31
184 1
862 37
341 14
57 46
825 41
459 19
156 46
919 1
351 43
910 50
823 49
561 23
490 16
96 19
800 10
520 39
755 12
350 34
314 24
118 48
755 44
383 49
674 25
467 27
303 31
839 34
703 9
65 13
159 23
93 8
959 30
243 5
900 25
435 11
985 9
71 46
525 6
29 16
973 15
207 42
880 7
643 20
540 24
984 2
291 7
64 8
655 13
565 4
844 1
32 47
884 48
113 2
985 50
235 38
93 19
877 20
973 42
882 48
716 35
773 30
397 13
206 50
539 11
370 36
831 11
981 33
526 27
970 2
925 34
892 2
184 26
525 50
936 15
992 16
369 40
61 12
151 38
146 23
905 29
358 4
214 40
444 6
872 15
290 42
169 36
539 16
725 32
257 18
576 47
430 13
337 2
927 3
477 13
398 20
276 41
872 8
290 49
50 38
495 42
238 21
591 48
682 39
287 42
33 43
980 20
359 4
145 37
868 36
95 1
973 27
541 11
885 9
290 15
650 36
292 50
565 49
533 27
205 48
258 5
869 43
542 28
240 43
725 1
441 20
533 10
363 17
560 33
496 36
659 49
452 14
373 26
122 29
401 14
577 44
606 10
39 37
450 26
388 26
689 30
449 21
633 39
726 26
380 48
916 4
501 12
391 31
528 33
150 23
609 12
576 39
44 38
314 40
105 45
45 28
121 30
706 20
707 50
891 3
435 37
463 33
770 4
119 35
304 44
130 6
920 47
414 17
33 47
433 2
428 33
686 7
299 46
39 47
271 31
155 45
801 45
818 5
820 32
59 25
725 2
706 5
782 17
867 34
611 12
382 20
449 35
340 12
283 25
30 19
481 49
877 6
348 50
116 3
535 50
456 36
120 36
406 21
347 45
440 14
293 41
460 29
248 38
204 22
964 2
91 13
507 6
469 39
980 10
758 32
983 19
776 49
151 21
220 48
268 20
900 50
251 13
835 37
638 38
409 27
80 10
706 39
656 33
227 32
59 25
698 20
1 12 7
12 138 2
12 244 8
1 208 1
138 203 6
1 8 2
70 208 5
114 138 7
193 244 4
65 138 8
66 203 8
8 79 10
79 234 2
214 234 4
106 234 6
176 208 6
12 70 9
1 10 10
138 234 7
8 228 2
12 133 1
151 203 8
114 234 1
10 49 6
1 154 9
25 234 2
79 207 10
49 190 9
72 203 4
49 100 7
38 70 1
8 134 6
133 196 3
10 140 7
132 196 1
1 192 9
84 192 6
154 158 10
158 183 8
213 234 2
134 214 6
118 192 4
74 154 6
18 79 7
203 212 6
8 208 4
13 49 1
10 177 6
167 208 1
140 183 5
1 147 6
123 244 6
58 134 9
46 234 8
1 186 2
97 196 5
190 192 2
12 109 5
82 214 2
138 152 5
46 186 4
152 205 5
107 190 3
97 177 4
74 186 9
128 244 1
147 200 2
1 212 2
3 244 2
100 147 10
49 240 7
12 216 9
185 203 1
65 147 1
138 178 6
10 16 7
27 200 5
179 244 7
177 209 3
91 183 10
81 240 8
10 128 6
196 205 1
140 246 7
78 138 7
122 205 10
98 209 9
128 171 5
9 196 5
56 178 9
70 138 5
207 243 1
8 39 5
130 158 1
209 240 1
131 178 4
12 152 6
102 228 2
1 152 2
43 138 10
13 200 7
49 107 8
1 62 4
64 100 1
79 134 2
25 79 6
48 205 3
79 86 9
156 200 7
60 203 1
86 227 10
211 243 4
167 205 10
147 186 6
10 186 1
190 205 1
192 214 5
222 246 2
59 158 3
39 62 1
196 208 9
16 103 7
205 232 5
178 190 9
51 140 5
67 246 6
73 100 5
143 171 6
72 79 2
92 208 5
93 243 3
140 199 8
169 244 7
71 192 1
6 86 4
205 240 2
100 129 6
85 207 9
141 178 10
84 244 8
16 63 3
29 228 8
105 216 8
135 203 9
8 45 1
192 232 4
10 25 2
16 170 8
194 200 5
140 233 9
97 133 9
176 227 3
8 89 8
115 207 3
79 196 1
57 170 5
107 219 5
140 184 5
145 212 4
62 140 1
151 183 6
130 154 4
219 224 7
152 200 8
47 234 9
192 233 10
170 205 2
28 140 1
75 224 8
82 212 5
85 234 2
88 232 8
9 244 1
179 183 2
39 211 9
177 224 2
8 178 4
39 245 4
130 200 5
16 105 7
203 228 3
85 203 7
171 238 10
58 133 2
79 243 4
70 185 4
173 207 2
73 228 5
224 228 5
1 166 8
152 234 3
120 243 2
3 243 4
34 170 9
127 233 9
183 208 6
83 227 1
25 180 5
166 178 3
103 145 9
233 237 5
10 64 9
131 246 3
135 145 4
152 178 1
104 129 6
147 154 9
115 212 3
26 103 5
147 166 1
110 219 9
160 227 3
47 128 7
207 220 3
1 197 3
107 110 4
59 152 1
44 63 10
129 178 7
73 244 7
129 204 5
113 185 8
35 79 8
147 190 7
129 197 3
209 246 1
227 242 1
180 246 4
110 195 9
125 238 4
32 208 2
8 110 4
207 240 7
39 95 2
104 197 6
25 46 2
65 86 1
39 94 10
64 150 9
120 128 3
185 235 3
1 69 7
63 231 1
203 217 6
134 179 1
142 240 2
89 218 7
109 156 7
158 237 8
121 224 1
12 21 8
31 227 9
137 209 7
170 177 1
36 89 4
151 156 9
105 225 4
80 204 5
62 231 4
16 98 7
225 233 4
110 145 6
17 227 9
63 112 2
140 224 6
48 246 10
86 212 5
149 244 5
102 244 6
94 199 3
47 95 8
10 101 9
171 195 8
55 204 4
139 190 10
56 184 6
63 132 7
30 192 10
156 192 6
57 232 6
1 185 3
31 180 9
124 203 7
15 145 4
64 86 5
109 115 10
142 243 10
49 232 5
42 224 9
125 200 7
158 243 5
224 226 1
84 203 1
142 234 3
82 195 10
74 204 3
95 103 5
226 243 7
46 125 8
99 180 10
100 180 3
158 185 4
4 110 8
124 154 8
62 105 7
174 211 4
6 103 5
228 232 8
21 46 9
115 129 4
33 100 9
112 164 6
147 217 2
21 224 1
33 170 1
183 243 8
18 200 4
147 196 8
1 51 3
51 150 3
66 101 2
95 216 3
150 164 8
36 199 2
91 185 8
100 156 7
125 234 5
186 219 8
112 221 8
185 197 3
60 217 6
116 138 7
46 149 6
124 197 6
233 245 5
168 231 4
1 214 9
80 224 5
16 81 9
122 244 5
58 149 10
79 136 9
223 232 7
14 240 6
138 175 3
216 245 7
89 168 4
66 237 5
23 226 9
177 219 6
143 205 8
142 226 4
101 118 5
128 190 9
81 147 9
179 212 1
136 205 9
118 140 10
177 207 5
133 193 10
136 158 6
89 175 9
14 226 10
166 197 2
180 203 3
184 200 6
8 115 4
33 180 1
45 170 7
200 217 10
24 214 8
164 185 4
200 235 4
42 69 8
30 233 10
105 199 8
175 182 2
40 147 5
171 174 1
51 240 1
83 138 1
38 105 8
95 128 7
139 217 8
84 134 8
1 94 7
127 205 9
207 213 4
56 240 5
126 134 8
63 196 4
129 194 1
165 245 10
206 240 2
147 177 3
51 184 8
10 95 5
89 158 6
135 150 2
92 231 9
136 203 8
136 224 1
102 213 1
179 235 9
45 222 10
127 180 5
54 105 10
20 237 5
112 143 6
48 218 2
39 84 9
59 226 3
175 213 7
63 160 3
122 184 5
109 183 8
205 208 4
79 164 6
119 186 9
117 192 5
129 184 4
113 145 5
86 150 2
2 16 7
96 234 8
114 237 2
48 193 2
123 170 6
62 199 2
105 173 5
51 54 8
16 214 7
143 232 7
25 183 1
34 244 3
120 194 6
100 191 10
84 184 7
150 204 9
171 189 7
176 190 6
8 222 1
24 107 6
101 107 10
118 182 9
25 196 4
164 167 6
12 122 5
103 176 4
105 207 9
25 124 10
231 235 6
79 228 2
112 159 2
52 164 7
158 205 5
158 212 9
86 180 3
96 218 10
25 69 4
235 239 5
233 244 5
118 187 4
39 178 8
191 228 2
187 240 3
110 177 1
14 49 6
21 60 3
92 189 5
183 237 9
67 219 1
69 115 2
51 232 7
143 208 5
160 226 5
78 180 1
69 224 10
211 229 3
56 112 1
98 147 8
118 156 6
39 65 3
24 239 9
12 121 5
14 149 3
49 180 10
119 229 6
36 136 7
145 168 7
79 115 5
32 221 7
121 227 5
53 62 4
56 175 7
103 185 4
71 227 4
169 233 3
16 235 8
11 203 6
61 191 5
175 234 7
148 228 1
49 183 6
166 205 4
33 218 10
140 216 4
166 177 1
22 179 6
6 226 1
32 178 4
8 199 7
172 183 6
110 217 10
192 207 2
3 149 3
21 26 10
112 150 4
6 134 10
70 217 6
185 224 10
108 166 5
227 243 10
189 212 6
56 224 7
200 207 6
22 143 1
46 204 6
46 176 10
89 171 5
173 232 10
138 154 7
138 139 3
1 179 10
98 211 3
110 197 1
115 122 2
63 225 1
97 107 10
216 217 9
92 233 1
149 161 4
95 157 7
168 192 3
109 214 7
207 244 6
27 62 2
81 88 3
178 217 4
97 171 10
133 180 8
88 136 8
139 164 1
29 221 7
98 202 3
16 185 6
189 244 4
173 191 4
160 242 7
138 222 2
14 222 8
16 160 7
24 94 10
134 208 4
71 225 3
26 93 2
128 145 3
16 202 2
67 191 5
111 222 7
104 185 3
10 75 9
52 147 7
33 139 9
25 188 3
171 197 4
68 226 5
45 168 8
177 225 1
169 196 7
81 205 2
86 237 10
144 239 4
92 229 2
136 191 5
16 40 7
183 232 7
25 129 10
75 84 5
70 162 1
24 174 1
112 212 5
8 71 6
46 131 9
78 156 5
79 225 10
65 118 3
84 232 10
177 200 6
145 245 10
192 219 1
45 64 1
46 171 9
53 220 3
110 179 1
23 176 9
185 243 10
39 197 2
12 180 6
216 235 3
88 171 4
215 244 2
183 231 5
33 171 6
1 46 6
164 231 5
161 197 5
192 203 5
42 193 4
10 85 5
88 204 10
183 229 9
175 237 10
73 197 1
111 240 1
118 220 6
70 240 9
195 238 3
202 211 1
96 220 7
65 207 5
48 64 3
145 233 10
191 232 9
173 205 6
138 173 4
49 199 5
129 201 1
124 237 1
9 65 2
194 232 1
43 227 1
94 117 5
120 138 1
65 80 9
158 170 8
89 152 9
17 118 10
12 224 1
69 106 7
116 184 1
21 92 4
131 177 8
140 173 7
171 202 3
134 234 1
10 89 5
163 195 2
94 163 6
188 204 9
95 211 1
133 225 7
88 166 10
73 232 5
115 130 10
46 100 7
65 171 5
92 182 9
26 141 9
27 170 5
94 133 9
132 134 6
128 221 10
220 221 2
64 75 7
51 187 6
135 139 8
41 60 8
190 238 9
72 109 1
150 160 4
40 145 2
118 162 1
179 223 7
45 75 9
192 210 6
113 177 10
110 184 6
157 191 9
81 125 3
40 140 3
162 173 4
111 161 6
37 238 1
137 140 9
92 122 10
43 204 3
145 231 7
27 244 9
197 239 9
40 176 10
8 12 5
150 211 2
26 197 8
89 225 7
200 241 8
102 224 2
93 212 4
173 188 9
162 212 9
18 140 6
106 137 9
58 106 8
115 154 10
25 211 6
21 199 3
83 166 1
176 187 9
171 211 2
100 231 8
106 134 5
187 239 3
45 167 10
54 63 4
95 224 2
163 212 9
99 112 9
63 226 10
90 214 9
67 100 7
76 167 5
79 99 2
115 206 1
94 233 1
5 54 9
192 240 2
66 137 4
64 180 9
184 195 3
28 219 1
115 242 9
134 206 9
79 163 8
40 226 4
190 196 7
154 164 4
88 174 9
89 210 7
80 171 6
58 222 2
142 167 2
115 219 9
74 149 2
226 244 9
16 136 4
51 94 1
110 176 2
84 150 9
54 85 9
154 208 2
95 201 6
8 180 7
118 214 7
24 49 4
81 179 3
40 243 10
18 229 4
180 191 4
10 212 4
8 214 1
86 221 5
53 216 8
31 178 4
177 226 9
91 147 6
32 174 6
172 235 6
130 156 2
113 223 1
49 124 8
172 206 10
187 222 2
64 188 9
50 176 9
183 186 7
25 117 4
80 193 4
118 183 1
91 200 8
70 150 3
196 216 3
38 161 2
25 185 8
52 200 5
12 72 10
88 217 6
106 194 7
94 149 7
70 196 3
1 133 8
149 205 7
88 214 4
125 136 6
218 236 9
61 118 9
141 216 6
94 154 5
12 199 10
60 62 7
10 13 1
176 211 8
83 192 8
200 239 10
86 154 7
172 218 3
110 113 6
15 237 10
211 219 7
26 75 6
98 243 10
101 235 2
44 84 2
58 112 8
108 227 6
181 237 2
1 207 10
79 113 10
133 228 4
12 104 2
103 182 6
23 121 2
39 206 3
30 219 1
163 220 3
63 113 4
83 216 9
146 192 9
41 104 10
61 197 1
106 229 7
73 161 2
69 99 4
121 189 1
64 241 10
42 202 5
47 109 10
101 185 1
84 211 10
54 88 2
21 95 3
12 75 7
186 232 3
11 69 10
123 171 6
89 114 2
82 241 6
12 128 1
74 192 6
140 203 3
50 65 8
86 167 5
196 246 10
21 94 2
111 159 5
149 156 10
105 194 9
226 231 8
69 205 4
177 222 6
86 104 5
140 213 9
15 179 3
43 65 1
80 199 3
127 199 1
221 243 7
6 243 3
56 141 10
10 125 9
42 176 10
8 223 6
16 242 4
69 113 4
141 234 8
118 149 5
169 235 1
112 149 8
199 214 7
25 90 2
12 195 2
27 154 4
68 184 6
149 157 9
91 170 3
110 211 10
128 143 4
152 244 7
37 112 10
85 229 3
102 212 7
134 144 6
71 242 10
62 190 4
26 168 6
40 111 5
75 234 8
121 137 10
128 196 4
202 237 7
138 223 8
205 227 4
54 132 5
154 159 6
65 197 10
136 176 6
10 163 3
119 223 9
80 84 4
25 177 2
75 222 7
173 237 5
172 193 5
224 233 7
215 243 4
54 213 1
107 244 7
27 195 6
34 110 10
10 143 7
88 190 7
146 223 9
107 117 1
187 223 7
12 15 4
162 237 9
47 89 6
181 202 4
120 246 2
64 183 7
51 186 7
98 163 8
84 201 1
199 220 8
115 151 7
51 134 3
5 185 8
161 202 3
60 204 8
174 187 8
35 45 5
117 226 2
203 241 7
75 93 7
92 133 4
115 240 6
2 227 10
118 206 5
107 228 4
113 125 9
24 204 8
204 208 9
75 163 7
98 110 10
104 225 7
101 216 1
161 209 7
143 180 10
131 163 10
25 48 1
25 77 7
65 224 8
143 200 2
167 217 9
140 180 4
114 181 1
97 105 9
157 164 9
64 122 7
69 164 9
30 79 8
38 191 5
21 49 7
226 246 2
116 150 9
195 219 1
177 235 8
100 181 3
162 215 6
128 240 2
134 162 3
90 147 10
81 123 10
60 153 2
213 218 6
5 101 8
56 64 7
179 233 10
132 239 9
26 226 6
134 151 5
