499 1000
236 40
808 45
214 20
622 33
648 4
773 27
88 30
169 8
7 15
554 16
768 42
794 2
452 32
923 46
541 48
355 11
782 47
577 5
314 18
163 30
568 40
267 22
739 20
276 14
89 35
226 45
971 24
495 22
261 40
390 40
556 43
925 22
21 7
836 45
228 43
105 34
447 33
819 40
189 34
735 33
411 8
52 35
641 2
367 22
72 15
234 40
776 47
294 1
793 4
304 6
1000 31
842 12
379 27
564 25
615 40
925 12
820 33
609 15
422 9
900 8
447 35
146 8
644 29
896 10
36 40
864 34
397 11
131 3
900 16
232 23
159 13
672 24
743 46
332 35
190 4
739 32
276 12
880 35
155 1
852 1
530 12
390 14
686 11
289 33
707 12
458 21
377 23
878 16
237 11
209 31
685 12
751 33
69 24
127 45
733 32
355 20
805 1
462 37
229 18
288 7
740 4
277 2
164 12
831 29
841 38
85 40
692 41
85 25
984 11
192 39
501 11
82 4
198 15
668 25
259 48
582 49
775 43
953 11
207 3
986 35
543 38
806 35
977 40
837 11
830 9
841 43
110 33
952 19
802 17
289 46
58 40
228 32
685 44
537 3
282 49
264 24
384 6
120 30
645 12
708 34
177 18
366 48
39 30
753 11
364 47
678 21
450 46
934 2
532 9
590 34
341 13
384 7
850 39
496 35
904 17
643 39
176 34
578 15
625 17
752 37
168 2
435 11
940 45
511 4
62 35
720 14
895 34
690 1
891 34
725 31
393 44
551 7
113 11
498 8
773 9
462 29
756 24
27 8
489 40
436 32
329 47
154 46
932 36
899 41
947 7
31 13
897 44
48 14
556 45
161 20
226 50
367 47
503 46
312 23
216 30
366 43
93 34
478 9
203 8
344 11
508 48
990 22
406 36
517 21
444 12
228 39
912 42
914 27
631 29
677 34
306 49
888 7
575 22
817 27
842 46
320 44
747 33
132 21
979 14
315 2
4 3
478 41
303 24
895 6
823 35
919 38
48 29
963 1
139 47
548 44
65 36
580 22
956 16
343 50
313 21
426 41
435 40
158 48
640 45
803 15
401 30
736 6
23 42
628 12
332 47
219 11
800 38
677 27
476 40
484 33
182 11
522 33
705 37
781 27
440 23
312 42
843 25
183 35
824 17
264 28
745 23
921 37
388 7
227 18
871 36
486 16
382 1
301 4
930 3
120 30
553 12
636 50
303 30
154 44
543 8
798 36
461 9
748 40
54 50
288 3
856 43
490 20
579 29
763 12
835 30
876 11
489 33
952 19
594 15
91 11
406 41
106 36
298 14
424 12
211 11
795 37
443 30
394 14
320 22
86 34
154 25
539 44
602 22
751 43
19 13
113 35
328 50
419 43
64 4
777 23
659 24
326 44
89 10
856 26
210 1
615 26
834 15
173 39
428 48
752 48
508 36
179 18
663 36
832 19
160 26
765 8
549 2
681 19
901 3
223 19
156 2
10 10
390 3
465 42
528 14
400 2
730 12
58 48
778 35
469 8
923 7
475 43
314 5
33 11
959 7
637 12
25 21
26 33
489 14
533 50
416 46
882 33
60 36
65 21
20 20
152 2
381 17
620 28
182 14
682 32
650 2
565 3
786 41
20 8
826 11
807 35
28 15
965 27
161 14
911 6
752 11
164 15
170 30
859 43
652 45
327 22
509 7
142 50
631 10
179 21
355 30
664 1
855 10
586 48
212 23
367 9
554 32
415 16
786 7
636 30
479 30
983 29
301 48
937 20
113 40
622 13
92 17
962 30
351 19
790 25
556 42
750 15
645 31
457 9
419 17
497 18
274 50
37 37
370 36
116 22
250 27
752 41
508 19
730 46
455 31
542 37
103 44
674 29
531 22
598 43
80 28
421 17
739 11
772 28
856 30
350 2
638 18
446 22
576 26
16 18
830 11
923 35
129 38
621 22
937 5
672 32
393 2
42 22
393 21
256 28
731 7
715 7
420 22
804 46
472 16
737 13
626 3
62 39
448 50
296 17
917 37
954 11
481 7
476 20
25 28
620 6
959 8
481 6
464 2
169 29
927 48
547 3
687 30
945 17
703 50
426 17
30 15
195 32
599 46
944 47
29 44
413 10
969 25
13 31
390 34
174 33
697 24
722 27
761 35
947 4
40 44
791 1
842 17
878 23
984 13
279 5
896 13
436 44
934 47
692 27
154 39
814 41
370 25
481 31
354 11
151 1
785 26
658 30
7 50
1 179 5
47 179 6
1 466 10
179 237 5
237 450 1
1 81 7
216 237 7
1 365 1
111 237 2
148 365 2
81 319 7
422 450 4
159 466 9
1 410 5
179 266 9
390 410 6
347 450 7
13 365 5
319 466 5
322 410 8
393 466 10
159 237 2
297 319 5
237 392 1
82 466 1
58 392 2
205 237 7
170 237 9
358 410 2
319 390 10
87 410 4
65 179 3
81 371 10
128 237 5
365 408 10
304 450 8
319 330 1
185 330 5
279 390 7
302 466 3
165 390 5
237 426 8
277 390 9
390 450 8
420 426 8
199 266 7
256 392 5
11 466 10
179 314 5
173 392 7
292 371 6
306 392 5
21 392 7
1 45 10
466 488 5
187 266 5
139 392 9
159 408 8
1 11 5
307 330 2
190 390 3
313 365 6
66 314 6
314 411 6
30 390 6
179 180 4
9 392 5
47 466 2
323 365 1
226 319 2
330 390 3
369 392 9
319 437 6
106 408 10
202 450 8
13 237 6
237 436 10
3 450 4
59 410 4
237 438 7
114 180 2
110 488 5
81 469 6
98 266 7
180 385 5
81 161 1
426 467 2
148 438 9
103 438 2
1 427 8
81 494 1
266 318 4
122 180 5
69 371 8
124 426 8
156 180 9
280 385 10
45 221 2
469 479 4
149 371 9
426 451 5
210 237 1
344 479 4
337 390 5
20 437 9
40 266 6
73 427 10
408 416 8
5 179 6
58 488 3
61 319 8
227 237 2
390 479 5
88 371 9
58 266 10
179 319 7
180 461 5
307 408 8
180 307 6
318 440 8
237 257 8
107 437 3
427 436 3
350 392 4
274 438 4
17 416 2
241 469 1
139 494 10
204 237 3
180 221 1
292 411 4
211 438 6
129 466 3
81 443 9
161 200 6
221 307 7
81 459 3
125 318 1
193 426 7
301 392 4
237 449 2
123 411 1
1 325 3
7 179 2
380 443 10
39 467 5
11 132 1
284 494 4
411 436 8
272 307 8
80 443 9
161 445 2
266 352 2
330 358 3
330 446 8
443 475 8
451 459 4
177 451 7
179 475 6
394 479 5
362 436 8
13 408 6
1 202 4
308 416 9
271 408 6
461 490 7
40 459 7
237 273 3
416 476 10
352 357 8
221 450 4
311 352 9
257 475 3
24 202 2
86 179 10
325 402 5
104 427 6
214 319 8
331 357 3
273 375 10
89 488 4
200 380 1
228 437 10
282 318 8
298 319 7
179 205 1
11 59 9
285 438 9
58 467 7
358 387 10
230 410 9
221 276 9
245 390 4
221 487 9
392 446 8
317 352 3
113 257 10
282 459 4
400 402 1
446 450 7
328 494 3
215 387 6
17 402 3
200 230 6
54 387 7
164 450 3
47 411 3
202 472 2
210 476 7
144 205 7
375 396 5
47 461 8
220 357 9
115 443 1
44 205 9
11 259 8
192 408 3
396 472 9
51 132 4
238 410 10
155 475 10
101 314 10
257 356 10
205 236 5
16 179 9
375 457 5
161 250 9
319 475 4
289 475 5
427 485 1
79 276 10
23 161 7
198 438 6
419 479 7
122 259 10
20 59 6
220 358 7
411 499 4
63 443 6
192 266 4
314 436 7
336 469 3
112 221 8
135 259 9
135 402 4
5 259 7
7 408 4
150 410 7
136 380 10
34 479 1
319 410 1
314 422 3
202 429 5
385 433 8
246 375 8
168 179 3
117 179 8
1 293 2
39 402 6
57 469 5
132 202 10
189 380 9
43 202 4
176 293 2
41 450 9
82 438 6
457 459 2
192 365 1
261 365 10
387 415 1
246 479 8
259 482 7
296 416 9
5 230 9
66 205 8
273 463 1
143 469 3
402 455 2
255 446 2
290 488 10
198 356 6
435 445 9
415 467 8
169 396 3
489 490 4
257 403 2
266 321 5
392 408 9
67 200 5
392 494 8
26 365 10
45 130 3
260 438 3
293 494 5
286 375 5
45 408 10
132 482 8
179 333 6
57 416 7
130 238 2
100 469 5
108 440 1
384 392 9
71 487 9
186 380 3
207 411 7
247 314 1
304 476 5
112 422 4
212 230 8
412 482 8
87 333 5
281 390 2
251 469 3
319 403 6
167 410 7
426 427 8
94 429 4
83 482 5
1 493 1
195 387 1
325 398 1
402 439 6
170 449 3
45 487 8
59 377 1
335 371 5
17 200 8
221 230 5
392 490 7
2 202 9
132 408 8
436 481 5
172 236 8
237 498 10
222 415 9
377 498 9
336 375 4
236 305 2
396 450 5
305 319 9
321 483 8
25 455 7
202 358 7
42 493 3
358 427 4
213 433 3
156 307 7
66 392 2
199 487 4
74 325 8
142 482 2
200 363 3
81 124 6
484 485 3
1 58 2
407 461 4
333 358 2
276 443 4
238 472 10
351 387 8
130 402 7
13 469 10
111 429 2
230 450 3
150 437 3
436 443 7
216 472 4
192 357 2
124 432 10
45 347 9
47 451 2
188 466 1
389 483 3
133 472 4
240 387 3
184 437 4
89 293 7
312 436 9
246 416 5
263 293 4
363 476 1
214 325 1
135 467 4
142 416 3
318 430 2
54 205 4
1 25 4
304 498 1
250 268 4
286 347 3
130 188 1
87 455 2
305 390 4
152 266 10
10 25 10
273 350 10
83 161 4
320 363 5
356 479 9
94 445 9
50 358 2
171 461 6
403 472 6
424 469 8
244 380 9
359 451 5
195 446 10
169 398 10
90 449 3
49 411 1
98 403 1
325 493 2
220 455 7
432 446 1
180 322 10
124 475 1
92 466 7
268 285 7
81 269 7
361 481 6
214 385 8
311 438 1
388 403 8
357 496 9
298 387 4
427 493 9
387 455 6
286 459 2
276 306 8
18 436 6
59 196 2
375 474 9
159 322 10
485 493 7
330 378 5
4 499 3
174 358 7
324 459 6
237 427 5
110 467 7
364 482 8
299 451 4
19 385 1
363 461 6
7 273 9
282 330 9
161 306 1
425 451 9
348 408 5
205 483 3
221 326 6
1 388 5
314 391 7
463 491 6
285 380 1
200 252 9
84 481 7
41 426 3
171 269 7
211 321 7
33 396 10
286 487 4
322 434 7
79 326 5
167 358 5
307 496 7
205 249 4
252 361 5
113 276 4
56 375 2
35 188 5
16 408 3
161 413 2
290 380 8
428 467 7
134 387 2
243 483 10
148 396 9
348 485 1
45 467 6
62 276 4
293 384 3
415 459 10
278 352 1
200 238 8
437 467 9
476 493 3
114 384 10
235 266 2
326 431 7
390 461 4
201 319 8
4 483 5
333 387 5
408 482 7
237 481 7
25 358 5
391 474 6
141 252 6
96 321 3
396 412 9
78 356 6
12 221 4
349 475 5
418 450 2
252 415 6
101 377 8
173 356 2
269 432 2
236 352 6
369 433 1
238 300 9
318 415 4
99 429 6
114 237 6
154 259 9
1 169 10
130 141 5
48 306 8
273 458 3
472 485 5
127 434 2
25 254 5
422 495 2
431 491 4
184 427 6
81 106 1
132 252 10
259 311 1
59 240 6
207 322 5
1 86 3
126 321 5
178 385 7
28 306 5
17 432 1
202 393 1
58 131 6
373 459 9
237 272 9
319 416 4
298 499 5
271 431 4
252 319 8
180 472 6
141 238 5
315 413 6
396 406 2
190 398 2
391 406 3
107 378 9
254 420 1
273 448 9
8 398 10
72 196 4
205 415 2
423 490 4
124 187 6
178 495 1
87 437 10
454 485 5
254 404 1
210 358 3
215 285 6
25 96 9
137 416 4
306 413 6
197 321 5
187 429 1
91 358 6
198 293 5
202 353 7
256 377 3
184 457 10
259 402 9
167 396 1
211 318 8
234 475 9
269 306 9
352 430 3
392 449 5
86 168 7
246 467 9
333 486 1
247 429 10
384 487 10
239 398 8
353 480 3
409 446 9
106 307 9
207 459 4
409 495 10
234 457 3
135 457 1
438 468 9
26 476 4
25 30 6
152 486 8
228 361 3
187 422 3
304 353 4
48 436 6
259 479 6
272 496 10
133 326 5
131 472 1
126 330 9
25 141 2
6 408 4
420 454 5
5 496 3
348 446 3
189 445 3
91 458 4
17 431 6
141 287 8
230 445 1
12 455 9
4 318 4
256 287 2
59 272 6
120 272 3
413 450 4
191 461 9
25 468 10
73 141 7
84 319 1
178 434 5
58 456 8
317 388 5
76 268 8
215 495 7
67 454 2
391 438 4
155 393 4
319 457 4
63 491 8
208 451 2
273 309 8
262 440 2
330 338 6
41 458 8
114 411 4
59 266 9
14 300 7
330 479 3
467 478 3
228 410 3
287 450 2
250 357 5
185 358 9
205 377 4
314 431 1
316 438 5
311 323 6
158 322 8
38 385 1
258 436 5
139 200 7
220 458 7
110 398 6
103 238 10
161 293 7
185 266 4
23 483 10
313 486 9
143 273 7
98 456 8
373 446 7
180 202 1
368 494 10
234 257 10
244 485 2
79 456 9
211 363 10
313 426 8
447 459 7
191 466 3
314 495 9
292 326 8
259 396 5
387 443 8
266 351 8
402 416 4
300 464 7
431 466 2
47 188 8
169 375 2
347 352 4
410 433 7
310 439 10
171 431 5
34 254 3
104 434 4
90 353 3
37 311 7
249 273 10
356 399 9
378 401 9
116 488 1
40 464 3
134 305 7
371 413 2
146 475 3
375 408 10
291 319 8
423 431 3
329 350 7
281 408 5
431 447 8
392 464 5
173 450 9
408 459 4
327 488 7
323 347 3
126 415 1
312 396 1
230 249 10
98 276 6
240 388 5
133 413 2
259 372 9
187 494 9
211 392 5
165 237 9
365 478 2
166 474 3
242 472 3
259 409 3
191 375 10
5 411 9
36 202 8
188 370 3
141 470 8
262 427 9
42 333 4
30 126 5
126 375 7
54 268 10
314 473 4
107 314 6
377 443 3
79 81 8
453 468 8
269 401 8
472 497 7
187 339 7
37 487 9
45 250 1
181 498 5
61 413 8
105 388 7
277 446 5
360 387 10
124 429 2
8 415 6
333 493 5
286 496 2
97 410 3
356 386 7
276 462 2
136 361 8
113 481 4
1 439 5
138 451 9
399 429 8
171 449 2
307 440 5
284 287 9
218 396 2
443 457 5
167 497 8
289 447 6
36 392 2
73 363 6
180 439 9
24 412 5
27 339 7
231 451 2
392 413 6
186 387 9
488 491 2
200 205 8
230 271 7
467 499 8
414 493 2
157 403 8
118 141 4
196 468 5
75 433 5
238 273 3
274 415 5
30 369 10
351 493 3
300 392 1
260 325 3
58 414 9
174 406 6
189 434 5
132 191 9
10 276 2
78 188 9
59 355 4
337 377 8
25 196 10
457 487 3
363 445 1
285 455 7
119 479 10
309 461 6
169 470 3
293 374 9
179 191 4
322 388 2
398 457 6
19 457 6
301 413 10
179 231 6
38 386 3
130 156 4
495 497 10
251 456 2
21 431 8
276 318 8
456 494 1
70 393 5
368 434 5
25 37 1
124 147 6
305 485 4
190 305 1
74 483 8
59 338 2
204 384 3
30 331 9
14 221 4
229 350 10
399 443 5
121 191 8
404 467 5
318 377 2
159 469 2
180 308 4
334 347 8
269 304 1
80 468 7
88 307 10
420 425 6
203 371 5
251 375 9
147 177 5
218 330 3
262 273 5
223 415 10
326 414 7
37 72 3
83 357 7
326 420 7
353 411 2
326 479 4
423 433 8
106 457 8
188 359 1
188 294 7
8 486 1
151 339 5
69 363 9
484 488 8
272 393 5
387 462 9
377 480 4
415 446 7
351 369 4
96 259 10
252 395 6
134 447 3
58 169 8
119 481 5
339 497 3
404 408 10
361 437 5
477 490 2
256 306 6
281 330 9
1 146 3
493 496 2
37 247 3
470 473 2
183 432 3
232 414 3
131 481 3
98 287 7
254 364 7
382 449 7
151 326 6
234 403 8
331 372 9
44 479 5
11 430 10
259 281 1
230 490 6
126 254 2
284 331 5
176 179 3
20 403 2
197 448 8
160 355 4
247 467 3
148 448 3
54 476 1
123 287 6
449 469 8
388 473 6
462 474 10
399 442 8
374 468 6
388 441 3
257 266 7
25 464 7
72 302 1
188 248 8
347 425 7
442 449 10
252 357 6
188 476 10
384 390 6
72 231 8
49 365 1
169 366 10
30 489 7
238 331 7
184 422 10
118 493 4
236 413 4
124 496 8
125 385 4
323 480 4
271 273 1
357 482 8
306 469 2
108 411 10
131 357 7
438 473 4
23 386 5
153 445 6
310 425 8
220 254 5
271 425 4
62 248 7
88 497 2
147 390 2
92 475 4
8 411 4
70 293 9
144 414 6
306 307 1
61 498 3
60 490 10
223 483 4
213 318 9
337 380 10
33 446 7
26 294 7
236 464 1
66 395 6
37 81 4
483 495 5
37 156 8
307 461 7
314 487 2
270 321 3
211 300 3
350 445 7
19 191 10
253 479 2
166 180 6
236 460 3
273 357 8
341 357 6
146 430 3
391 398 8
233 330 10
188 307 5
313 449 6
122 497 4
150 398 9
392 438 2
175 347 7
112 431 10
374 396 2
202 342 7
211 342 10
234 238 2
166 402 2
455 494 3
367 486 8
96 399 1
46 221 2
6 130 6
