362 1000
197 1
658 15
388 11
252 42
116 1
665 19
936 29
928 41
239 15
807 29
357 29
257 8
285 1
84 32
97 23
941 3
907 18
423 18
338 38
47 39
242 40
945 39
705 5
813 23
826 39
9 45
652 34
974 10
137 43
235 18
415 25
24 35
322 9
158 17
682 20
472 6
172 12
121 34
65 9
257 29
968 7
836 35
942 21
579 16
582 19
498 33
190 20
436 25
502 11
732 29
885 34
370 6
637 12
793 26
884 37
326 13
118 39
984 30
18 16
505 23
136 31
5 13
20 32
741 19
930 24
588 11
765 2
821 15
649 48
779 31
614 47
180 32
729 38
387 49
364 19
585 4
988 40
684 26
556 21
535 12
500 46
849 10
806 31
5 29
938 14
376 48
778 40
747 26
701 43
866 43
746 26
341 13
847 37
36 7
597 34
61 28
796 6
609 40
646 50
855 50
716 22
542 11
690 12
323 7
70 40
830 5
160 7
997 21
215 31
812 39
687 41
685 18
228 6
55 6
143 4
949 17
270 42
287 34
657 15
491 20
971 3
69 48
358 49
441 15
198 8
239 27
656 16
122 4
918 31
59 25
8 38
843 39
49 38
750 16
227 16
366 20
396 11
220 38
23 34
316 38
616 40
850 38
476 30
322 32
549 10
53 9
719 16
104 26
63 26
587 24
740 39
432 3
115 45
185 36
527 28
66 33
139 17
380 14
256 29
775 31
401 41
455 3
640 32
24 19
217 5
538 7
412 36
20 36
461 35
766 3
480 34
943 40
782 49
138 24
235 14
325 29
414 41
621 7
479 45
19 8
30 32
551 24
499 30
656 5
255 46
571 13
504 35
352 28
1 9
726 49
581 40
332 46
775 35
895 46
978 24
232 19
232 14
424 20
852 2
461 13
446 40
957 1
101 34
343 42
112 3
459 36
1 7
650 27
121 5
49 27
202 31
73 5
715 16
269 4
229 6
287 29
947 28
574 40
344 25
827 5
32 4
526 39
782 11
892 42
290 3
9 30
776 33
803 24
509 43
332 26
839 15
366 1
208 19
144 25
908 40
601 45
577 46
263 16
351 6
848 22
46 30
899 48
30 25
129 27
429 24
474 34
591 18
447 37
108 13
326 36
746 45
332 25
587 26
469 41
592 32
442 35
238 47
897 1
525 14
663 9
219 18
967 28
531 19
730 36
682 4
328 45
773 25
546 37
579 13
840 3
612 46
803 43
190 47
409 24
404 12
762 24
814 47
424 11
32 19
175 25
931 42
707 23
609 15
66 42
794 46
994 48
488 13
78 36
743 36
721 17
155 12
599 38
399 30
773 18
500 48
692 5
259 1
733 12
401 6
539 20
377 26
730 12
413 40
140 11
919 27
971 10
462 19
535 49
459 15
914 7
985 13
23 16
595 21
475 17
287 41
827 42
562 21
677 14
436 1
979 3
933 43
701 22
551 45
748 16
767 8
46 5
56 31
963 22
498 9
901 34
498 23
193 11
267 19
19 23
363 18
17 17
739 36
883 47
738 44
906 27
934 22
976 12
953 49
177 3
367 15
606 33
216 33
360 40
474 14
818 12
267 41
311 22
269 12
280 27
30 12
441 14
764 13
52 11
441 27
399 3
759 3
315 25
1 208 7
172 208 6
1 219 1
1 235 7
235 357 10
75 208 1
1 85 3
208 300 3
5 219 5
33 208 5
219 221 5
29 235 10
271 357 6
13 235 10
85 290 1
221 242 7
300 320 6
85 169 3
193 242 3
67 208 1
289 290 6
141 169 4
140 357 8
167 235 2
142 169 2
81 320 6
235 247 5
186 235 9
19 290 8
187 320 1
219 284 6
129 169 5
203 290 3
185 320 3
247 290 4
77 221 6
164 290 4
182 221 10
231 284 9
31 290 3
85 335 1
264 300 7
195 284 6
169 236 6
89 357 3
242 317 4
85 262 8
1 136 1
34 136 8
221 253 5
235 274 4
107 335 2
129 290 4
157 219 6
96 221 2
98 284 9
170 335 1
103 290 4
36 247 5
317 353 10
59 253 9
134 320 10
235 323 1
262 281 4
161 274 7
15 357 8
1 250 10
128 274 5
186 242 6
53 284 7
127 208 1
208 249 9
320 355 7
190 247 1
290 302 4
169 218 4
124 335 8
77 323 4
13 221 3
35 208 9
99 355 7
107 218 10
166 323 6
274 299 9
4 317 3
1 171 4
70 317 7
34 281 9
221 287 6
197 281 5
177 235 9
275 357 9
136 263 1
226 250 6
35 136 2
1 99 9
219 265 9
149 320 10
148 263 6
85 220 3
343 357 5
302 349 8
248 300 8
198 349 10
132 355 1
208 256 6
136 316 4
73 281 8
89 99 1
145 317 1
1 312 9
219 313 5
66 220 3
85 241 8
124 299 6
85 132 3
323 329 6
151 265 1
157 313 2
1 325 3
249 292 5
99 279 3
27 242 1
169 208 4
1 320 7
132 309 1
111 256 6
86 208 1
44 335 7
158 329 6
37 292 4
8 329 6
132 138 1
284 293 2
193 249 1
281 302 1
124 219 7
6 236 9
126 263 3
206 292 4
132 145 2
169 329 10
1 133 7
1 19 4
19 44 1
242 307 3
312 355 2
136 145 5
125 312 2
44 307 7
22 99 10
19 320 5
72 132 7
54 357 7
90 247 9
1 268 3
1 329 4
198 262 4
250 278 4
145 146 7
48 146 8
290 323 7
85 182 2
71 335 5
292 351 10
146 174 7
19 21 2
167 316 4
84 208 3
225 300 4
58 320 10
247 278 4
222 320 4
145 309 8
102 169 2
64 219 2
4 132 3
313 316 10
278 357 4
103 219 1
118 320 6
220 312 4
145 293 10
21 221 2
63 335 10
68 85 9
143 169 5
290 334 4
144 290 5
325 349 7
250 268 5
141 182 3
130 320 10
228 293 9
218 235 10
284 292 9
155 284 1
75 302 4
108 268 3
98 138 2
232 329 10
68 329 6
83 136 5
292 305 6
261 349 10
134 323 9
38 299 7
307 314 9
241 354 10
145 165 6
159 169 7
111 325 7
169 312 5
136 279 5
88 133 10
310 316 7
91 133 9
287 333 10
158 253 10
122 323 2
98 236 5
179 314 8
249 335 1
152 300 1
187 317 7
137 329 9
296 329 2
99 356 10
42 355 3
210 313 3
253 349 8
220 329 2
108 334 2
44 138 9
138 257 10
85 305 8
211 355 2
211 262 9
54 265 8
138 200 10
123 263 5
174 335 4
90 300 7
137 249 2
181 281 2
118 312 2
186 281 10
99 233 6
104 241 4
200 354 9
292 302 7
235 283 6
60 263 6
130 316 9
22 356 5
123 262 4
83 335 2
167 292 8
19 336 10
262 322 1
307 319 8
241 327 1
2 313 8
44 167 8
147 274 3
104 233 7
133 293 4
136 172 1
231 336 4
96 283 5
283 284 6
207 355 7
99 313 4
237 312 7
78 200 3
166 355 3
354 360 8
295 336 8
305 356 3
192 299 7
276 279 4
99 129 9
95 335 1
208 220 8
299 352 4
208 345 6
263 336 3
129 191 1
169 357 8
60 356 10
235 336 5
253 361 3
132 226 8
53 236 6
132 214 1
40 335 2
86 293 4
7 172 7
45 336 8
257 320 1
104 256 2
38 355 5
198 293 10
284 291 2
208 253 3
55 293 7
141 287 3
151 319 2
346 354 3
146 361 2
263 290 9
77 293 7
164 291 8
19 177 7
35 353 2
199 313 10
44 332 2
14 320 1
335 351 3
91 236 9
138 162 2
88 312 6
306 345 8
249 252 2
121 265 2
117 274 6
69 357 6
287 355 8
236 242 1
134 307 2
232 292 5
173 250 3
79 291 10
19 112 10
171 247 7
38 44 10
295 317 9
172 219 5
266 312 3
101 257 3
182 211 3
221 295 6
1 59 9
15 353 5
36 336 8
275 353 9
295 321 6
12 250 5
256 263 6
95 283 7
19 219 6
9 332 1
130 284 7
165 279 4
284 318 6
291 357 5
141 221 4
26 278 2
183 329 8
171 325 5
119 318 8
247 337 9
97 278 7
242 256 7
59 206 4
196 349 7
154 320 8
338 345 6
223 265 10
226 262 4
48 316 2
37 268 5
65 356 2
286 314 10
212 268 3
154 317 9
50 268 4
210 268 7
93 325 7
135 206 10
8 287 4
278 328 3
239 312 4
107 284 8
70 235 7
96 333 10
77 172 7
19 278 2
1 196 10
176 242 10
178 262 5
251 309 7
167 271 2
109 360 2
205 309 10
171 227 5
309 316 7
113 136 3
128 360 8
195 322 2
236 318 8
325 328 2
31 279 6
268 313 4
132 169 10
206 305 4
148 352 10
24 191 4
235 270 8
9 320 1
172 327 5
137 317 4
15 355 9
222 253 10
198 316 7
19 51 5
294 320 8
220 322 9
95 226 3
211 275 5
271 295 5
262 283 2
190 250 2
28 328 2
136 275 6
108 253 3
21 293 4
29 129 9
136 270 6
213 241 7
69 354 2
211 263 8
236 299 8
194 279 2
146 304 8
167 321 3
274 361 9
4 169 5
174 349 6
129 289 10
221 343 4
19 292 4
289 330 8
257 307 5
275 328 2
21 128 6
190 219 9
12 335 1
157 321 5
173 227 4
285 300 8
156 356 2
121 330 10
144 218 8
48 307 5
12 354 6
150 247 4
4 320 2
19 285 9
114 252 8
211 336 4
170 355 4
190 318 2
296 353 2
18 219 9
51 320 6
281 308 6
143 191 4
1 167 7
58 169 6
86 335 8
25 360 7
242 279 1
259 352 2
328 345 7
135 321 4
130 233 6
113 268 6
182 343 10
2 314 10
138 179 1
19 220 2
175 289 5
28 270 7
102 328 2
176 357 6
267 305 6
269 304 7
236 257 2
172 347 1
146 236 2
207 319 5
50 214 9
235 266 9
138 190 5
261 321 1
166 325 2
142 356 9
168 179 3
109 145 3
237 308 10
166 336 8
98 285 1
309 347 7
1 356 3
227 278 5
153 305 8
138 337 9
96 250 1
16 345 4
138 332 5
73 271 5
4 291 8
171 352 3
30 226 3
16 322 10
266 323 3
177 218 5
21 322 7
165 347 3
224 293 1
121 221 7
278 359 3
134 336 2
182 226 2
293 353 1
191 287 1
43 174 8
59 146 5
19 286 4
81 214 8
250 276 10
19 316 7
28 317 10
207 276 9
14 169 9
332 333 9
119 182 8
217 218 6
250 337 2
87 284 10
19 287 8
19 300 2
247 312 7
224 347 2
59 138 1
116 292 6
287 322 8
196 357 9
281 327 3
129 216 2
284 343 9
211 281 3
208 240 2
142 352 4
253 336 3
200 353 5
72 353 3
128 196 10
114 146 2
91 190 6
99 220 3
105 285 5
270 312 4
209 265 5
49 182 2
226 342 1
14 292 10
93 275 3
42 354 6
285 347 5
117 240 9
145 205 8
78 129 5
201 262 6
40 132 9
235 240 6
1 5 8
45 133 2
109 172 1
138 149 8
247 268 6
120 343 4
1 117 7
24 283 5
214 312 2
141 190 5
16 249 9
145 256 8
133 161 8
12 325 8
124 235 5
275 283 5
31 132 10
110 179 2
286 321 5
135 219 3
160 240 9
265 337 2
257 319 9
182 352 1
289 359 7
312 317 10
26 314 8
36 270 5
182 184 8
290 327 3
321 343 2
257 323 7
322 324 9
240 281 3
199 285 7
333 343 1
47 249 1
171 223 1
150 330 10
85 343 2
255 286 9
171 179 3
166 174 3
42 128 8
328 330 7
179 244 10
15 205 3
17 284 8
44 222 2
25 219 1
8 249 9
322 343 7
347 354 7
69 291 4
51 274 7
67 179 1
5 221 9
85 165 9
156 342 3
270 359 5
191 316 5
83 312 3
241 279 1
71 283 6
245 271 9
117 132 8
89 172 3
253 265 7
190 281 1
61 226 8
227 328 5
268 361 8
83 138 8
117 244 2
84 138 1
312 318 7
151 295 3
3 325 9
205 302 5
6 360 6
286 360 3
8 354 10
324 355 7
279 355 10
140 289 3
306 335 3
188 360 2
112 222 8
219 322 3
198 252 9
182 289 1
149 322 1
326 332 1
293 323 7
85 258 6
283 353 3
164 337 8
147 205 3
14 270 10
1 36 5
108 307 8
91 206 9
12 252 2
222 235 9
113 174 5
294 336 1
139 169 6
79 357 6
167 234 2
205 305 8
125 330 8
124 266 8
90 146 6
61 196 6
138 177 10
88 268 7
252 289 1
120 334 3
263 313 10
36 236 3
23 357 1
177 196 3
59 333 9
93 214 6
195 274 7
112 349 9
290 322 2
48 250 5
30 343 2
5 70 2
357 361 9
236 335 9
226 319 7
12 286 6
136 362 5
77 318 4
10 247 10
74 354 2
194 343 4
99 257 4
322 341 10
299 336 5
149 345 8
114 356 9
158 268 9
36 252 10
216 252 10
70 268 7
128 336 9
174 334 8
233 349 1
138 235 2
235 337 9
22 295 4
35 283 7
143 336 1
254 347 4
301 314 1
316 324 9
8 356 2
204 289 7
274 285 8
152 227 2
54 145 6
214 359 9
87 241 3
42 316 8
307 347 1
2 355 8
129 226 8
200 303 9
271 314 4
151 161 6
44 354 3
120 218 8
161 286 6
127 227 1
332 355 4
162 221 5
19 109 9
166 247 8
92 128 7
36 209 2
81 85 10
110 220 2
206 218 4
162 305 9
16 289 3
136 201 5
44 218 7
36 354 7
177 269 8
35 286 1
23 257 5
1 317 2
155 332 10
12 249 3
59 344 3
112 302 3
43 314 7
233 283 6
212 293 9
138 349 3
213 362 3
302 323 2
83 205 7
20 132 2
223 272 7
132 208 5
167 361 8
51 102 6
197 235 3
1 244 3
108 349 8
102 357 9
206 312 5
151 330 2
43 356 5
43 291 4
153 303 6
36 128 4
112 171 5
71 333 8
160 235 3
191 330 3
3 356 3
47 218 3
5 163 8
136 243 7
44 48 9
292 326 1
190 265 9
283 292 4
65 335 8
23 59 9
202 316 8
91 249 3
38 329 5
276 321 3
247 301 5
234 303 8
124 360 3
74 200 8
148 316 10
102 344 1
177 200 5
99 290 1
200 274 6
186 218 7
221 303 9
235 360 8
131 322 9
85 284 7
127 283 4
172 238 9
162 209 7
115 133 4
218 238 8
83 287 1
271 273 9
78 252 7
191 198 7
95 287 3
197 308 1
267 345 5
57 317 1
98 258 1
303 355 7
184 241 7
150 205 7
190 345 5
252 330 6
149 196 1
188 330 2
48 118 5
136 280 8
290 333 6
235 245 10
20 332 6
117 332 9
67 109 3
240 265 6
167 284 8
109 163 6
31 301 10
172 346 10
121 351 3
173 361 3
35 206 1
216 315 9
8 330 1
132 284 2
94 356 6
174 197 9
36 144 8
208 325 7
43 272 2
128 232 10
7 361 6
242 311 1
36 300 10
8 333 2
136 146 7
251 284 10
199 233 5
3 190 6
209 292 7
228 309 9
59 353 10
172 182 2
224 341 7
288 344 4
128 218 4
58 276 10
192 356 5
247 302 4
184 360 8
70 126 3
226 325 4
64 233 1
253 269 5
50 144 2
302 362 1
314 320 5
163 249 7
36 162 6
73 214 2
36 275 5
5 238 10
44 102 6
144 309 2
75 198 6
123 335 10
133 287 5
332 349 9
156 316 2
43 198 6
56 319 9
106 112 5
220 343 10
146 306 6
91 197 4
4 315 10
216 318 10
172 248 6
144 214 10
102 265 10
191 353 3
276 307 2
5 172 5
65 238 5
84 161 6
38 345 4
354 355 8
119 284 1
271 344 8
179 196 1
7 334 1
180 316 10
88 359 6
226 304 5
128 209 10
130 197 4
244 254 9
198 220 1
101 318 2
213 281 6
102 349 2
167 312 1
161 362 3
243 323 10
338 353 1
242 278 3
206 273 5
22 293 3
148 208 1
258 311 2
48 256 10
175 235 8
205 284 1
69 196 8
108 227 5
94 341 8
200 313 2
44 177 5
302 321 2
18 286 1
244 331 1
86 254 9
29 247 7
162 324 6
235 341 7
162 214 4
34 129 7
50 270 5
117 333 2
197 233 8
59 279 2
48 218 8
273 291 6
61 292 4
170 191 5
347 355 4
144 260 5
271 308 4
165 180 2
180 295 1
67 275 7
225 236 6
146 196 3
135 242 8
218 232 6
289 317 4
161 237 6
95 145 5
266 345 6
124 184 1
236 362 6
259 285 9
278 315 4
152 354 7
249 322 8
12 284 3
