89 1000
28 10
11 1
11 5
4 2
7 1
79 16
9 3
87 6
87 27
59 1
94 44
17 3
62 6
61 21
42 13
42 3
93 31
3 1
82 27
31 8
82 15
66 11
50 22
8 4
14 7
87 24
70 23
94 32
92 13
33 7
84 21
17 5
63 4
42 19
96 26
56 21
57 10
29 11
93 15
32 8
81 39
34 1
22 4
12 6
44 11
14 3
42 15
83 24
73 34
99 32
43 10
70 5
72 29
51 13
17 5
39 9
24 1
78 38
13 5
89 20
63 22
53 26
12 5
43 18
52 4
27 6
78 8
27 6
57 2
45 1
80 30
33 11
69 13
25 2
15 6
63 22
59 17
31 5
10 4
52 22
64 23
53 16
2 1
80 30
93 18
63 6
82 33
10 3
24 7
1 17 5
17 27 5
17 28 9
1 44 4
44 84 3
31 44 8
1 26 3
74 84 2
2 28 10
26 45 9
1 19 9
12 26 4
36 44 2
17 81 1
19 21 7
3 19 10
44 70 9
1 29 4
84 87 3
29 45 5
1 49 6
44 81 4
26 61 1
11 70 9
45 74 5
13 28 4
28 74 7
67 84 10
21 87 1
21 79 9
44 60 9
29 46 3
12 45 4
28 61 10
34 49 3
74 79 5
29 81 8
61 65 5
45 54 9
20 29 1
66 70 10
22 81 9
1 84 5
26 50 1
45 62 4
40 49 10
11 29 7
4 50 9
49 66 8
15 46 2
74 89 2
21 37 10
58 65 3
66 81 4
31 37 4
8 62 4
19 79 2
1 74 7
1 21 2
2 26 6
49 84 2
63 84 10
21 28 10
46 84 8
19 20 9
40 54 2
39 44 9
21 75 4
45 81 8
17 31 4
75 83 5
57 74 4
64 75 1
26 46 5
61 81 1
75 79 1
18 79 10
60 66 9
66 77 9
49 81 1
56 70 7
60 76 3
28 65 4
61 62 4
41 60 3
15 89 10
62 65 4
54 60 7
20 45 9
57 83 6
1 39 3
14 81 2
46 80 7
52 77 2
9 44 2
17 74 4
37 66 3
31 39 9
5 26 5
54 82 8
83 89 7
15 54 1
39 51 9
24 46 4
11 65 8
52 74 2
70 75 5
48 83 4
59 84 7
34 46 4
17 46 4
62 76 7
80 87 8
9 27 8
11 50 7
51 76 4
39 63 1
26 55 7
51 73 8
28 31 1
65 67 4
39 56 8
73 88 10
75 80 2
28 30 9
43 46 4
17 88 2
46 89 1
28 44 1
53 77 9
64 88 5
7 66 7
74 82 3
55 56 8
20 22 10
13 39 6
29 75 10
8 88 3
63 71 10
46 77 10
65 76 5
86 87 3
4 44 1
55 62 4
15 67 9
51 54 9
7 22 10
15 79 6
76 83 1
54 74 5
65 78 8
22 47 3
14 56 7
71 77 6
20 74 5
36 65 4
54 78 3
22 83 4
19 78 3
28 56 3
55 75 4
27 51 7
20 82 4
73 85 1
27 32 7
17 80 8
1 27 2
47 63 1
16 82 6
4 71 3
57 67 2
84 85 4
27 30 10
15 50 8
65 73 8
15 60 2
44 55 3
41 49 3
8 30 5
27 84 4
7 30 8
32 65 2
65 80 9
23 87 3
29 38 9
19 74 2
23 56 10
67 83 8
21 29 1
22 87 8
29 68 5
10 50 4
28 32 8
27 38 7
38 73 8
5 79 3
10 28 8
28 82 1
37 47 5
2 17 5
17 73 8
58 87 1
13 79 7
67 81 1
46 71 6
7 28 4
68 88 8
70 79 3
5 80 10
65 85 10
50 79 6
26 83 5
21 38 6
23 76 5
26 44 5
3 28 5
39 77 7
30 61 9
76 78 1
34 82 3
37 75 1
60 67 1
67 78 9
38 71 9
65 74 6
55 78 10
26 48 6
29 82 9
65 68 1
41 71 7
49 83 9
66 67 2
64 78 7
31 65 5
27 61 8
53 65 5
38 46 4
23 32 1
60 65 3
35 75 10
3 32 3
18 70 9
25 78 1
63 73 5
65 77 1
46 64 3
67 80 9
26 77 4
12 27 4
55 57 10
50 70 2
54 62 2
63 69 3
30 64 9
40 51 8
20 53 3
62 85 4
28 83 5
70 80 8
29 64 5
29 74 10
43 69 3
19 22 9
24 66 8
22 66 1
10 29 4
43 80 10
5 77 1
71 86 8
39 60 5
53 62 5
31 85 5
19 39 8
54 57 7
36 53 6
18 88 4
3 56 5
29 47 7
49 86 9
72 88 4
11 64 9
32 33 4
44 82 5
51 89 5
77 79 6
21 48 6
21 63 7
24 55 7
62 86 3
81 82 1
5 44 7
50 55 10
33 64 3
19 48 4
45 79 2
6 68 6
42 69 3
37 72 9
61 63 3
33 48 4
20 79 10
15 71 8
52 61 9
47 66 9
8 67 5
38 47 3
50 86 5
19 51 5
31 45 9
2 63 7
70 83 1
67 72 10
18 77 4
77 81 1
27 67 1
23 44 2
35 81 5
18 61 2
56 63 6
63 72 1
42 82 8
33 66 9
70 85 10
26 73 3
26 51 8
60 69 2
11 79 9
8 87 2
79 85 5
66 80 10
44 59 5
51 65 10
9 66 4
40 53 2
37 49 3
28 69 3
67 76 2
59 74 1
51 77 8
56 66 10
31 33 2
50 68 7
80 83 7
45 82 6
33 62 2
8 26 1
14 80 9
6 71 9
20 87 7
29 63 5
45 83 3
4 73 7
65 84 4
20 27 7
14 17 6
20 50 7
47 65 4
29 62 9
33 47 7
60 78 10
10 17 5
33 86 3
68 81 8
16 38 9
72 87 1
22 48 3
50 87 2
48 53 5
38 64 5
17 33 9
60 71 7
24 80 3
19 64 9
38 53 8
68 84 6
48 81 3
60 83 9
61 71 8
32 51 9
34 85 4
60 80 1
44 74 7
2 73 9
38 39 5
1 2 1
54 84 8
2 14 10
57 73 8
14 29 10
13 29 1
73 82 10
32 77 6
17 79 2
20 71 7
37 87 3
5 51 4
39 55 2
30 40 9
21 53 1
29 35 3
47 62 3
47 75 9
18 65 2
50 62 8
10 87 1
57 86 4
40 63 2
25 47 6
20 86 4
14 62 10
9 53 5
20 76 2
1 83 4
12 33 8
62 75 4
32 87 10
35 84 10
77 80 9
33 44 7
46 57 10
1 54 1
8 76 6
79 84 1
27 28 2
20 68 7
4 87 6
28 62 10
17 85 6
2 49 1
5 76 5
75 87 10
50 53 3
70 77 5
60 62 6
79 87 2
44 49 2
32 66 4
71 89 6
49 62 2
2 66 2
64 86 8
1 72 10
19 69 8
31 47 8
10 57 2
49 69 3
22 67 6
42 54 4
12 40 5
36 75 6
36 56 3
36 87 6
39 59 3
19 31 6
4 75 1
17 68 10
1 64 9
2 58 3
17 65 2
25 76 3
24 57 5
6 72 5
84 86 7
36 60 10
49 65 8
32 58 4
40 45 2
14 38 2
17 41 9
30 46 3
38 45 1
11 89 10
16 65 2
68 75 9
64 81 4
64 84 5
1 73 6
58 70 1
61 68 4
40 83 4
59 78 4
68 79 9
61 83 3
27 36 7
25 55 8
55 59 7
53 58 2
23 49 4
31 54 8
3 59 10
9 78 2
65 72 8
63 74 8
33 49 5
10 66 6
23 89 9
56 74 6
16 27 7
57 69 1
2 35 2
14 20 6
30 73 10
48 85 2
29 53 7
32 55 4
24 32 5
2 85 9
61 78 1
23 60 1
45 53 7
21 46 6
20 88 2
11 72 2
14 48 8
1 82 1
1 48 2
68 86 8
45 60 4
57 65 6
47 74 3
6 63 5
29 83 6
17 59 1
7 85 5
5 38 1
68 82 8
37 64 6
26 71 5
38 82 3
31 53 7
10 32 9
34 73 3
19 82 10
28 84 5
78 89 1
9 32 6
13 83 2
14 33 2
23 40 7
57 68 7
8 61 2
51 78 2
19 84 8
54 85 5
21 85 9
27 40 3
10 61 7
71 85 6
34 67 6
40 47 9
21 80 8
21 84 8
74 76 2
72 86 5
71 80 1
36 37 6
28 70 2
2 72 10
22 85 2
41 56 2
47 86 3
17 54 6
33 59 9
47 76 1
39 66 7
33 74 10
40 59 8
46 58 9
30 38 1
18 75 9
60 63 6
7 17 7
69 73 4
22 45 3
29 61 8
80 84 8
13 56 5
51 70 3
23 47 5
35 79 10
38 81 1
33 68 8
7 72 5
22 54 1
10 55 5
19 63 3
17 53 5
76 86 6
17 40 2
17 56 6
52 66 3
41 54 2
28 29 5
32 78 6
62 87 7
32 67 9
21 45 2
8 66 3
4 28 8
43 47 8
23 45 5
74 88 3
28 71 1
29 77 2
34 45 7
41 46 8
22 52 5
25 41 9
30 69 5
49 87 7
5 56 2
27 87 1
69 84 7
11 21 6
58 62 5
31 55 7
30 59 9
17 72 1
2 47 5
1 34 1
76 81 9
35 72 2
27 44 4
42 81 2
40 78 2
25 64 7
10 51 3
23 84 2
32 35 7
26 57 6
41 74 8
32 82 8
44 45 8
32 36 5
32 38 2
54 58 6
53 86 3
17 89 4
36 81 10
41 75 7
33 37 4
50 67 4
39 68 10
31 61 1
52 86 8
25 70 7
8 38 7
15 70 2
32 56 6
59 81 7
19 86 10
1 37 1
34 53 9
29 79 6
8 41 10
65 87 5
25 28 2
63 81 10
19 38 10
14 39 8
10 70 4
22 49 3
47 71 6
33 88 2
47 78 6
49 75 4
31 36 9
25 59 1
40 68 2
35 59 5
3 35 7
66 75 10
21 68 2
1 66 4
20 63 5
15 66 8
1 70 5
2 43 6
51 63 4
33 56 5
21 54 8
40 89 7
34 72 6
54 81 10
48 59 4
27 47 9
39 72 1
5 58 6
70 84 4
17 58 7
1 23 2
7 45 1
4 59 1
47 73 5
23 28 2
19 67 6
24 45 6
17 55 6
68 71 9
61 74 7
49 72 4
59 64 6
45 51 1
24 50 9
48 86 8
64 73 6
3 89 9
39 41 8
2 27 5
31 72 3
1 40 4
43 77 5
9 54 10
87 89 9
54 77 6
20 26 3
39 53 6
21 33 6
69 80 7
6 59 7
58 78 3
19 76 4
1 7 9
8 44 10
6 48 4
49 82 6
1 62 4
70 86 4
17 61 1
23 51 6
31 66 7
52 58 2
23 67 1
20 89 9
7 24 3
34 89 4
7 73 5
60 86 5
68 77 1
83 87 4
39 89 3
30 72 5
16 44 10
65 75 10
69 78 1
40 73 5
22 23 1
39 40 6
19 62 9
74 85 10
44 57 9
8 33 9
17 23 5
41 79 6
70 72 5
1 56 10
18 36 2
7 89 3
6 66 7
25 69 2
19 70 6
14 79 2
59 71 6
33 85 6
35 65 10
78 87 9
32 74 2
5 86 9
28 88 6
60 68 9
2 65 5
35 63 6
82 83 8
65 69 2
17 84 7
72 85 8
29 31 7
47 52 9
20 62 2
10 73 10
21 71 7
55 72 5
68 78 1
22 25 6
52 80 9
27 59 8
56 57 1
50 66 10
58 84 2
74 87 3
56 77 3
43 75 9
7 39 3
29 41 10
45 84 10
55 71 6
67 86 4
30 48 5
51 64 2
30 70 3
29 85 9
2 88 10
69 71 7
7 13 1
12 62 9
32 84 1
23 46 10
14 76 8
67 77 10
85 86 8
13 50 8
22 30 9
25 44 4
47 60 10
37 54 1
15 87 2
14 28 5
40 66 5
71 75 5
26 34 3
37 50 7
20 83 2
72 76 4
28 51 2
18 22 4
1 18 5
82 85 6
39 76 1
28 36 9
33 79 3
5 34 8
28 72 7
39 70 1
13 46 4
58 88 9
32 45 9
34 61 9
59 89 8
1 14 10
32 70 3
42 74 6
31 49 4
26 56 10
30 35 7
18 26 2
75 82 4
7 38 10
27 78 9
7 84 6
32 47 1
46 85 2
4 70 5
11 19 10
54 89 8
8 24 5
28 43 2
27 76 10
27 37 2
16 89 6
18 52 9
52 85 10
50 78 6
34 69 7
46 59 6
2 86 9
12 77 9
14 37 2
1 53 6
20 61 4
39 79 1
30 37 1
25 50 4
45 55 1
29 71 1
23 54 10
4 74 4
39 50 8
51 56 10
37 45 1
17 30 10
48 64 9
30 31 7
16 70 10
7 33 2
6 58 9
21 78 9
30 80 4
4 18 4
25 79 10
38 48 1
73 83 10
32 53 3
11 36 6
36 88 2
1 9 3
50 80 1
7 77 8
18 27 6
18 24 10
31 43 3
2 56 7
48 80 10
29 88 10
10 45 4
56 75 9
45 57 3
54 72 7
19 30 2
7 71 2
15 73 7
26 59 2
6 31 7
23 39 9
33 46 6
25 72 1
30 50 4
55 80 6
5 41 10
13 19 4
53 84 9
17 44 2
2 62 3
2 87 1
29 32 7
1 65 7
27 50 3
7 27 1
13 63 5
63 70 8
46 66 3
64 66 2
19 71 4
22 34 9
45 50 4
60 84 7
27 71 6
31 82 5
30 67 2
13 41 6
2 7 6
19 89 9
3 65 5
51 80 1
6 75 5
13 88 7
36 79 2
58 80 6
46 69 3
41 81 9
33 71 10
28 80 7
19 61 3
7 64 9
1 22 2
59 79 7
51 79 5
6 80 4
36 74 7
31 52 1
43 52 9
19 75 4
48 55 3
10 48 2
81 86 10
40 88 5
14 63 3
6 69 10
30 78 7
25 46 1
3 14 9
9 55 4
14 89 7
73 87 7
45 77 8
14 57 8
51 68 7
10 40 6
37 65 1
62 74 9
52 59 7
9 20 3
40 80 9
31 75 5
61 89 3
1 12 3
45 86 3
48 82 9
65 86 9
25 49 3
33 84 4
2 33 2
8 57 10
18 44 2
5 66 10
16 45 10
7 21 3
31 50 8
41 88 6
37 83 9
24 51 1
