87 1000
78 22
78 5
88 33
71 34
77 26
63 11
64 8
62 8
39 15
88 41
46 14
80 4
47 11
95 9
20 9
81 4
83 22
30 13
6 1
95 24
34 2
64 8
19 4
1 1
75 37
75 34
78 22
9 1
37 14
35 11
4 1
84 13
60 5
68 10
30 15
97 45
7 1
66 26
75 22
31 7
27 12
92 10
22 11
71 32
33 3
87 39
38 3
82 14
11 4
38 9
22 7
73 22
81 9
83 16
62 2
25 9
31 9
26 9
33 2
43 19
82 8
94 2
38 17
28 5
15 3
75 25
47 5
32 12
15 3
97 12
97 18
68 5
24 5
33 2
54 11
97 34
17 8
16 5
30 5
84 25
3 1
32 3
29 12
3 1
45 9
32 9
56 8
1 56 5
48 56 10
1 63 5
1 54 6
1 23 2
55 63 10
3 56 3
54 81 9
21 56 5
23 41 4
23 40 4
23 73 3
22 73 6
59 81 5
1 59 7
63 81 1
54 60 8
53 56 4
2 73 10
59 80 5
1 48 6
56 59 8
1 83 7
79 81 3
46 54 3
10 40 2
39 54 4
1 69 8
4 23 10
31 83 4
44 63 3
63 65 8
9 56 2
60 61 3
6 60 5
27 56 6
35 83 6
35 60 1
16 63 10
45 83 3
48 63 4
41 87 9
27 69 9
79 80 7
69 81 5
13 83 9
68 87 4
55 80 1
1 9 6
38 80 3
26 61 9
10 60 8
24 63 10
33 81 8
26 65 8
48 73 1
3 65 1
33 59 9
59 78 9
41 69 6
59 61 7
48 69 3
2 61 5
49 56 7
40 65 3
21 41 9
1 80 8
48 60 4
18 41 9
13 61 8
26 78 1
40 85 4
73 80 6
57 59 7
45 59 4
48 49 3
65 78 3
1 62 2
79 83 1
1 81 4
62 71 2
17 69 7
3 41 3
75 80 2
28 69 1
40 74 3
62 70 7
48 83 8
46 70 8
60 77 2
62 79 4
5 87 5
41 49 5
9 28 6
73 87 1
16 80 8
33 63 1
62 76 4
1 51 3
10 77 8
23 84 1
34 41 1
63 72 1
8 62 7
40 69 10
1 78 5
69 74 10
65 80 9
19 49 8
65 70 10
40 49 2
49 84 1
51 77 1
46 79 8
42 76 2
32 59 4
25 71 10
59 76 5
9 48 1
23 52 10
54 64 10
23 63 6
53 79 5
23 49 3
52 72 7
10 64 10
68 77 4
62 77 1
41 83 9
72 87 1
45 51 4
54 83 9
45 77 7
24 52 3
82 87 6
23 59 1
5 76 8
19 81 10
9 54 9
40 59 9
35 76 5
33 54 8
9 15 7
57 73 10
27 63 8
61 71 3
52 79 7
25 54 3
33 41 10
44 72 8
23 85 7
61 70 3
43 59 10
60 83 1
58 81 3
17 74 6
64 71 1
62 73 2
49 62 6
81 85 2
20 49 3
44 64 8
6 40 9
27 78 7
23 82 4
50 80 2
21 65 7
28 85 7
43 72 8
16 49 4
15 36 7
80 85 7
67 72 3
71 80 9
6 52 1
16 83 7
33 61 4
16 62 9
75 82 2
17 72 2
32 63 5
2 85 1
51 61 9
9 83 4
47 62 1
76 78 10
4 61 8
65 84 8
21 72 8
52 86 3
63 78 4
15 46 3
9 18 9
46 60 6
39 77 4
65 87 4
25 79 8
21 84 10
19 78 3
48 71 2
1 43 9
20 54 7
69 80 5
26 41 9
9 62 8
68 69 3
66 83 3
62 65 1
63 87 9
51 64 4
70 79 10
9 23 9
7 62 1
31 80 6
18 78 4
28 46 1
23 51 1
28 53 8
18 75 8
7 83 10
74 84 7
34 85 3
43 81 9
36 54 7
28 43 10
18 85 2
64 65 8
24 76 4
51 79 5
63 71 8
49 80 8
7 65 2
64 83 1
42 48 6
25 65 1
61 74 4
57 63 10
76 83 1
46 77 10
6 85 7
52 84 1
67 86 8
15 59 6
74 82 9
7 59 10
15 28 8
83 84 2
77 84 1
46 59 5
46 73 6
33 51 3
26 56 9
32 84 8
59 86 1
34 86 5
57 72 2
14 40 9
32 75 9
11 49 9
26 83 8
60 65 6
33 77 4
63 83 1
50 75 4
28 84 1
56 57 6
81 82 9
5 85 4
43 71 3
54 68 7
61 82 8
18 48 5
7 81 8
72 77 2
34 56 3
40 41 4
24 54 8
10 87 7
36 86 7
77 79 6
24 72 8
28 75 2
34 73 6
81 86 2
42 71 8
63 69 1
35 84 10
62 78 7
1 35 1
38 85 3
41 80 1
51 68 5
54 86 4
56 79 6
58 87 6
59 60 5
68 71 10
38 71 5
35 57 3
35 82 8
32 78 9
55 69 5
74 86 1
1 17 9
17 54 1
76 79 10
41 85 1
19 46 9
9 79 7
1 38 2
11 75 10
28 51 3
35 42 2
31 57 1
26 36 1
15 85 3
25 41 8
59 67 10
2 18 1
36 52 5
13 46 3
41 65 3
40 42 2
10 62 6
42 78 10
35 46 1
78 86 5
5 46 1
53 71 10
48 72 7
17 80 4
43 49 6
56 74 6
64 72 9
31 35 8
9 64 3
35 41 4
5 86 2
81 87 7
56 70 10
74 87 2
29 85 1
49 61 6
9 40 1
73 78 5
16 74 6
10 53 2
62 67 1
37 68 2
68 86 5
55 84 8
30 61 4
2 23 6
15 70 2
37 80 5
38 74 10
75 81 6
26 40 4
4 17 10
23 30 1
13 78 10
63 79 10
52 82 6
36 39 4
40 67 1
52 70 4
31 60 4
16 38 4
36 53 1
14 80 3
25 84 1
46 57 1
63 77 4
3 23 8
68 81 6
56 72 7
24 69 1
2 64 8
48 68 7
77 87 3
17 30 7
41 66 8
15 63 1
66 77 7
58 80 6
57 61 3
66 70 6
1 74 3
36 59 4
54 87 6
49 81 10
3 49 9
40 70 5
30 87 3
9 53 1
30 39 8
18 56 8
32 72 5
35 66 3
72 83 2
16 28 1
32 68 4
28 64 7
41 46 3
78 84 4
56 67 5
15 29 7
61 67 7
9 46 6
29 67 7
27 81 1
22 86 2
24 81 1
40 78 1
6 78 1
17 59 1
21 68 8
12 81 2
27 51 6
19 56 7
8 80 2
25 48 4
30 74 2
58 63 3
38 48 4
37 81 9
51 63 4
1 65 5
56 66 3
11 64 4
36 83 4
28 66 8
39 47 7
28 73 5
45 47 4
29 45 7
30 70 9
62 64 3
27 38 4
61 87 1
26 49 5
42 59 4
21 61 10
15 53 3
27 46 2
15 19 10
73 85 8
16 42 4
5 28 7
44 51 8
41 84 2
52 69 4
38 84 3
56 76 10
62 87 2
19 27 5
63 75 1
35 73 9
18 86 4
26 45 7
17 56 5
19 75 8
39 55 4
54 72 3
64 69 6
19 68 10
15 35 6
5 80 7
61 81 8
8 86 8
56 81 8
9 72 1
53 78 9
61 69 5
68 74 7
45 84 2
8 65 2
34 54 3
11 29 7
36 45 2
18 45 9
10 71 7
35 65 1
12 86 1
65 69 7
9 67 2
7 51 9
37 72 3
16 56 5
65 82 1
18 68 1
60 75 5
50 73 3
19 76 5
84 87 2
1 75 7
1 52 2
47 81 8
1 4 6
16 40 3
21 49 7
46 48 8
17 87 5
13 28 4
25 67 9
44 49 7
45 55 4
4 45 4
12 30 1
3 38 4
6 71 4
9 76 9
45 56 4
27 68 4
53 62 5
29 35 4
15 52 10
45 78 3
44 62 4
18 61 2
30 80 2
19 80 10
53 63 9
48 64 9
15 79 5
58 78 2
50 55 9
27 85 1
14 51 6
9 39 5
49 69 9
5 35 1
38 82 7
4 87 10
41 48 7
72 85 3
41 72 7
28 74 9
35 36 9
74 75 9
66 86 4
29 52 6
8 48 9
27 30 8
28 49 5
73 86 3
13 82 4
66 76 3
4 67 5
15 18 9
15 57 3
23 72 6
13 30 2
64 79 9
3 64 6
8 53 6
20 79 3
7 86 3
50 59 4
46 83 10
5 81 10
27 75 2
34 63 10
43 74 6
19 64 4
39 81 9
73 83 5
18 79 8
47 50 6
41 76 8
1 25 1
15 50 7
43 80 10
12 46 4
53 83 6
8 67 8
50 61 6
4 84 10
11 79 6
26 82 8
10 25 10
46 74 2
10 59 5
18 20 3
62 66 10
1 7 6
23 29 5
65 85 10
19 40 10
25 69 8
34 43 3
7 17 7
4 86 5
42 65 8
70 73 8
14 20 4
9 52 7
20 41 9
42 63 5
7 39 1
57 67 6
9 19 5
51 76 5
53 60 9
29 87 5
42 54 9
51 70 9
37 39 10
40 53 7
16 25 9
26 39 6
51 60 6
9 59 2
3 50 2
82 84 9
43 67 6
61 78 8
41 53 6
44 81 3
41 70 6
40 51 3
20 52 5
79 87 9
70 76 3
31 84 6
71 84 2
41 78 5
4 57 3
11 87 4
45 50 2
1 45 7
69 70 8
2 25 8
35 75 1
37 84 2
20 65 2
62 80 5
48 76 7
50 76 6
67 69 9
36 66 1
12 80 1
54 82 1
30 83 10
40 71 6
38 79 7
25 30 1
14 19 10
3 36 6
74 79 8
41 77 9
3 80 6
9 24 9
47 82 5
59 83 9
43 60 5
68 82 8
15 16 1
15 47 7
20 27 7
63 82 8
15 56 5
18 54 1
58 61 6
54 85 10
53 61 4
29 53 1
6 45 2
4 55 2
16 37 3
55 87 2
6 63 8
67 70 6
50 57 6
77 82 5
61 80 2
63 85 8
33 46 10
57 78 5
16 58 3
62 85 1
60 85 2
70 85 6
18 51 8
6 53 10
19 37 7
9 57 8
55 73 1
64 74 6
31 52 8
43 70 3
25 44 1
64 80 4
45 74 9
39 83 9
29 36 1
11 38 8
22 25 10
35 45 9
7 77 10
58 73 1
19 42 9
6 70 10
4 39 4
46 61 7
17 39 4
9 25 9
7 12 2
26 51 4
29 73 6
1 72 10
49 85 8
13 84 1
10 72 8
1 61 9
33 74 6
28 55 8
22 77 6
43 48 9
1 64 5
1 36 5
48 58 3
80 84 4
11 63 6
28 47 8
16 61 10
7 46 10
10 41 10
18 67 10
18 50 5
73 77 4
20 77 6
59 68 7
54 74 1
14 87 5
47 64 6
41 73 10
43 44 4
25 57 8
47 71 10
10 30 2
17 52 10
17 62 7
7 33 4
20 55 10
4 56 3
82 86 8
75 79 4
22 53 6
12 34 2
44 60 10
75 76 8
81 84 1
13 51 4
8 18 3
11 34 7
27 62 3
34 40 8
19 48 7
78 87 9
46 51 10
12 84 4
33 53 1
43 83 3
11 62 2
5 23 8
52 73 1
12 67 4
3 43 1
39 64 4
5 73 9
47 59 1
25 42 5
12 33 3
62 86 2
8 84 3
64 67 9
20 29 1
56 85 3
2 55 9
12 42 6
10 83 2
45 76 6
9 21 7
4 66 10
7 71 2
51 69 6
10 23 2
66 75 2
33 84 2
3 63 8
21 39 3
35 39 7
74 85 5
37 79 2
61 85 2
26 84 6
17 35 6
9 11 5
11 66 1
74 76 3
59 87 2
43 79 7
50 63 4
9 71 7
47 53 4
11 67 5
32 76 5
70 87 5
22 83 4
8 82 1
30 53 6
1 33 1
35 56 7
16 17 1
30 45 9
52 71 10
18 73 4
9 68 6
35 78 6
32 40 6
69 87 6
30 86 2
50 67 10
14 57 3
67 77 5
43 62 5
18 40 1
40 84 7
55 62 1
33 42 3
5 47 4
47 55 5
61 63 9
51 83 9
12 38 2
10 81 1
56 63 2
11 14 1
19 59 8
25 33 7
70 83 9
35 72 5
45 62 8
5 24 10
29 56 7
14 56 2
28 31 2
40 45 3
38 78 4
25 46 7
40 47 1
68 83 6
55 66 2
67 79 7
28 65 1
33 71 8
54 55 10
25 27 5
49 59 10
74 80 1
59 66 6
47 61 9
5 83 4
22 70 1
39 74 4
64 75 3
21 37 7
38 52 3
21 83 3
11 72 8
18 84 6
24 41 2
22 43 9
26 72 5
20 64 9
50 69 4
16 30 6
19 77 6
3 14 3
44 45 1
40 44 6
28 54 10
43 75 3
9 86 5
63 80 7
30 79 2
65 67 9
18 35 2
17 64 1
47 87 2
13 80 7
5 65 8
20 66 8
10 29 9
33 34 3
12 78 6
47 83 4
34 61 8
19 54 3
43 61 2
19 58 7
29 82 10
29 57 6
43 84 10
16 46 1
37 69 2
18 43 4
16 70 3
30 71 2
44 53 10
26 31 1
37 87 4
11 23 8
34 58 9
70 78 3
44 66 4
1 58 8
39 82 7
7 56 4
4 7 7
30 78 4
33 57 2
23 55 1
41 55 6
60 80 5
36 79 7
27 82 5
47 54 5
19 41 6
29 72 9
41 60 6
60 70 6
39 70 7
27 70 10
4 5 7
29 80 9
37 65 3
12 44 10
58 82 5
31 73 2
72 82 5
19 83 2
25 38 4
46 76 7
33 83 3
42 83 7
48 87 7
16 50 5
5 25 3
10 21 9
8 81 2
21 22 3
30 49 4
42 46 1
32 57 6
16 44 6
67 73 1
27 73 8
72 78 2
12 52 10
47 63 1
8 69 2
28 61 5
14 67 5
61 79 1
4 41 3
77 83 4
59 82 3
8 29 1
31 67 3
14 58 5
12 25 9
20 42 1
45 80 6
44 74 4
23 69 10
19 22 7
31 39 8
38 56 2
55 60 6
42 53 3
29 76 8
1 60 10
9 51 8
31 72 2
60 68 9
39 87 7
57 81 10
36 69 4
63 64 6
38 68 8
24 37 10
38 49 8
17 68 9
47 75 5
76 80 7
21 48 4
24 44 4
17 19 1
