72 1000
64 8
19 9
81 9
30 12
59 10
85 8
8 4
84 20
74 2
94 41
82 24
10 1
28 11
59 10
31 12
69 31
29 4
46 3
18 3
33 12
18 8
20 2
72 7
24 9
68 9
40 5
41 4
77 5
60 4
9 3
53 7
76 27
35 2
15 2
64 9
69 24
57 16
7 1
31 7
34 11
68 33
71 35
51 25
23 9
39 16
8 3
53 21
87 6
64 25
41 4
81 28
59 10
71 8
34 14
34 4
98 22
16 3
5 2
87 4
19 6
31 1
4 1
31 1
56 26
64 5
96 40
75 2
23 11
5 2
65 23
2 1
20 6
1 6 7
6 11 8
1 23 5
1 18 4
18 35 4
31 35 2
11 19 10
1 11 6
6 51 6
1 17 2
23 42 9
17 67 9
9 51 9
1 66 3
9 67 10
19 48 2
11 51 8
51 53 10
33 51 6
19 37 8
51 70 4
59 70 2
23 29 7
51 61 3
6 57 10
1 15 4
19 22 3
57 68 8
15 57 3
28 66 2
25 48 9
30 66 7
29 33 2
6 35 1
66 70 10
48 53 7
66 68 10
33 70 1
67 70 9
27 37 4
29 57 7
37 68 8
17 22 4
19 66 9
42 60 4
23 72 4
62 70 5
42 45 6
46 48 5
10 48 2
24 60 10
2 33 2
24 33 6
23 38 6
14 29 10
18 57 7
3 61 2
19 43 3
38 51 8
15 69 10
11 47 10
19 35 7
33 52 3
29 55 5
21 43 9
44 66 8
29 48 1
1 13 4
15 43 8
13 50 9
1 35 9
13 42 7
20 38 7
33 47 8
45 55 9
19 57 6
62 68 3
6 15 5
57 70 8
57 59 6
15 48 7
45 69 4
16 45 9
6 53 2
29 70 5
11 53 8
22 71 9
48 72 1
70 71 4
42 55 7
22 23 10
15 68 9
42 43 3
19 60 1
5 6 7
16 38 7
23 71 2
57 63 9
68 70 4
1 46 1
54 68 1
22 72 3
55 65 4
33 59 3
18 68 8
52 62 2
23 45 6
63 67 10
13 32 7
4 32 2
19 20 7
45 67 1
10 62 5
45 71 7
20 27 4
4 65 4
18 37 1
58 60 3
43 48 5
11 65 2
6 43 1
17 57 10
9 43 1
35 60 5
69 72 10
8 70 6
6 24 6
17 60 2
46 70 5
17 37 10
25 59 4
16 60 4
8 59 8
64 68 4
19 33 7
17 41 2
7 66 4
17 39 10
41 64 4
33 60 3
22 25 3
6 55 8
1 61 3
50 51 1
10 60 10
39 44 2
11 27 7
25 37 10
18 54 1
53 56 10
11 31 1
54 61 7
14 18 4
55 56 2
23 28 6
4 47 1
37 44 3
39 54 7
31 50 7
60 64 3
3 54 4
5 64 5
2 53 4
25 67 5
59 71 2
3 51 10
20 65 8
24 31 3
18 38 1
47 51 9
31 54 7
29 60 10
11 43 7
26 63 4
34 60 6
35 39 10
28 51 8
20 52 2
50 66 7
11 71 5
11 69 3
64 71 6
29 31 5
23 27 5
14 68 7
50 59 10
32 52 5
17 72 2
6 33 2
28 71 2
63 65 6
57 72 10
14 50 8
8 43 10
9 35 1
2 24 7
60 69 8
41 42 4
13 54 9
46 53 3
49 51 5
27 63 1
26 50 6
11 33 4
49 70 5
8 47 3
2 56 5
26 55 2
20 40 8
29 36 3
22 32 2
27 65 5
6 26 8
30 65 3
6 10 5
60 62 4
2 32 1
42 69 7
20 67 3
11 13 9
29 68 9
17 21 9
15 40 2
36 43 5
51 65 6
46 57 4
28 60 6
6 49 6
24 47 1
12 27 8
38 41 8
48 67 3
53 62 9
44 59 3
9 10 10
32 64 1
25 60 6
33 72 8
27 61 4
34 65 3
14 52 10
16 72 5
7 18 7
8 28 7
49 66 1
13 65 3
43 46 7
45 63 9
6 34 9
16 65 5
42 44 2
6 68 10
16 70 4
36 47 3
7 52 1
24 41 9
38 68 1
50 55 8
13 62 5
7 68 5
43 53 8
25 27 5
41 70 8
17 66 6
12 37 1
27 40 5
6 69 2
11 56 4
2 40 6
35 71 3
28 64 6
35 36 8
44 69 1
34 38 3
9 72 3
8 17 5
7 36 7
47 60 4
34 46 3
11 39 1
19 50 1
38 59 10
26 38 7
1 30 5
9 27 8
37 39 10
1 71 2
18 42 1
14 39 8
13 56 10
36 52 2
19 65 10
8 49 6
22 51 10
35 66 10
22 53 3
1 29 9
26 62 7
7 32 8
20 39 2
55 64 6
1 40 9
28 67 1
19 70 2
26 52 6
15 35 2
1 4 5
31 44 6
13 57 3
24 49 7
38 53 6
1 19 9
7 34 9
5 32 10
49 62 9
23 53 4
24 45 10
12 49 2
22 55 4
60 72 9
5 50 9
2 35 3
9 52 2
64 69 8
20 64 7
3 64 9
39 69 9
37 69 4
5 22 4
4 45 9
26 30 5
36 38 10
30 33 10
37 66 5
30 68 5
15 64 10
10 53 4
9 47 6
48 49 3
32 68 2
10 15 5
35 59 7
23 34 7
4 26 9
56 66 9
21 27 6
32 72 8
20 63 7
13 45 6
19 23 7
22 67 7
14 65 8
20 29 4
12 45 7
55 68 2
37 61 7
44 65 1
26 72 9
44 58 3
41 48 4
8 56 9
3 43 5
63 66 1
33 41 9
19 40 4
10 19 6
31 63 1
28 65 5
15 46 7
30 72 9
41 53 2
1 53 1
23 48 1
13 15 5
42 48 3
54 59 4
37 49 2
4 39 2
2 55 5
21 55 7
1 56 3
8 13 1
4 58 10
34 70 9
56 71 3
3 27 2
6 67 1
25 56 9
25 72 6
37 51 5
26 51 8
23 41 4
2 26 8
13 21 8
13 17 3
39 72 6
7 22 3
6 46 9
24 27 2
69 71 9
13 36 1
19 56 2
25 39 10
10 64 10
41 58 5
6 16 7
13 46 7
30 55 1
32 43 7
16 30 9
17 69 9
16 67 9
41 71 6
23 59 8
14 41 6
4 10 5
32 60 4
6 8 8
6 41 6
4 43 7
45 47 1
40 44 3
21 67 6
27 31 1
26 69 9
32 50 9
61 64 6
55 72 1
44 72 10
16 55 8
43 64 9
6 13 3
4 31 2
8 50 9
8 68 3
24 30 4
15 27 2
20 45 8
23 40 7
44 67 3
18 45 5
33 45 9
11 42 4
22 47 1
22 49 6
16 21 10
59 62 2
11 64 8
16 23 7
7 63 10
30 38 6
37 48 1
24 63 6
59 64 3
11 54 7
19 61 3
16 48 2
19 59 4
55 57 1
4 19 7
5 27 7
9 16 5
34 62 4
5 24 2
36 42 2
36 37 7
27 67 6
1 51 9
1 48 8
16 19 1
17 71 9
69 70 4
39 70 2
12 22 10
34 58 5
8 46 6
26 59 4
42 72 6
42 66 5
58 59 3
33 46 1
59 72 3
5 46 8
24 28 5
35 67 7
59 61 10
18 61 1
2 72 6
35 48 9
45 61 3
42 54 3
22 39 10
8 48 3
43 44 1
43 54 10
3 16 6
54 65 10
11 48 10
20 26 6
9 54 4
1 68 3
11 72 8
23 58 10
40 43 3
9 60 2
1 14 6
16 22 1
8 33 5
21 32 8
28 41 2
57 65 4
53 67 7
21 59 5
20 36 2
64 67 4
65 66 4
4 64 3
12 25 4
13 49 1
8 55 6
28 30 10
8 34 6
10 29 1
16 18 1
49 64 6
48 51 5
9 41 9
57 66 2
23 36 1
46 51 1
25 46 3
8 69 2
10 46 3
43 63 6
31 42 4
21 50 9
6 18 7
39 53 6
43 45 6
56 58 9
2 50 4
20 46 9
1 42 7
6 40 4
30 69 4
45 51 7
34 59 8
5 31 6
36 44 9
41 44 3
24 32 2
3 37 9
49 65 4
22 30 10
28 42 3
25 33 10
1 57 1
30 40 8
65 67 2
15 71 5
7 65 3
13 51 2
25 45 10
48 69 4
26 37 8
18 52 3
38 43 1
2 66 8
27 52 4
15 45 1
51 69 2
11 15 6
50 69 9
9 42 3
27 46 3
53 72 4
16 64 9
4 36 3
43 66 6
47 62 7
4 34 1
5 8 1
26 71 1
25 36 5
28 70 2
4 51 9
5 17 4
3 66 8
47 49 8
12 53 4
22 26 6
11 41 4
6 31 4
10 40 3
10 17 7
65 71 6
26 33 3
36 50 8
11 55 9
27 56 9
13 61 6
23 25 7
22 65 6
37 60 1
42 58 4
51 60 1
49 68 6
53 61 3
49 63 5
14 58 2
15 63 1
17 23 3
7 27 9
2 42 10
62 66 8
39 67 2
42 53 6
31 72 7
24 69 1
13 43 2
35 61 3
52 60 5
17 40 1
29 66 9
22 42 9
4 25 4
31 32 8
29 69 2
40 46 4
21 53 1
50 62 5
59 68 7
28 40 6
27 44 2
20 23 6
21 34 2
32 44 10
6 20 3
9 32 6
10 25 8
33 71 3
31 52 9
47 57 8
36 68 7
7 43 9
10 28 1
29 37 8
19 26 5
48 63 5
29 56 9
29 40 1
23 68 7
30 54 2
38 63 4
41 43 1
40 67 7
18 46 4
35 62 9
40 48 6
40 55 9
7 67 4
37 70 6
6 21 10
41 60 1
37 42 4
40 47 7
17 51 1
44 57 5
43 56 5
33 64 8
5 41 7
44 55 1
27 53 4
49 69 10
48 71 2
52 70 7
12 63 4
16 63 10
22 60 9
7 59 4
8 9 9
16 31 6
8 25 2
53 60 10
13 24 6
26 47 6
45 66 7
8 37 7
16 53 6
20 37 10
42 47 5
49 72 8
13 35 4
26 53 10
47 61 5
34 63 7
39 56 10
19 64 9
30 47 4
20 35 8
12 65 9
22 61 5
4 6 4
10 61 10
51 59 10
10 31 3
2 63 2
2 20 6
2 19 6
24 42 6
4 35 2
8 27 10
23 62 9
15 67 4
37 67 6
21 48 8
30 37 6
16 24 5
22 64 6
60 66 8
10 22 2
28 69 3
51 55 1
4 27 1
65 69 10
26 45 4
44 60 6
15 44 5
13 60 10
22 46 4
4 49 4
1 7 4
5 26 9
16 52 10
56 57 10
20 51 6
40 50 6
46 58 9
71 72 5
8 36 5
8 15 1
52 58 4
33 48 7
13 26 9
13 71 3
9 30 6
14 71 4
24 65 2
1 43 1
47 53 9
8 42 8
10 57 5
40 51 9
43 71 3
9 57 1
35 38 5
32 67 2
16 46 10
9 20 3
20 53 6
26 39 2
10 34 4
55 66 8
60 70 9
48 54 1
59 65 7
53 58 8
9 55 6
40 60 4
70 72 1
28 56 7
14 48 10
25 53 1
7 29 3
6 65 5
39 48 9
6 54 1
20 57 4
39 41 10
20 59 7
40 58 6
1 37 2
1 9 2
46 49 10
23 35 2
1 16 9
30 45 3
10 56 10
8 32 1
22 63 6
25 31 6
2 4 2
15 42 8
9 14 10
48 64 1
48 56 4
14 15 6
28 34 7
45 64 8
57 69 4
29 30 3
18 63 8
12 38 1
18 22 10
8 40 9
1 47 4
11 50 8
26 44 5
57 71 4
14 72 6
38 70 2
16 54 10
38 40 5
21 64 8
39 58 10
8 31 3
12 69 9
34 39 9
33 69 3
1 25 3
34 41 1
56 59 3
10 52 6
42 46 2
42 63 7
35 57 2
27 29 3
54 58 7
33 56 9
49 50 8
42 71 4
4 62 5
4 52 8
25 28 5
35 46 1
25 66 8
1 24 7
8 66 10
17 24 8
22 35 2
14 61 5
34 61 9
24 64 7
25 65 8
13 44 9
41 61 7
24 26 2
12 36 8
1 36 5
6 37 4
54 67 10
20 41 2
40 45 1
48 61 7
28 33 4
26 32 6
18 60 7
36 39 6
27 41 3
63 68 10
17 46 3
13 27 2
14 36 4
46 67 7
14 47 9
40 71 8
42 62 4
46 59 1
26 31 1
32 38 4
16 17 4
49 55 4
4 57 3
46 64 6
58 72 7
12 13 7
27 43 3
7 72 2
26 64 1
29 44 5
20 56 10
9 56 8
18 43 10
10 18 7
11 23 4
25 41 9
38 42 4
58 67 7
41 66 1
21 33 2
16 26 8
7 20 8
26 35 10
41 59 8
22 34 3
29 58 4
8 16 2
32 39 2
36 62 7
12 19 10
36 51 7
23 39 7
50 52 10
43 72 4
20 32 10
8 39 10
35 64 5
22 41 4
22 40 7
41 56 7
29 67 8
26 56 1
19 49 10
13 55 1
14 31 6
9 31 1
6 63 10
1 2 2
15 53 6
15 59 3
22 33 4
29 72 7
16 69 4
17 44 7
11 22 2
1 32 4
57 67 9
25 54 8
10 54 5
27 34 2
7 11 8
37 71 8
3 26 7
47 72 2
16 37 6
47 56 8
32 49 6
21 60 8
35 72 5
50 56 4
10 58 3
17 62 6
4 33 5
19 39 4
29 52 9
3 35 4
15 33 1
13 33 5
5 30 10
27 68 7
57 61 9
15 18 3
42 64 10
41 69 4
10 38 9
2 45 2
23 60 9
25 49 4
52 59 3
30 36 7
14 32 3
22 52 2
4 21 9
22 29 5
6 38 1
55 69 8
2 11 1
22 28 3
30 63 7
8 53 3
9 33 1
25 58 3
44 64 5
41 49 6
10 33 8
58 69 10
26 28 7
24 46 1
21 41 7
38 65 9
31 36 9
1 10 3
16 71 10
44 47 5
32 46 10
34 71 8
32 58 2
9 66 10
9 53 9
7 24 1
6 39 8
25 57 3
30 62 7
35 54 4
8 45 5
10 16 2
15 19 2
28 29 4
7 60 5
2 30 6
