99 445
45 16
41 12
90 45
3 1
33 10
96 34
67 25
58 27
23 2
51 2
71 24
63 15
12 4
4 2
30 15
47 15
92 17
48 5
43 11
91 6
20 3
48 12
28 12
18 7
52 19
83 11
54 24
78 15
43 2
9 4
28 1
74 18
71 21
80 36
34 8
94 42
52 9
74 36
41 17
46 22
29 11
73 26
30 8
81 13
79 13
83 30
52 15
29 11
50 2
59 24
7 1
72 32
59 18
42 12
96 24
4 1
24 8
81 3
53 8
9 3
44 6
65 19
15 1
5 2
92 23
49 23
15 3
44 8
42 3
49 11
24 10
20 3
89 1
28 14
5 1
28 7
29 10
53 2
92 26
17 5
63 26
46 14
89 44
2 1
11 5
14 1
89 11
91 17
16 4
11 5
99 4
49 18
15 5
24 12
18 6
76 5
98 9
31 6
82 9
1 10 7
10 72 9
1 72 1
68 72 8
10 31 8
1 17 8
31 62 9
10 39 6
1 18 5
39 76 7
4 72 3
1 86 6
76 85 8
13 17 5
39 44 5
25 39 2
13 18 4
44 60 10
8 72 6
24 62 5
31 70 2
86 97 1
18 30 8
35 70 3
2 60 3
67 70 3
39 62 6
2 17 4
44 86 1
33 70 8
37 72 2
19 30 7
12 17 8
43 62 1
76 93 4
14 70 10
23 97 9
15 85 5
33 60 6
1 43 7
85 95 10
17 95 5
18 31 9
19 70 10
36 97 10
17 62 4
45 85 6
89 95 9
62 86 10
37 70 5
18 92 10
7 76 7
62 74 7
10 90 7
1 95 2
60 92 10
93 94 2
30 78 9
18 33 9
30 60 8
30 76 5
23 93 2
27 44 9
42 60 4
20 62 1
33 91 8
8 18 1
22 94 7
39 91 10
1 93 5
69 78 2
20 95 9
29 78 4
19 86 7
2 78 5
70 91 6
46 93 10
24 76 7
72 90 10
12 95 7
40 72 10
3 97 6
44 89 6
16 76 3
44 76 6
36 70 2
24 92 6
57 90 5
43 93 4
39 88 1
74 90 10
3 43 8
31 59 2
50 94 9
10 80 2
13 76 10
54 94 10
80 90 6
15 59 10
50 59 6
17 48 4
74 89 1
39 90 5
33 95 5
17 90 1
69 97 1
84 91 8
90 97 8
29 93 10
41 86 8
31 91 3
30 62 7
77 80 8
33 50 3
86 98 9
48 55 8
59 87 10
30 65 1
45 76 4
33 89 7
54 85 2
20 33 10
50 98 4
72 93 9
67 76 6
54 70 8
1 35 8
48 74 4
64 76 10
73 86 9
48 70 1
13 88 7
17 96 10
40 90 1
48 96 7
21 59 10
19 95 9
21 89 3
48 63 9
93 95 9
17 80 9
21 91 1
59 92 4
37 98 3
18 94 9
55 57 2
7 33 8
48 88 10
56 91 5
64 88 7
18 93 8
48 72 3
29 85 5
79 95 10
80 92 6
17 20 7
48 76 5
2 96 1
62 65 2
50 56 9
1 94 3
39 56 9
44 58 8
46 60 8
59 84 3
34 44 7
6 70 7
39 82 9
10 53 5
33 81 6
4 90 6
58 60 8
78 80 5
10 67 10
26 67 10
12 94 4
57 67 6
74 96 3
41 70 8
10 62 4
49 67 9
6 94 9
55 72 1
30 55 9
21 96 9
1 54 4
8 17 10
7 20 6
17 86 8
26 60 5
57 87 1
63 85 7
1 41 9
33 98 8
76 88 3
57 84 3
48 90 2
33 64 1
18 97 3
58 64 5
33 82 2
22 62 10
76 91 8
50 65 1
15 76 7
20 39 6
9 59 7
64 93 10
38 39 9
91 93 6
57 92 8
31 75 9
68 85 1
76 82 5
42 59 6
31 71 2
35 63 5
58 72 3
43 58 2
90 92 7
19 76 6
31 90 2
70 88 3
69 93 9
17 75 1
54 81 5
36 60 1
54 95 6
35 74 7
13 90 4
97 99 5
71 94 4
92 99 3
30 98 6
41 96 8
58 96 3
56 92 5
36 90 8
10 33 7
20 88 9
82 83 3
24 43 7
60 67 6
76 83 6
38 60 6
23 84 3
57 81 2
46 95 2
54 98 1
17 61 5
20 94 3
28 98 1
11 85 2
82 96 7
72 95 7
41 57 2
3 82 10
77 99 2
65 95 4
62 78 4
25 50 7
4 71 4
20 93 7
47 62 4
62 75 2
1 3 4
60 88 10
36 84 3
41 81 7
3 60 6
45 99 10
47 64 10
39 74 10
61 85 3
54 56 2
71 82 6
18 25 4
10 65 2
3 6 7
61 84 2
28 91 6
50 60 4
7 54 1
20 98 10
40 63 3
44 49 9
76 94 1
73 82 8
55 95 2
81 94 5
25 71 6
31 72 5
64 65 5
35 41 8
67 81 5
52 63 7
18 81 10
72 79 3
83 87 8
70 93 6
18 22 8
25 83 1
63 80 1
50 78 4
22 60 1
20 29 9
33 39 1
88 89 10
3 55 9
68 89 9
43 59 6
75 79 10
31 82 9
3 80 3
79 94 7
1 53 5
29 80 8
94 98 5
7 62 7
61 66 9
25 82 4
30 89 7
79 85 3
10 68 10
72 85 5
6 79 3
66 95 7
25 65 2
14 59 8
29 66 6
74 75 7
7 43 7
17 45 8
46 54 5
41 82 7
58 98 2
4 79 3
16 58 10
20 56 10
90 96 5
6 38 5
35 72 6
53 99 7
50 70 3
3 84 9
21 84 10
35 84 6
39 93 1
73 79 8
12 58 8
69 85 8
55 90 1
86 89 9
31 93 6
21 55 1
60 64 10
4 80 9
12 44 4
6 35 7
10 17 4
63 83 2
25 72 3
35 38 4
16 38 2
37 65 2
33 46 5
68 98 7
11 39 7
48 83 1
6 14 5
16 78 4
20 43 2
63 96 8
25 66 6
37 61 9
71 81 7
79 91 1
41 95 2
30 72 5
26 30 5
38 94 7
17 70 5
49 82 4
44 64 9
22 49 1
50 79 6
14 64 5
53 93 8
61 81 4
52 64 9
66 91 5
66 89 3
43 84 4
44 59 3
33 62 4
2 35 9
81 99 6
3 15 9
20 80 6
16 90 3
26 86 4
15 78 6
33 65 4
5 14 9
46 85 3
81 95 8
56 71 8
38 49 8
18 98 7
71 99 10
39 41 5
72 74 9
49 94 3
60 98 7
63 91 8
50 67 9
22 65 7
9 48 8
59 90 9
48 68 4
51 81 4
56 86 2
10 58 7
23 78 8
22 73 5
78 83 1
78 94 2
44 72 7
12 46 1
25 49 1
12 83 2
6 12 10
71 75 1
52 68 9
25 79 3
65 66 9
14 33 1
56 95 4
18 63 7
36 45 5
12 40 4
75 98 8
24 58 4
14 39 10
57 75 5
