179 1000
487 23
217 3
941 48
33 40
324 20
39 37
67 35
894 28
813 21
339 29
409 37
120 2
64 37
559 29
940 10
305 26
399 26
55 6
259 31
214 21
102 24
715 24
813 7
979 25
965 4
971 46
648 49
145 19
48 33
836 25
267 48
739 5
675 24
297 18
959 24
328 25
382 41
288 33
666 38
781 41
626 27
848 9
396 40
358 50
653 13
397 41
767 8
771 24
327 20
451 15
815 30
910 12
31 15
838 21
473 6
283 49
676 20
230 50
446 48
435 8
175 19
576 24
452 36
390 28
986 25
175 30
153 39
629 6
127 34
350 33
422 3
14 31
853 7
645 50
201 20
908 28
923 34
36 46
620 42
269 7
459 16
353 35
667 43
951 49
468 14
74 45
828 33
672 13
414 34
734 1
901 50
552 22
52 15
134 17
601 6
502 6
237 35
303 42
679 42
571 11
324 30
66 22
384 19
470 7
119 42
938 41
376 31
873 29
187 19
474 21
193 40
542 42
932 23
935 40
804 37
514 20
45 37
191 10
331 34
919 11
32 24
6 19
362 30
916 2
260 26
321 2
678 2
304 31
190 21
838 9
31 34
598 31
714 25
649 6
219 39
454 33
653 14
313 20
159 24
307 21
395 1
15 17
339 10
479 23
470 16
331 14
886 28
687 34
461 41
275 36
600 11
182 2
569 23
711 4
855 26
694 29
75 15
282 16
833 24
388 35
736 16
217 45
599 34
409 26
322 14
427 17
159 27
88 1
516 1
48 33
806 23
942 12
135 7
108 42
499 25
941 24
602 28
321 46
958 2
1 18 9
18 57 10
57 144 1
22 57 3
1 102 7
1 55 10
55 99 2
76 99 2
136 144 2
93 102 7
1 99 1
1 137 6
55 68 9
68 145 5
121 137 6
93 99 9
57 136 2
43 136 2
75 136 9
83 145 2
136 153 3
97 145 1
55 72 5
18 171 5
153 174 8
137 153 2
68 75 5
56 144 4
57 111 6
172 174 4
33 136 8
18 81 3
1 47 5
85 144 2
47 97 8
126 145 9
1 72 7
72 93 4
46 171 5
1 79 10
154 174 4
41 81 7
68 106 3
18 106 5
137 159 5
111 124 1
117 153 10
75 172 4
57 170 7
134 174 5
111 135 4
50 57 8
57 117 6
93 158 1
3 135 8
57 151 9
136 164 4
1 27 7
122 171 4
108 111 10
37 144 7
5 81 1
81 133 2
62 135 3
43 93 5
54 145 6
151 164 8
27 145 9
50 171 4
1 107 10
60 107 7
44 158 10
88 158 2
107 172 9
84 159 10
51 172 10
94 172 4
1 84 5
30 170 5
18 74 6
137 141 1
111 133 8
29 72 7
13 55 1
16 174 9
75 145 5
75 120 2
93 125 7
68 132 6
47 177 5
73 106 2
23 177 2
24 120 8
44 74 9
43 125 3
76 93 5
18 53 7
7 117 6
72 108 6
144 147 5
1 12 7
105 177 1
59 132 6
73 151 8
72 145 2
1 144 5
57 108 6
108 110 9
18 63 1
17 99 3
31 137 8
169 177 9
56 135 8
7 125 4
22 141 4
12 114 1
107 161 3
114 136 2
57 133 10
53 96 1
39 158 7
81 83 1
57 165 2
31 161 3
65 145 10
1 97 8
12 121 1
96 126 9
47 50 7
114 158 2
53 72 5
50 170 8
68 172 7
27 141 1
83 99 6
53 92 5
3 159 9
6 53 7
18 139 5
27 153 10
74 176 10
28 106 1
52 176 10
18 24 9
47 120 2
107 132 2
12 59 3
28 84 10
134 159 6
12 32 3
99 108 10
74 132 5
12 61 5
140 170 1
99 177 10
72 136 10
177 178 7
53 114 7
11 176 5
99 120 2
138 139 9
68 111 3
137 144 4
57 156 10
62 133 7
93 172 2
106 144 5
37 47 5
66 132 8
102 161 10
102 167 10
68 109 1
37 121 3
50 76 1
42 81 1
53 83 2
29 92 8
109 132 9
174 175 2
76 96 7
59 178 6
14 175 3
32 135 1
27 130 9
149 167 9
59 102 4
17 57 6
150 161 8
83 151 4
89 136 7
53 170 3
57 178 4
97 128 8
56 74 3
53 175 3
104 158 6
28 96 9
53 98 9
7 97 8
6 97 4
96 158 4
106 121 5
39 53 3
50 128 9
47 117 8
63 124 1
81 135 8
37 130 7
43 55 10
96 169 4
146 164 3
53 54 5
83 164 1
41 169 7
12 48 1
12 113 6
57 84 9
11 124 7
93 103 7
136 157 4
128 149 5
111 155 8
113 159 9
134 139 7
51 110 10
103 111 1
53 141 1
63 85 3
48 149 5
24 33 9
2 124 4
43 92 1
100 124 7
74 76 1
103 149 5
27 79 9
45 149 8
79 124 3
70 111 1
121 144 8
61 97 10
27 99 10
107 109 2
134 164 10
5 120 10
72 143 6
61 175 5
6 33 3
23 93 3
156 159 6
94 109 1
47 136 8
24 163 5
52 72 7
51 120 6
61 84 4
60 121 5
79 137 3
93 134 9
2 170 1
42 59 6
78 172 10
76 155 4
82 144 7
54 172 9
99 127 3
47 93 6
121 163 8
72 134 3
107 166 5
2 33 3
63 168 2
48 54 10
87 167 3
131 133 2
13 24 9
69 171 6
5 68 9
22 153 10
176 178 1
48 107 9
3 172 9
12 38 2
92 158 4
32 171 6
10 99 5
18 108 10
110 144 8
97 118 2
81 127 6
20 137 6
166 176 8
28 79 9
24 135 7
47 163 6
17 79 2
79 131 5
141 149 3
99 172 2
31 63 10
74 147 4
71 81 8
120 156 5
13 61 2
39 177 9
38 57 3
29 54 3
69 169 3
131 147 7
117 151 7
62 158 8
18 56 6
55 167 9
62 120 1
150 174 2
93 162 10
38 136 1
26 99 10
126 149 7
131 141 6
53 128 5
11 97 1
47 155 1
11 133 7
38 124 10
134 151 6
2 106 5
34 75 7
106 153 10
110 169 1
80 157 10
48 125 8
93 178 2
11 74 6
48 74 1
149 158 6
127 178 7
98 176 10
30 169 4
86 125 2
18 167 3
53 93 2
41 50 7
117 147 8
85 109 7
78 149 7
54 93 6
46 75 9
13 143 7
109 133 1
47 128 7
125 174 6
109 138 2
47 112 1
164 178 3
1 124 3
107 124 9
59 100 9
33 150 2
81 178 1
56 153 8
81 94 9
129 138 10
24 32 5
137 174 6
69 144 4
107 163 7
30 50 3
81 174 8
115 157 9
128 164 8
135 166 4
78 150 7
125 141 7
104 127 4
72 81 5
78 84 3
103 118 8
18 152 8
14 169 6
31 125 2
41 135 3
91 159 5
85 134 10
54 92 9
72 178 8
72 94 8
43 124 6
168 177 10
8 165 3
113 169 4
5 59 5
61 170 6
20 155 9
43 121 7
111 139 1
31 72 4
25 72 3
68 99 10
92 97 9
48 168 10
139 161 3
114 151 10
47 153 1
149 174 9
79 142 2
75 169 3
125 145 2
53 135 4
15 53 6
67 103 3
19 136 8
85 179 10
11 128 7
35 118 10
39 152 9
99 102 4
131 155 8
102 131 3
54 141 7
82 111 2
151 174 7
128 161 2
27 38 6
56 161 4
55 162 10
111 114 7
40 156 8
102 145 9
53 143 5
87 93 7
62 164 9
29 98 2
28 108 5
96 124 1
98 174 9
30 161 3
8 114 5
88 137 4
138 165 8
85 169 7
87 124 9
25 165 7
60 102 4
33 83 7
130 162 4
1 74 9
12 57 2
167 169 6
130 175 3
57 106 9
102 142 3
78 153 7
59 103 3
37 172 2
32 62 1
27 113 3
112 121 10
165 169 10
18 91 3
74 112 1
5 57 5
56 90 8
118 171 9
16 48 2
38 176 4
125 163 9
154 161 9
24 143 6
58 93 8
102 173 2
26 85 7
60 150 9
84 97 6
57 70 2
116 176 7
74 94 5
155 179 6
94 144 5
1 120 10
16 170 5
29 85 8
56 118 4
61 137 3
117 118 5
31 102 9
18 83 10
11 83 10
1 155 1
23 50 1
17 117 7
46 92 9
70 170 8
102 128 5
56 95 10
36 155 2
62 98 2
14 156 6
67 68 8
114 121 6
96 131 1
54 75 7
53 81 4
22 74 7
99 118 6
137 152 1
96 148 7
55 127 10
94 176 5
20 99 5
83 137 8
151 163 9
33 179 6
128 131 4
92 178 7
11 54 9
57 97 2
128 132 10
152 179 1
99 114 6
27 149 7
166 170 6
123 144 4
67 133 8
59 168 2
2 85 8
30 83 5
92 176 1
72 150 10
114 170 9
93 179 2
73 113 10
48 83 6
18 137 4
83 101 6
57 141 8
149 179 4
132 159 1
16 103 1
49 126 6
105 151 7
104 148 7
81 124 8
42 165 7
71 136 2
79 149 8
18 121 5
53 179 7
75 162 6
18 29 9
93 117 9
139 151 1
83 90 3
24 113 8
18 145 3
29 125 1
72 121 9
32 139 10
134 175 7
19 144 6
85 147 7
1 25 10
18 160 8
39 84 10
15 169 5
12 63 3
14 96 3
30 160 6
24 131 9
50 130 2
82 91 6
87 99 3
98 177 8
113 136 6
13 127 8
53 75 8
97 177 8
12 98 8
116 157 6
51 131 2
70 74 8
61 132 7
95 166 8
73 125 3
95 163 9
8 158 7
25 106 2
55 91 7
161 177 1
98 132 8
55 90 8
102 165 1
32 54 8
57 150 10
114 138 6
120 165 1
99 162 3
150 178 6
56 178 1
61 65 6
24 70 10
41 111 3
27 52 9
70 144 2
27 108 1
95 100 1
106 147 2
36 117 3
1 143 3
23 159 3
74 114 8
2 143 8
120 139 5
28 97 10
12 27 9
20 65 1
108 161 7
17 72 4
9 53 8
12 29 10
38 91 1
125 162 8
23 75 7
103 174 1
62 132 1
22 94 6
79 162 9
51 125 4
151 172 5
12 94 7
79 93 7
3 63 8
102 155 1
55 107 6
142 172 2
29 87 3
61 164 4
74 138 7
70 168 9
16 94 6
85 174 2
95 99 5
97 176 8
84 91 3
56 101 5
117 130 3
27 110 6
3 178 3
107 111 6
63 151 2
127 149 9
55 175 2
59 85 9
47 82 10
93 164 8
43 120 2
109 162 6
35 159 2
61 171 2
33 143 7
18 134 9
1 158 8
29 62 8
84 135 10
48 110 9
97 155 5
106 179 5
55 135 1
135 161 5
116 172 2
133 178 6
1 23 6
75 118 7
23 66 5
113 149 4
97 110 1
37 178 7
7 96 9
98 143 1
41 153 2
51 66 2
121 160 7
112 127 4
54 143 4
150 167 7
139 174 10
46 177 9
121 177 7
66 121 5
25 133 10
87 101 3
70 98 8
137 155 10
27 111 7
104 145 7
87 151 6
92 98 1
32 150 7
68 72 4
72 147 7
100 149 3
24 139 9
2 53 10
103 126 2
143 156 4
118 149 9
53 130 6
37 139 3
83 163 4
152 169 7
93 136 1
69 109 2
90 114 8
61 129 10
53 100 7
33 123 7
27 169 7
54 114 10
159 162 7
75 105 7
29 78 6
98 155 10
113 153 2
25 53 7
63 146 10
65 75 7
36 142 8
23 99 6
89 126 8
63 138 9
6 134 8
66 157 1
54 113 3
63 87 6
172 178 8
23 28 1
41 173 8
42 146 8
18 99 3
115 127 2
32 138 8
100 155 6
145 155 2
95 136 7
114 164 2
84 100 4
72 113 6
128 166 6
21 111 6
68 137 9
38 142 9
82 161 4
142 143 1
33 84 3
28 170 2
76 151 3
100 144 10
71 113 9
68 104 8
55 132 5
66 135 10
3 129 9
3 18 9
110 143 8
84 161 6
128 156 9
60 93 10
70 97 9
60 134 10
76 134 10
171 178 3
97 174 8
32 146 4
28 101 6
62 131 4
59 107 10
47 55 6
56 76 10
67 82 1
54 77 5
17 83 7
55 102 5
134 165 1
26 179 8
158 179 6
53 119 7
53 67 10
27 120 5
10 79 5
26 166 6
74 134 7
55 124 9
145 147 5
67 147 9
54 109 4
83 166 2
85 104 6
78 137 6
4 173 10
7 165 3
18 90 6
85 156 10
58 163 5
33 35 3
29 118 5
65 91 6
66 137 9
29 50 7
93 95 1
152 167 2
140 153 6
68 78 4
44 163 7
107 123 2
24 63 5
25 170 3
109 130 9
86 106 7
32 144 10
68 163 1
25 38 4
144 159 1
2 98 6
32 75 1
97 107 9
60 162 1
42 113 3
88 178 9
10 93 3
33 114 8
48 129 4
57 120 7
65 108 2
28 152 5
90 104 10
70 161 9
32 155 8
83 97 4
33 82 8
33 77 3
48 162 6
26 97 7
29 165 8
84 101 3
94 147 5
55 114 6
61 104 2
76 179 6
106 136 4
50 64 5
163 174 5
97 149 2
62 79 5
119 169 5
16 74 1
31 75 5
105 142 3
8 120 1
118 139 3
18 127 10
41 165 7
74 169 1
41 48 3
111 149 8
97 160 6
60 98 5
153 171 4
39 163 6
53 66 7
135 137 9
52 121 1
66 125 8
150 156 3
75 149 2
67 83 6
86 118 5
5 66 3
33 108 7
134 146 10
17 52 4
24 72 10
147 176 10
98 156 1
80 161 6
16 161 6
62 76 7
68 124 1
32 120 3
61 117 6
94 159 10
57 153 6
151 167 8
31 149 10
41 118 6
33 133 5
33 153 7
143 161 5
88 145 5
84 168 4
92 105 1
51 77 7
86 146 9
27 168 9
80 138 4
64 85 10
136 176 2
117 152 7
65 110 4
68 76 7
99 155 8
18 92 4
58 158 9
12 118 4
75 113 8
67 162 2
112 134 9
69 114 8
94 143 5
64 163 9
97 126 10
135 179 5
32 168 3
63 176 5
156 173 1
162 165 8
85 145 4
18 177 7
81 100 4
57 168 9
129 148 8
3 164 7
1 132 7
151 176 1
88 139 6
74 108 4
109 111 8
75 138 9
27 132 10
35 138 8
55 142 5
77 87 6
152 160 9
35 176 7
119 129 2
81 129 1
73 104 1
2 136 5
42 157 3
49 137 8
144 151 4
67 84 1
62 157 6
84 167 5
93 126 2
53 105 1
39 117 9
132 140 10
145 148 9
46 95 5
25 107 3
38 138 5
24 114 2
111 170 5
87 147 7
87 90 3
53 178 7
29 116 3
6 57 1
54 79 2
38 148 8
60 171 2
32 124 10
25 80 6
19 132 8
6 146 10
139 160 9
57 98 5
35 119 9
91 139 7
14 176 7
75 98 5
1 138 10
62 112 8
55 59 7
157 158 3
45 104 7
48 55 1
96 146 8
150 159 2
128 146 5
110 177 5
136 168 2
92 106 1
88 111 9
44 61 5
41 55 5
133 148 6
34 172 7
105 124 1
161 164 9
