888 1000
78 41
365 21
688 44
512 23
952 50
626 38
84 16
95 34
720 11
905 26
188 42
614 28
465 44
653 26
636 21
234 23
481 42
542 10
75 49
91 5
404 32
787 26
171 50
323 9
108 8
106 19
375 9
324 49
588 10
786 14
208 5
246 50
920 27
212 12
490 1
241 35
563 42
203 6
350 34
451 41
972 9
176 45
65 9
384 19
822 43
186 37
430 28
206 33
994 43
844 18
916 42
978 50
610 7
895 8
544 46
347 48
885 37
333 48
349 31
719 36
442 14
795 26
873 36
984 30
467 40
679 27
875 22
551 31
488 39
516 48
734 39
955 38
420 40
21 44
411 41
834 18
130 50
940 30
79 15
734 11
976 27
170 30
251 49
1000 24
369 44
574 39
25 16
502 48
772 27
845 22
726 12
921 20
290 35
625 40
633 26
874 12
776 50
593 4
67 49
977 16
159 49
201 22
640 16
507 33
387 46
379 5
632 46
917 28
906 5
708 31
227 36
45 28
901 5
633 29
501 15
500 38
599 5
800 48
992 42
325 45
938 18
1000 30
193 39
258 5
293 1
259 6
116 46
802 33
227 7
645 3
580 25
492 49
662 36
241 25
630 41
958 25
342 50
565 25
467 20
780 30
161 24
634 44
890 44
783 31
89 45
942 30
411 10
33 43
621 34
816 39
597 30
63 23
416 17
34 29
831 12
574 20
839 39
396 31
96 10
465 30
658 2
272 22
580 40
533 37
899 48
110 24
408 1
502 26
129 25
121 3
687 15
734 34
457 17
482 46
815 35
237 25
885 17
302 27
713 10
744 46
521 8
215 46
610 23
175 33
500 21
907 48
174 8
966 13
66 24
705 26
426 30
395 33
683 43
775 39
792 47
133 1
422 15
63 37
830 3
373 43
502 45
138 35
565 31
702 25
180 11
322 30
155 15
408 44
889 42
782 9
833 49
139 19
799 45
68 17
608 22
895 13
155 20
40 30
710 8
596 8
621 48
784 38
403 48
238 3
230 50
341 7
16 2
763 7
273 42
723 19
990 17
93 38
867 12
584 12
880 39
884 19
902 35
481 43
124 20
532 31
788 37
681 9
367 41
307 37
955 2
108 14
517 11
484 21
931 2
992 1
920 18
687 19
928 27
528 44
291 46
829 10
651 31
661 10
598 27
162 39
205 45
891 32
605 37
196 31
460 37
746 17
41 4
702 32
513 23
241 14
959 21
898 39
361 38
264 30
2 45
716 4
585 1
305 1
450 27
11 18
896 18
916 16
203 30
790 5
588 4
411 28
49 34
348 32
914 16
297 24
671 24
1000 9
470 41
2 21
161 34
348 49
328 11
878 30
948 25
243 32
542 29
911 29
315 22
473 19
325 28
400 41
275 33
437 2
568 33
938 21
126 39
145 24
972 17
561 3
764 31
788 39
138 3
80 21
704 7
147 45
415 42
127 45
769 34
439 37
570 7
271 29
391 8
27 49
310 23
260 20
687 7
595 11
440 41
779 25
240 37
792 36
518 35
478 10
357 12
913 49
708 39
7 2
433 29
560 3
28 19
24 30
468 1
672 9
829 18
244 18
852 23
170 36
134 38
778 44
769 6
685 42
469 3
591 35
583 39
19 10
644 47
867 49
48 45
720 36
752 26
985 22
533 22
442 6
43 1
595 15
786 13
759 39
256 47
407 29
775 20
520 45
600 32
621 16
635 39
211 46
97 10
836 3
25 34
904 12
755 34
545 1
288 14
603 30
977 19
939 2
804 7
454 34
793 43
860 38
254 7
291 42
878 11
255 12
586 14
8 29
831 3
220 20
654 11
937 11
840 6
210 12
908 37
53 25
956 42
729 40
568 13
599 13
679 29
933 21
308 7
385 6
107 12
408 19
34 32
304 35
992 15
198 8
30 27
912 1
567 39
564 1
704 42
243 46
188 30
177 35
881 24
430 45
291 18
130 6
116 30
930 24
279 28
528 8
250 15
508 49
924 33
691 42
44 23
655 15
787 32
807 45
423 38
476 8
592 7
191 50
4 12
377 21
129 8
8 49
52 7
926 7
554 3
318 1
684 6
560 34
129 25
467 50
461 18
648 38
955 31
391 29
240 8
557 38
396 7
495 43
81 6
572 37
60 48
304 45
786 41
416 24
965 29
640 23
628 32
383 49
42 28
998 17
939 48
645 18
200 28
936 47
800 8
216 42
804 33
65 11
332 21
611 40
432 29
749 33
939 31
787 2
357 41
449 20
157 43
482 7
214 28
844 30
985 49
466 49
455 36
367 18
590 25
181 5
54 13
906 32
982 43
928 7
736 27
144 2
454 25
627 28
916 4
631 18
483 44
53 42
662 29
513 46
584 42
537 21
30 32
921 7
759 15
176 8
147 15
558 8
747 6
8 41
791 33
693 47
888 39
752 7
207 42
175 9
160 38
50 31
869 46
600 30
543 27
663 30
125 33
398 15
342 35
212 36
876 27
873 5
628 9
263 2
232 20
252 4
516 46
32 13
934 24
16 15
143 2
468 21
445 7
840 22
650 3
864 1
682 39
582 40
226 16
411 44
554 3
409 42
248 28
899 4
522 31
346 28
995 45
692 43
461 43
161 24
351 22
902 45
194 21
798 38
150 11
343 3
175 49
42 34
951 2
696 41
90 20
174 36
605 2
273 32
396 27
882 49
429 16
893 3
296 26
119 34
892 24
745 30
858 27
735 15
279 1
170 39
892 8
168 41
26 3
557 40
619 31
59 21
915 17
274 30
151 10
517 14
345 32
599 15
691 16
804 13
410 17
447 22
357 44
90 41
65 13
376 33
657 26
531 41
375 45
735 36
618 39
619 23
379 9
472 40
887 10
579 36
709 39
764 28
400 6
729 28
374 24
85 11
280 24
905 44
739 10
822 9
858 19
714 1
544 15
754 47
955 32
973 13
832 17
158 33
507 7
553 19
862 46
29 32
240 21
675 19
613 39
986 43
154 24
695 40
64 32
276 13
742 11
946 36
496 22
38 29
466 34
530 32
741 23
542 1
301 17
397 5
577 26
601 6
616 38
772 19
175 8
433 9
944 35
14 43
684 9
848 1
415 9
826 19
598 32
349 47
418 26
473 15
602 38
561 43
222 24
543 40
398 16
824 28
165 45
677 4
126 31
705 47
660 48
956 35
404 15
238 42
420 12
831 2
977 13
879 43
450 46
342 47
114 4
761 25
746 13
190 17
933 8
233 10
587 41
444 22
953 40
44 50
879 26
875 37
189 47
125 40
37 28
893 14
870 44
653 24
714 39
642 27
358 49
954 7
79 17
984 34
182 21
259 14
921 50
476 48
670 28
801 31
893 23
805 14
776 39
256 28
278 38
438 46
542 49
948 30
454 4
850 5
257 21
690 21
500 17
600 37
736 49
916 46
30 18
44 31
763 26
75 32
568 32
165 11
467 31
922 37
945 30
54 29
63 26
61 33
364 2
229 5
422 9
789 16
840 36
818 17
303 49
380 37
513 16
115 28
737 19
426 36
620 2
832 6
166 43
564 50
332 8
541 27
424 44
37 50
944 46
206 13
572 48
351 37
684 5
307 42
993 15
215 1
759 11
89 12
627 35
904 49
28 27
166 36
143 32
854 9
239 30
653 9
576 43
82 47
37 31
884 29
508 20
449 27
236 27
450 28
15 48
415 4
493 47
60 9
302 24
873 35
331 31
944 7
194 20
429 36
954 2
856 3
771 2
112 29
448 3
291 40
662 16
79 25
290 37
833 30
244 21
146 16
254 48
389 35
303 7
23 22
859 25
655 36
752 35
891 32
662 24
201 24
799 7
302 35
652 38
77 44
816 9
391 37
348 18
540 15
30 5
636 36
749 44
511 38
653 8
176 25
595 34
953 19
343 44
839 50
189 23
675 37
993 44
410 22
371 40
207 11
965 15
510 14
814 48
698 25
165 33
920 49
817 12
766 41
160 27
428 19
165 40
276 44
231 14
1000 5
267 30
508 36
217 34
646 45
1 32 5
1 549 7
217 549 5
32 551 10
56 549 4
327 551 7
523 551 5
374 549 3
1 444 5
457 551 2
309 549 2
444 839 1
444 599 1
444 561 8
549 795 1
282 599 1
367 561 7
262 561 2
241 549 8
1 687 5
371 687 10
795 861 3
32 619 9
32 767 9
1 486 8
138 861 6
1 240 10
129 861 10
324 444 8
683 839 6
735 795 1
1 583 5
135 444 6
561 595 3
443 687 8
32 402 5
30 767 7
1 43 1
839 852 7
378 561 7
561 699 1
32 370 1
131 861 7
172 561 3
141 595 10
109 595 7
786 852 6
418 861 5
402 607 7
195 861 4
561 845 8
291 861 9
556 687 5
425 795 8
245 861 10
128 595 9
552 607 7
711 767 3
86 486 3
607 793 5
444 582 6
32 759 2
135 549 10
193 845 5
492 699 4
579 699 7
207 687 3
362 595 3
439 607 4
32 193 4
39 370 4
39 619 7
1 708 10
160 582 5
444 699 1
759 861 7
1 109 2
155 599 8
605 852 5
599 827 7
370 708 2
235 402 2
215 607 9
179 193 8
313 561 2
613 619 5
230 845 10
627 845 8
203 861 1
32 517 1
687 713 6
95 486 10
240 801 9
482 845 8
299 687 6
145 793 8
167 583 4
742 839 1
32 302 7
676 708 4
507 582 4
402 472 4
32 471 7
444 843 3
241 861 10
43 101 2
486 579 5
193 704 1
426 607 8
549 616 3
851 861 10
317 583 4
21 109 6
375 793 7
101 338 6
103 471 2
161 486 3
193 849 4
43 348 8
35 607 9
423 582 1
240 276 7
304 843 7
434 444 5
338 535 4
302 461 10
149 616 2
87 767 6
43 838 3
76 402 10
43 490 1
486 882 7
32 540 8
547 713 1
185 240 6
338 654 4
259 699 5
93 472 3
384 444 1
534 704 9
490 548 6
713 849 5
370 535 8
317 599 7
197 595 8
57 402 8
32 417 2
749 838 5
276 584 9
490 675 2
180 370 9
101 834 5
472 505 8
579 791 5
315 845 10
63 101 6
392 795 10
292 517 9
104 348 9
530 687 3
471 688 2
40 348 4
38 193 3
561 884 2
484 687 6
505 658 8
607 652 8
302 838 5
256 704 7
72 839 4
354 472 4
465 845 5
472 514 9
551 599 6
258 486 8
382 687 4
1 67 3
158 514 10
32 218 5
30 535 1
654 811 6
514 676 4
32 442 2
67 516 9
504 676 8
320 704 5
669 811 1
240 535 7
679 861 4
60 759 8
485 882 5
43 832 5
505 523 10
109 885 3
639 884 4
8 885 1
505 556 9
332 595 2
311 845 9
338 815 10
739 811 9
538 556 6
427 652 10
125 549 4
490 827 7
43 560 2
481 767 2
306 834 7
443 514 8
560 761 7
95 832 8
274 619 3
652 719 2
370 526 5
67 387 5
627 882 1
90 370 7
489 839 10
472 793 1
140 551 2
842 885 1
676 857 1
448 852 5
177 490 6
82 767 2
442 838 6
417 493 3
759 765 8
22 849 2
489 582 10
218 468 8
680 843 2
527 885 8
444 497 10
77 845 9
32 665 4
168 884 9
52 839 4
468 869 8
456 486 8
364 583 1
64 688 2
324 839 2
733 843 3
535 772 9
328 838 5
807 885 2
409 827 5
834 860 1
493 726 4
457 708 2
607 865 10
148 240 6
251 490 1
468 475 2
281 561 1
115 885 5
276 805 2
798 869 3
283 584 4
161 827 6
163 560 2
32 392 7
704 717 10
214 486 2
392 436 9
599 645 4
444 571 2
849 861 1
88 865 5
392 608 7
340 493 1
492 801 9
505 526 8
1 557 9
2 490 10
207 805 1
506 759 9
32 583 1
289 468 8
438 815 1
583 762 10
468 672 10
228 832 1
556 876 3
139 240 4
112 417 7
211 579 1
176 834 9
805 812 1
32 57 8
461 514 2
193 875 7
171 665 6
719 875 9
115 849 9
429 832 8
570 759 1
830 845 8
97 843 9
77 875 5
485 708 5
218 492 8
654 864 6
262 849 9
629 885 3
680 865 5
44 348 10
10 619 2
15 665 9
708 882 5
123 595 4
561 851 8
46 218 4
327 654 2
444 655 3
579 837 5
276 600 2
387 420 1
240 302 2
540 752 6
463 726 5
584 726 5
322 815 6
805 808 1
593 676 2
41 607 4
302 422 6
493 557 7
439 759 7
523 630 1
719 803 8
22 803 3
535 853 4
59 882 4
361 676 8
406 861 1
540 743 7
317 468 9
103 832 3
101 859 8
51 832 10
213 869 6
630 779 1
279 392 3
367 851 2
436 788 6
398 442 2
341 517 2
517 810 4
598 845 6
240 763 1
220 338 8
549 600 1
387 637 10
208 743 2
746 865 5
90 387 1
109 544 2
23 761 7
18 839 9
540 782 3
492 587 4
125 687 8
796 875 8
520 865 9
505 715 2
154 422 3
658 711 10
293 885 8
490 574 4
158 717 7
725 838 5
101 623 4
543 884 9
526 859 8
523 758 1
661 711 2
88 514 8
207 849 1
717 832 5
431 812 10
320 726 3
442 528 3
713 740 9
1 672 9
302 754 9
595 700 10
38 761 7
627 834 5
229 861 4
244 571 10
183 832 7
276 413 8
399 884 3
492 734 2
251 616 8
143 812 6
584 675 10
752 885 2
575 876 7
132 420 5
443 743 6
508 811 9
398 815 5
670 852 3
413 638 4
556 699 10
416 767 3
571 675 4
353 549 9
148 582 10
549 700 9
803 817 5
348 407 2
138 652 3
29 557 3
184 876 10
574 882 9
160 815 7
582 717 4
549 794 5
584 882 9
296 658 5
116 468 2
213 763 5
196 810 9
256 630 3
200 672 8
402 711 7
739 805 5
127 240 1
676 849 9
299 860 3
189 218 8
303 619 2
358 560 10
1 629 2
446 838 9
228 517 7
370 439 1
255 630 8
365 402 3
216 715 10
444 709 6
544 883 2
637 829 1
488 779 9
57 235 10
582 616 9
323 859 10
152 672 4
362 608 10
373 817 7
157 726 7
235 870 6
526 828 5
284 535 1
482 717 5
248 885 4
522 699 7
403 884 4
439 792 8
587 629 4
75 815 2
607 749 4
328 713 5
324 676 1
489 688 7
305 540 9
6 57 8
685 851 1
25 704 5
176 655 9
471 556 9
385 838 10
343 442 10
1 264 8
493 791 4
57 864 2
548 665 2
655 722 2
36 765 6
623 655 2
3 584 8
439 451 2
388 407 3
59 815 10
30 497 10
579 816 10
1 539 7
263 461 4
374 571 4
440 759 2
648 758 6
163 779 9
163 759 2
719 750 5
85 861 5
528 867 4
302 477 4
623 762 10
553 749 5
43 258 1
43 582 7
203 717 8
607 888 2
186 505 5
48 451 4
205 413 8
147 638 9
404 839 10
557 619 6
512 584 3
284 623 3
387 395 2
497 662 1
456 700 4
231 544 7
75 734 4
40 517 4
788 799 8
486 638 10
864 869 10
718 853 3
440 551 9
595 843 6
101 474 7
439 851 6
413 884 10
91 815 3
652 850 6
116 540 4
5 834 8
523 849 4
527 540 10
751 803 9
749 853 2
443 795 6
193 810 8
166 444 9
637 849 10
468 769 4
379 704 3
11 258 3
243 535 9
141 810 2
240 549 8
817 884 7
720 860 10
109 360 9
461 687 8
98 608 2
180 662 3
719 767 4
213 561 4
657 711 2
709 812 5
218 285 2
684 811 6
442 604 4
445 769 5
540 746 2
276 754 6
109 518 2
492 695 3
245 708 9
72 713 5
583 882 7
449 811 1
556 828 4
346 850 7
348 590 2
679 734 2
82 838 10
325 711 9
267 475 5
399 711 5
637 666 1
235 867 5
106 719 3
178 734 9
181 762 8
715 777 7
388 860 4
276 395 5
406 876 6
462 699 7
99 817 9
496 676 1
329 549 7
686 782 10
142 752 7
700 719 3
267 700 2
1 362 3
195 777 1
143 574 10
337 765 5
802 850 2
704 816 9
97 805 4
9 772 9
779 851 3
622 713 8
655 850 1
166 843 2
338 868 2
235 815 2
179 812 9
280 715 10
21 486 4
557 647 3
276 626 4
502 662 7
169 551 9
468 599 7
3 590 8
665 886 6
788 888 6
310 852 5
19 767 7
215 497 9
416 838 2
111 240 10
297 750 3
662 833 8
14 475 5
32 627 1
97 652 10
411 699 2
179 338 3
608 778 9
86 652 7
126 837 8
598 772 10
402 650 1
463 743 2
580 810 8
362 472 8
266 808 2
471 828 2
529 828 10
535 887 10
349 708 9
633 767 1
730 754 1
176 865 5
861 869 3
544 549 7
392 629 5
518 548 4
34 803 2
323 526 2
67 217 8
120 623 6
235 369 8
67 807 4
439 868 8
442 795 8
111 868 2
223 584 3
176 799 8
254 839 8
328 837 3
584 667 3
417 700 4
436 696 8
43 586 3
129 750 1
799 815 8
518 817 2
43 848 5
457 861 10
228 240 6
228 805 5
38 109 4
221 868 3
214 276 7
861 871 6
856 888 10
443 883 10
729 811 1
442 495 3
589 595 6
306 348 1
577 885 3
93 392 9
1 101 7
79 816 1
75 658 4
37 860 8
149 869 2
461 528 4
140 516 10
209 369 8
245 627 4
560 739 6
395 817 5
296 619 8
8 587 9
264 751 8
719 749 1
525 782 4
630 845 2
795 817 8
475 534 9
235 352 1
420 438 7
245 871 7
475 490 6
115 360 7
773 857 4
186 495 6
110 436 5
807 831 7
234 417 10
577 805 6
749 827 8
497 571 6
348 845 2
348 466 9
515 699 10
363 849 6
14 752 1
3 662 8
420 856 2
67 232 8
587 870 4
348 882 5
384 587 5
670 834 10
151 843 10
147 853 10
590 632 7
220 772 9
397 583 9
493 825 2
472 481 3
67 647 3
236 442 8
193 768 8
693 848 7
182 666 9
52 803 3
477 672 5
194 808 1
264 658 10
93 650 4
148 444 2
331 477 7
803 880 3
295 779 4
260 451 3
478 887 8
330 549 1
788 801 5
124 763 3
193 371 6
526 674 2
102 801 7
129 523 8
447 675 7
527 619 2
794 849 8
580 794 5
352 510 10
209 799 10
681 887 4
370 425 10
178 803 5
631 676 7
217 407 2
264 466 7
276 382 7
272 557 10
704 843 8
784 852 8
217 471 1
242 369 7
607 829 8
101 817 1
207 492 3
31 833 3
417 449 9
317 758 4
619 650 3
547 687 4
510 759 5
690 850 4
270 875 3
528 745 4
164 865 1
109 516 1
619 710 9
304 413 2
403 595 2
623 699 8
574 625 10
626 794 4
439 677 8
373 750 2
362 658 2
440 535 5
523 827 2
558 608 1
517 667 7
551 616 3
652 817 8
588 616 4
670 882 6
291 676 5
112 674 6
402 812 2
133 805 9
81 560 10
29 505 10
655 878 2
653 674 7
297 878 1
815 871 9
114 688 6
768 850 7
336 417 9
762 765 2
352 515 1
249 420 9
207 461 7
520 695 9
681 827 7
413 701 8
239 878 3
268 788 4
518 700 9
776 865 1
237 626 2
76 362 6
607 828 10
338 629 4
383 867 2
561 835 9
92 772 5
845 876 8
45 699 10
493 732 9
735 765 9
408 490 7
73 888 3
699 834 7
392 473 5
162 837 3
233 395 3
112 402 7
583 626 9
587 738 1
514 652 7
1 341 2
514 813 7
145 696 6
21 595 1
699 826 9
237 717 10
87 769 5
688 868 7
273 655 5
348 663 10
87 717 7
495 717 9
76 574 6
263 845 3
655 736 7
304 371 6
517 754 6
434 884 7
613 782 10
433 849 1
439 772 2
547 665 10
426 845 4
466 745 4
425 588 10
440 717 1
17 743 4
144 817 3
492 845 1
475 679 3
805 856 1
748 851 2
326 579 3
507 666 3
345 888 9
51 526 7
736 818 3
203 665 2
548 745 2
89 461 4
285 665 2
745 755 5
653 754 6
561 571 9
52 556 4
474 769 9
94 193 9
269 865 10
442 833 9
439 832 5
543 825 4
62 715 8
240 768 3
300 645 3
217 778 8
120 193 8
16 556 3
232 816 9
228 514 8
118 746 6
43 208 4
109 471 9
514 846 8
293 517 2
571 598 3
180 676 1
127 816 10
578 582 1
396 658 6
232 348 6
264 756 10
370 688 6
490 766 8
486 808 7
539 621 3
624 779 9
404 779 7
282 449 2
675 767 5
481 845 1
187 590 1
539 662 6
732 830 4
631 708 5
489 772 9
373 831 3
544 696 4
175 574 2
95 579 10
126 637 4
438 595 2
370 551 10
238 466 10
370 696 3
425 434 7
474 486 5
645 699 2
210 672 2
473 853 1
345 777 2
84 666 4
258 397 4
208 518 1
246 425 9
299 754 9
289 461 5
123 750 10
438 728 1
525 868 5
197 679 10
765 769 2
308 739 6
588 770 10
37 835 9
137 884 5
294 665 5
175 736 2
145 240 4
672 870 8
56 451 3
828 878 8
677 881 8
163 761 9
660 861 9
90 732 2
621 632 1
646 831 3
486 829 5
833 886 5
540 688 1
362 516 10
657 758 5
483 663 8
72 608 9
285 493 7
119 746 2
497 596 5
152 193 6
590 793 10
359 472 2
452 468 7
390 461 3
145 815 1
495 812 8
