821 1000
185 2
773 47
89 37
919 25
938 30
210 42
861 14
742 6
174 1
421 18
794 15
674 25
904 47
105 9
593 36
1000 13
694 44
759 17
160 36
290 10
6 33
291 3
220 5
813 16
330 11
825 21
72 30
93 25
716 20
544 39
37 1
705 33
566 5
950 4
984 8
40 45
651 2
565 28
769 12
59 43
208 9
651 33
24 44
817 4
349 11
793 21
529 4
668 46
837 24
592 32
328 6
98 21
781 41
436 12
143 7
743 39
872 2
761 16
404 24
727 10
944 5
400 4
265 43
475 18
905 29
583 41
113 35
255 49
710 45
772 10
988 5
58 34
720 39
906 46
160 49
472 43
812 6
91 10
420 14
121 50
390 50
553 48
766 12
655 11
602 18
99 27
740 50
403 39
526 39
431 35
355 5
845 50
828 35
225 45
55 12
288 36
798 15
83 43
370 28
183 10
568 29
880 23
86 7
356 25
303 22
788 9
238 24
795 27
418 18
918 9
246 17
79 5
643 24
139 50
74 9
269 11
472 25
318 33
35 50
552 30
554 47
337 27
232 1
960 32
697 15
886 20
371 16
164 29
415 24
355 45
900 24
999 21
468 35
359 7
330 18
970 1
688 38
591 41
196 28
397 7
642 5
476 30
550 44
848 10
745 16
975 16
16 18
954 24
897 43
672 2
965 47
224 2
341 1
84 16
823 29
590 25
773 13
404 37
722 5
532 27
213 34
785 23
230 23
375 10
530 13
50 2
408 38
497 18
619 36
222 30
372 20
544 43
809 31
390 16
399 29
372 23
478 27
365 41
287 44
615 25
344 32
174 31
724 8
456 21
55 12
117 16
853 4
782 31
222 10
976 11
931 48
368 16
483 21
891 47
257 43
69 16
369 21
779 4
569 39
789 6
141 33
685 2
451 36
948 48
925 13
953 44
91 42
797 6
433 13
58 29
473 48
426 2
371 19
403 43
949 20
133 3
533 15
919 18
652 8
117 22
759 22
772 13
856 22
63 21
580 8
275 10
268 47
719 29
677 43
128 44
201 48
869 17
967 43
404 41
220 13
697 20
815 29
303 34
453 44
332 21
894 3
701 6
481 7
496 5
334 38
301 19
605 24
64 22
559 30
272 18
750 46
756 16
474 28
856 24
770 31
119 6
876 20
944 15
855 25
595 34
867 2
150 16
231 19
445 6
562 8
541 9
851 17
397 10
306 6
774 35
925 31
1000 6
256 10
547 27
220 27
493 9
352 12
904 1
846 15
594 6
256 6
296 15
100 9
90 29
669 1
673 26
380 16
746 20
732 6
476 49
959 18
835 6
125 8
714 16
7 39
880 28
155 6
924 32
333 26
689 43
895 26
688 33
522 11
799 30
988 4
769 31
657 45
66 36
478 4
910 36
926 46
448 30
177 27
910 27
742 14
862 4
628 11
172 31
114 4
625 43
968 43
319 39
850 34
672 45
518 32
277 40
644 21
922 48
16 49
581 19
951 4
280 12
111 42
741 44
295 40
354 12
76 14
268 23
468 14
861 13
752 6
552 31
291 8
686 17
6 45
761 27
362 8
983 43
556 8
22 23
835 15
546 7
557 28
570 16
36 21
87 25
417 34
406 8
97 25
614 10
324 32
111 20
40 11
6 44
745 18
978 43
176 5
369 23
865 2
672 31
296 20
31 15
274 38
231 46
921 49
835 7
819 20
144 33
147 38
133 49
588 43
435 5
43 32
916 32
400 32
416 31
865 13
661 16
662 22
207 22
572 16
53 16
174 6
51 31
427 20
828 25
489 24
940 24
723 47
751 34
554 2
538 25
650 49
340 9
271 4
611 27
712 30
524 50
953 26
659 42
127 24
4 41
540 23
302 9
694 42
872 37
507 13
511 40
229 12
748 5
651 23
80 25
816 49
499 38
481 3
572 46
253 48
160 10
646 21
20 12
724 18
740 50
65 29
664 25
273 7
14 11
202 17
777 1
986 48
515 37
911 43
524 9
696 17
16 32
357 11
436 4
542 27
986 33
261 37
541 25
922 34
154 39
349 44
93 41
385 2
738 15
2 12
136 49
824 40
400 27
976 13
219 19
144 3
683 22
682 32
598 23
620 25
131 47
562 15
897 50
904 8
650 25
681 48
256 23
291 15
890 34
695 49
368 14
710 37
120 16
469 4
75 32
209 10
748 48
848 12
62 50
971 41
304 19
508 12
434 26
120 21
995 49
145 37
381 12
148 11
804 38
364 6
504 36
29 7
289 14
590 44
383 36
595 29
735 46
14 10
864 32
587 45
748 27
778 41
418 36
322 40
577 22
542 20
235 45
399 25
25 26
62 10
694 9
449 24
69 33
996 44
159 35
877 34
699 42
734 20
225 14
779 37
839 26
582 26
847 2
398 1
333 8
717 25
258 50
306 29
993 29
606 48
238 50
890 30
368 21
663 46
815 21
703 48
399 8
589 25
441 16
454 11
300 8
892 21
124 50
748 34
803 29
932 7
851 29
373 22
427 12
477 24
892 4
816 36
264 29
28 3
170 3
458 4
820 8
215 43
785 14
190 37
766 26
992 23
730 2
735 38
911 36
792 23
110 26
822 5
112 50
855 13
719 8
451 27
644 2
815 40
205 13
819 1
638 24
371 23
984 31
286 13
530 21
377 6
594 25
299 30
301 9
706 49
130 14
160 15
403 13
519 18
259 40
369 29
309 15
881 35
507 26
597 47
295 48
456 12
240 16
92 39
878 4
64 1
990 4
909 2
207 20
630 48
693 5
428 18
486 35
386 30
302 17
510 39
334 22
63 31
759 35
371 22
33 13
544 13
595 18
537 29
492 34
975 36
141 44
702 27
186 21
674 28
274 39
527 4
370 40
311 42
911 22
945 3
510 30
698 34
850 36
111 29
699 32
314 4
467 9
872 40
728 12
482 39
581 32
848 32
353 44
469 38
248 22
578 13
364 25
166 45
208 15
806 46
710 45
45 5
230 8
253 29
505 12
161 46
90 1
38 25
58 48
344 17
998 21
674 48
410 5
137 29
187 37
126 25
680 46
376 41
280 35
563 40
107 38
528 29
68 29
811 39
1000 20
429 49
139 11
721 36
789 15
55 9
154 4
868 20
164 36
263 36
101 42
806 30
585 12
381 28
415 26
638 11
938 38
991 34
723 47
456 42
687 16
124 30
415 28
526 30
584 34
541 36
371 42
685 16
949 11
140 7
488 5
843 23
78 42
937 47
650 41
114 39
517 47
661 6
44 22
317 29
251 37
272 17
615 45
578 31
755 17
496 3
11 41
457 39
93 41
60 1
427 37
322 43
87 31
538 34
547 17
256 28
165 7
589 27
634 3
769 47
460 40
306 13
132 29
82 39
655 10
739 30
800 34
800 9
629 36
881 5
726 3
909 39
703 48
39 13
648 22
49 43
873 23
325 40
746 41
973 24
241 38
118 39
871 26
670 43
428 14
552 49
624 1
574 48
763 5
259 39
750 16
404 45
886 25
572 26
402 48
341 7
847 10
553 23
889 26
155 36
793 7
108 13
443 5
261 38
288 1
11 38
739 24
229 46
970 49
98 2
317 48
769 11
668 39
165 38
358 10
819 40
150 8
734 2
373 18
512 34
709 19
726 7
828 15
649 43
15 45
861 35
898 22
144 46
889 9
370 20
941 12
923 38
23 7
459 12
385 40
712 7
432 22
39 20
1 674 1
327 674 6
1 524 10
1 134 8
365 674 4
134 385 6
1 222 5
134 743 8
1 391 9
73 391 10
222 386 8
499 524 4
222 422 2
385 800 7
423 743 6
422 437 6
222 450 4
263 437 3
134 293 7
134 160 1
761 800 8
385 683 4
385 567 4
222 588 2
524 754 2
524 621 6
333 754 9
160 590 7
524 803 1
536 800 4
248 743 2
491 590 9
437 518 10
56 450 2
14 450 9
385 726 1
1 692 9
111 386 2
134 778 4
385 679 5
437 584 4
150 567 3
281 692 2
524 638 6
156 778 9
655 803 6
318 726 6
370 778 7
589 754 3
524 814 10
36 222 9
134 761 9
285 518 10
563 754 2
131 584 8
334 761 3
494 743 8
55 726 9
679 768 6
585 743 4
180 588 4
643 743 10
588 633 7
450 748 4
157 754 9
204 814 8
257 450 2
685 803 7
47 450 2
168 437 3
98 814 9
543 621 9
73 524 3
588 778 1
134 261 4
44 692 6
674 692 10
310 768 4
503 621 3
347 638 3
491 778 9
732 768 3
103 588 4
386 553 10
73 638 6
754 814 10
621 641 3
370 726 7
450 771 9
323 590 10
266 778 5
374 588 8
379 743 10
439 567 9
122 803 4
1 49 3
3 590 3
45 222 1
82 422 4
373 771 5
100 683 5
518 679 6
518 571 2
368 590 3
359 683 10
576 590 6
96 800 4
385 666 2
617 743 5
49 117 9
222 497 10
771 801 7
190 553 6
621 750 5
575 641 5
170 674 2
172 450 9
663 743 9
284 437 9
174 497 1
230 437 3
541 633 5
121 385 9
476 679 3
530 633 3
773 801 2
483 638 2
754 800 4
542 726 6
148 160 6
248 518 7
222 821 7
651 803 7
293 370 3
137 497 3
81 821 1
81 748 8
112 386 7
559 641 7
128 621 4
422 776 2
521 771 4
129 518 2
739 743 8
729 801 8
508 567 2
679 808 3
530 800 3
193 524 5
461 571 8
589 808 6
697 768 3
571 679 1
349 386 3
117 808 9
103 450 5
493 743 7
291 370 7
630 803 6
450 538 4
135 518 8
460 778 10
160 230 9
450 525 7
261 482 8
52 808 8
550 743 6
85 761 7
200 801 10
436 778 8
49 71 5
437 612 2
518 738 9
436 776 5
215 814 9
49 250 3
23 800 4
261 730 10
573 588 9
734 808 2
422 608 3
633 771 4
702 768 6
683 738 1
538 715 5
192 738 1
331 567 7
117 795 3
61 391 9
103 538 3
776 786 5
289 590 4
227 786 7
64 590 6
216 715 9
160 510 6
424 538 6
117 471 3
321 800 10
411 730 9
531 612 4
71 293 7
35 778 8
800 812 10
460 786 1
81 771 1
588 695 5
416 510 2
93 695 8
679 804 1
391 689 7
497 610 10
768 782 2
694 750 3
230 668 9
325 668 6
18 525 5
146 795 10
1 361 2
102 761 8
377 782 7
1 414 7
201 786 5
588 649 1
695 814 2
513 782 3
250 633 7
419 641 5
253 293 5
117 303 8
391 685 8
422 436 10
649 815 9
472 768 5
597 689 3
21 692 10
471 518 1
131 738 2
616 815 7
53 293 9
665 782 10
388 726 7
216 471 8
414 491 6
538 757 7
607 685 8
296 482 3
795 799 5
466 743 9
114 649 4
743 805 3
553 735 4
470 571 10
127 649 2
695 766 8
5 553 9
337 692 1
682 801 10
351 808 2
706 730 9
638 661 10
93 386 4
48 750 5
409 414 1
110 436 10
325 761 6
240 553 1
612 619 4
512 638 2
233 821 4
328 715 9
70 385 8
239 726 1
101 689 6
117 148 2
473 735 1
202 799 1
754 815 6
588 718 1
455 695 3
283 584 4
263 414 9
710 738 2
493 782 5
336 674 10
230 317 1
452 786 6
387 726 9
563 805 10
515 608 1
201 679 5
61 748 4
69 471 2
525 604 9
704 821 2
726 803 10
160 207 8
205 482 7
222 512 8
117 510 2
608 749 10
590 735 1
145 689 10
320 510 4
330 497 7
204 795 8
511 782 9
91 749 6
386 809 2
779 809 5
491 689 6
71 510 2
527 778 10
356 386 1
259 801 3
275 809 4
643 782 9
153 571 1
190 695 9
350 571 6
376 610 1
71 493 3
210 801 10
223 766 3
407 795 2
597 815 10
634 801 2
398 718 6
68 512 10
142 771 10
71 745 10
340 361 2
681 738 3
448 730 2
524 787 5
148 800 8
199 805 4
656 668 10
10 743 2
84 718 6
12 804 4
309 804 2
303 623 5
321 786 1
338 805 1
369 668 9
627 805 3
222 599 7
414 735 5
316 743 7
205 804 1
190 808 1
303 573 2
79 809 1
163 761 3
165 525 3
35 799 1
713 748 1
37 590 10
1 493 6
23 482 4
605 768 10
118 437 9
450 490 2
222 347 7
83 766 2
291 726 6
610 792 9
520 641 5
649 730 4
317 784 5
317 753 4
483 748 3
293 782 6
573 718 10
490 666 7
553 757 8
610 770 7
633 694 4
71 111 6
289 491 3
512 735 9
493 805 3
207 629 9
673 792 8
56 612 4
332 588 4
650 800 5
563 814 10
791 805 10
430 784 4
245 766 1
278 745 8
113 590 5
164 776 5
250 787 6
571 779 3
66 674 8
371 771 1
614 621 6
16 490 2
319 437 6
49 621 1
148 205 10
644 749 9
134 244 10
194 567 8
117 355 4
263 391 6
303 557 6
216 482 9
432 633 4
78 754 3
111 625 6
386 537 6
160 701 3
89 497 8
609 786 4
761 820 8
134 635 2
206 355 6
303 524 3
385 584 9
613 726 6
414 809 1
167 784 6
1 643 6
641 657 3
640 757 6
599 642 3
725 809 1
397 812 6
83 679 1
629 815 5
92 726 5
596 778 9
333 510 7
510 792 7
608 736 2
71 79 10
436 475 3
62 792 9
258 814 7
71 485 4
682 805 3
134 315 3
199 784 10
110 809 4
361 498 8
338 485 4
282 386 5
724 820 7
1 217 9
280 450 3
76 436 2
510 716 5
414 420 4
536 674 3
260 422 10
641 683 8
414 709 3
490 809 9
221 638 3
758 786 8
117 482 7
117 464 6
680 803 2
558 666 6
537 699 7
624 668 1
64 633 8
160 508 4
742 749 1
244 289 3
449 808 8
205 512 6
361 568 9
108 815 10
117 171 2
425 730 6
516 623 3
79 542 7
396 821 2
427 801 8
317 386 8
137 805 10
1 689 5
526 787 5
523 800 6
493 808 4
192 726 2
481 537 1
303 666 2
410 485 10
153 701 7
485 623 10
114 787 8
83 171 3
409 485 4
568 608 3
612 694 2
110 524 10
217 704 7
563 735 4
17 641 5
612 652 6
553 653 2
138 782 1
293 405 6
160 283 6
146 745 10
347 768 9
475 747 8
119 745 9
578 695 5
8 674 5
409 464 9
481 692 1
538 786 1
414 475 7
21 608 2
77 217 6
282 695 2
517 800 6
271 643 3
172 315 8
495 610 5
246 735 7
149 490 9
713 786 3
440 590 2
385 769 4
197 694 5
420 617 10
347 778 7
334 803 3
538 804 9
315 467 9
71 106 9
394 666 6
194 315 9
87 385 1
75 761 9
122 621 8
283 538 3
277 588 9
134 259 7
117 280 1
655 771 7
809 818 3
280 482 3
179 809 5
78 584 1
592 805 2
218 599 8
258 386 1
542 673 7
318 568 1
545 653 8
398 683 2
215 776 3
183 757 4
731 769 6
111 570 7
661 727 4
283 573 4
1 694 1
461 716 1
491 747 6
276 571 3
493 689 9
438 800 5
703 718 7
175 786 7
280 645 9
73 414 1
119 355 10
604 795 1
315 812 8
521 821 4
345 518 2
268 542 2
608 702 3
383 584 10
524 529 9
10 436 2
722 738 5
366 754 7
39 437 8
203 735 1
96 608 4
84 361 1
22 638 7
754 773 10
253 773 2
545 782 8
461 666 2
142 679 9
428 769 5
75 437 1
543 795 4
679 696 7
221 778 4
138 709 10
380 699 3
49 274 7
566 612 5
506 599 7
542 753 9
613 821 3
542 544 1
151 786 4
136 704 9
401 685 2
379 610 3
33 524 3
279 718 9
391 573 9
315 550 3
559 689 2
274 750 8
82 171 5
588 812 2
555 657 5
392 405 5
20 747 7
31 244 6
3 757 3
210 621 5
353 716 1
770 784 2
467 542 10
652 744 5
112 701 3
108 745 7
302 604 4
36 464 9
525 754 6
192 770 7
391 664 10
130 617 2
570 678 4
73 160 10
148 809 6
421 709 6
476 768 4
274 758 7
668 728 3
71 776 5
267 821 5
699 819 8
252 542 10
450 785 3
284 678 4
323 599 3
2 726 1
547 621 5
136 679 3
171 820 10
701 808 4
182 207 1
571 619 7
524 729 1
38 812 4
119 217 4
110 599 2
325 718 3
289 538 9
19 524 4
244 563 1
482 528 7
171 763 5
627 689 4
322 617 6
373 795 2
542 718 5
178 590 6
434 787 6
171 666 8
287 728 5
622 709 9
560 623 3
527 537 1
172 405 7
168 766 7
387 736 10
578 653 3
233 745 3
277 604 8
590 766 7
619 770 7
27 787 9
743 748 7
197 763 2
428 643 4
544 712 10
497 673 1
238 619 6
317 603 5
258 652 8
160 719 6
603 736 10
257 638 1
262 420 10
117 726 1
50 770 9
557 815 7
471 637 8
230 512 2
273 274 6
283 512 2
207 679 8
242 773 6
315 355 1
92 800 5
220 757 4
535 753 7
436 473 6
573 691 7
55 473 8
642 747 4
59 612 9
222 674 8
736 803 6
261 686 9
250 799 8
664 686 8
261 454 3
547 766 1
253 557 5
8 303 10
506 642 3
567 722 4
414 445 2
496 668 1
222 345 2
190 491 7
1 506 1
677 679 10
420 740 3
330 715 8
230 405 3
602 750 9
406 525 8
550 748 10
459 692 7
508 662 5
274 414 8
91 702 6
198 230 10
213 699 7
725 814 9
239 758 4
231 738 7
497 580 1
542 623 2
716 766 7
454 536 4
160 374 2
467 679 9
702 811 9
107 792 9
150 244 10
33 148 1
330 374 7
34 490 8
48 695 5
283 628 7
422 521 7
629 785 2
456 542 6
501 525 1
4 638 9
174 482 10
205 226 7
293 672 6
267 528 3
100 623 2
640 679 8
71 248 8
516 625 3
427 498 3
1 139 3
336 657 9
377 642 4
46 715 2
71 748 2
260 528 5
154 567 1
163 464 10
154 744 6
691 753 1
574 727 3
318 808 5
600 799 7
453 679 6
43 685 10
256 571 5
512 588 6
708 757 6
371 633 8
1 145 3
715 773 4
217 614 2
1 167 2
18 743 3
642 784 2
19 280 9
626 804 8
207 480 1
699 795 9
5 657 4
413 590 7
270 778 2
288 778 6
385 626 1
389 563 10
116 361 6
51 800 7
244 350 9
610 652 4
71 455 2
491 702 3
60 464 9
348 584 1
344 701 5
212 454 3
438 491 2
608 704 3
465 498 2
531 803 6
535 679 2
216 538 10
117 693 8
550 595 8
563 666 9
528 618 4
480 617 4
39 727 5
317 672 10
643 749 5
43 205 9
679 748 4
120 573 2
200 248 10
115 803 9
437 484 2
2 303 10
677 718 1
315 674 1
230 250 9
49 737 4
497 543 6
73 385 9
452 528 3
226 573 2
159 289 6
409 524 1
389 573 1
542 684 6
485 510 7
117 771 9
648 809 2
64 693 9
536 575 1
370 773 4
498 796 4
45 480 2
347 688 10
261 521 8
171 531 7
185 529 7
374 735 5
433 736 5
668 716 3
214 799 9
485 704 9
524 598 3
376 623 6
314 770 6
303 626 5
48 436 7
325 512 3
617 619 1
672 761 8
186 350 2
251 678 1
403 498 4
203 784 1
79 629 5
676 815 8
385 659 2
591 757 8
320 766 2
336 695 9
50 480 4
365 729 1
315 686 8
663 694 10
7 782 10
17 683 5
340 570 4
723 753 1
459 480 4
155 769 9
56 361 3
156 570 2
309 524 4
454 583 9
36 274 3
359 422 1
542 656 7
500 749 7
162 758 9
381 604 10
473 587 5
250 688 6
283 798 8
484 779 10
59 450 4
145 599 3
293 420 1
261 385 9
482 746 1
454 808 8
96 659 6
329 608 7
216 537 10
512 672 7
757 796 7
575 664 3
309 518 10
235 454 4
89 455 9
637 736 9
778 802 8
630 784 7
222 491 10
347 669 9
498 702 2
214 550 9
196 538 9
405 784 3
49 447 3
366 385 6
226 254 8
357 645 6
117 293 2
729 821 5
206 437 8
728 770 7
367 510 3
497 549 6
10 769 5
270 471 10
377 768 10
537 693 10
279 814 4
139 386 10
421 729 9
11 666 3
189 656 6
447 732 10
688 796 4
434 689 5
495 719 3
432 704 8
385 639 1
213 639 7
181 623 7
47 610 9
220 787 6
20 610 7
425 471 8
614 673 6
293 702 3
209 557 7
237 712 2
405 672 3
7 49 10
405 517 4
551 588 4
319 385 5
271 688 2
248 603 10
431 635 4
715 719 10
436 685 6
187 482 3
209 718 4
38 668 3
469 614 5
97 736 1
222 454 4
504 728 6
595 727 10
746 773 7
426 549 1
177 727 4
80 766 1
