305 1000
358 17
40 31
733 21
418 34
812 36
813 2
818 25
880 47
634 23
594 32
405 37
569 46
937 21
452 26
864 6
755 19
744 41
702 8
173 1
216 35
550 24
460 21
935 5
469 20
326 47
784 25
916 13
970 2
770 5
732 45
903 47
833 9
758 4
805 46
210 45
729 46
709 11
227 4
686 11
28 28
954 31
310 6
434 50
841 47
643 1
247 4
560 41
74 29
181 46
930 5
331 45
552 49
580 43
874 48
242 28
342 13
315 15
509 39
917 6
3 40
626 3
998 8
379 29
837 13
132 16
757 5
62 37
866 1
61 13
995 9
423 37
317 6
649 25
726 11
672 46
706 1
58 10
655 4
917 15
879 39
241 50
151 29
156 9
973 7
148 49
435 32
895 26
363 20
431 36
770 40
446 20
796 3
262 1
965 28
144 43
89 21
960 50
774 2
483 34
840 42
622 27
16 23
627 39
397 40
861 37
299 1
20 32
461 44
232 12
486 19
522 27
305 3
923 11
17 13
148 19
170 29
261 1
446 13
652 23
264 32
896 45
101 24
474 45
856 28
386 42
235 23
186 3
837 45
861 45
550 26
65 9
329 40
934 6
809 2
820 4
841 33
436 13
88 50
266 5
107 31
79 13
331 33
188 6
767 38
841 39
886 46
67 17
556 46
643 9
798 7
33 10
174 34
543 45
749 26
95 33
214 7
851 4
251 23
1000 26
174 20
334 13
524 23
403 35
702 20
284 36
899 8
286 2
684 9
551 49
678 46
878 19
942 41
492 16
270 46
984 31
112 7
514 24
844 35
804 38
58 32
115 29
893 27
870 44
23 47
228 7
566 47
132 17
339 29
109 42
846 20
816 22
785 15
242 31
473 32
904 5
480 42
442 1
170 24
847 45
397 19
230 17
185 18
392 36
987 10
387 2
947 19
854 31
794 6
140 22
686 43
695 27
139 16
432 42
628 50
974 2
581 27
14 24
222 33
615 28
861 15
206 45
426 41
367 36
904 18
409 42
913 17
628 48
478 30
754 9
449 39
128 4
478 21
291 17
100 47
314 12
838 28
868 35
555 20
690 39
698 29
170 15
549 3
786 1
627 27
949 27
828 20
177 41
22 13
657 40
954 15
699 38
855 40
325 46
394 14
824 46
676 22
656 9
239 25
781 1
996 17
585 11
575 45
487 42
258 29
434 24
282 38
739 25
976 43
144 41
718 11
487 49
234 16
773 6
695 36
507 3
702 34
70 35
13 33
960 44
172 33
296 30
562 29
112 4
5 33
119 26
872 7
256 6
579 37
250 32
898 38
347 44
35 4
963 50
530 12
269 37
562 42
978 30
676 23
73 12
157 49
594 2
916 15
901 42
15 33
734 42
1 226 2
1 275 1
1 220 5
98 275 9
206 275 8
1 16 8
11 16 8
202 275 1
69 226 4
178 220 2
16 82 7
30 220 3
275 279 8
16 239 1
82 245 6
1 265 5
239 248 2
127 226 9
100 279 2
106 245 5
16 292 5
69 239 6
137 275 7
101 275 3
1 141 10
44 141 4
1 90 2
90 184 2
225 265 5
82 180 8
157 292 5
268 275 3
54 248 4
184 237 8
16 72 7
169 275 10
54 226 10
67 265 6
184 244 9
149 244 8
58 72 2
239 262 6
245 259 10
179 245 5
177 237 6
184 302 6
226 239 5
146 245 4
52 259 4
23 244 3
48 90 5
82 270 5
90 170 2
83 90 10
136 226 10
82 192 2
209 292 3
89 220 7
90 214 2
17 141 3
16 60 7
154 192 5
137 239 1
38 248 4
132 262 3
206 237 1
90 154 10
70 248 9
90 108 3
154 180 5
170 201 8
170 207 8
90 173 2
64 302 6
190 292 9
6 141 3
90 196 10
114 279 9
143 292 6
100 248 8
69 270 1
90 224 2
82 254 8
57 270 8
154 190 8
196 270 1
292 302 5
60 232 8
166 265 9
166 262 4
26 220 9
107 214 4
296 302 8
145 154 7
60 223 5
182 239 10
210 259 9
170 237 9
99 223 4
48 184 1
83 196 9
37 190 7
230 244 2
260 265 3
64 244 10
60 138 4
207 262 9
173 223 8
53 184 9
81 170 3
122 223 1
139 292 7
25 201 5
1 180 7
45 196 8
180 305 6
238 248 9
108 113 5
195 270 10
217 232 7
138 155 5
77 190 4
220 258 7
1 282 3
45 302 2
1 183 5
229 275 8
129 201 5
27 82 2
209 279 10
1 106 4
210 292 5
239 305 3
117 279 4
73 248 4
19 262 9
173 256 1
211 256 7
72 201 4
104 258 3
190 210 5
66 282 8
6 173 5
72 73 8
240 279 8
1 34 6
19 254 4
275 294 3
251 275 8
156 220 5
196 272 7
254 294 9
11 196 10
220 263 9
254 272 8
66 232 10
100 180 7
193 302 1
183 282 2
124 239 5
205 223 5
115 270 6
99 254 8
141 219 9
106 232 6
34 102 8
53 82 6
52 270 6
154 210 7
103 226 9
140 207 2
72 239 9
51 292 8
10 245 6
184 305 3
197 275 4
203 214 6
102 241 10
173 232 2
154 175 8
141 301 9
226 270 3
252 270 8
107 241 4
112 301 7
22 244 1
198 282 10
252 254 9
18 226 1
5 265 9
7 196 5
35 196 2
210 218 3
72 100 2
72 92 6
157 275 2
104 294 5
63 279 10
13 262 8
60 102 6
56 262 6
89 210 7
183 263 5
270 280 2
150 155 5
183 276 8
123 207 9
16 268 8
45 262 5
43 292 6
139 239 7
11 224 7
16 148 1
177 305 10
142 275 6
95 219 1
183 196 7
128 301 9
107 292 6
41 90 1
7 72 4
184 277 8
244 285 9
141 192 1
102 179 9
138 190 8
1 216 10
184 260 5
149 270 4
170 256 9
219 254 3
55 219 6
232 302 1
102 299 2
100 290 4
164 218 4
237 276 10
68 305 5
195 196 2
265 272 10
90 216 6
60 239 8
44 148 4
190 284 7
138 228 10
262 301 8
191 260 5
146 237 2
34 150 5
38 175 7
177 254 4
166 201 1
37 216 4
210 244 10
20 226 10
208 228 2
57 106 2
195 220 10
60 216 10
32 192 3
103 216 3
21 214 9
109 237 9
70 220 5
106 199 2
93 284 9
180 230 10
131 184 6
183 295 7
223 305 4
106 241 3
38 73 2
260 284 5
87 232 7
92 137 5
187 199 3
27 183 5
214 292 6
2 263 4
263 290 8
138 245 1
137 268 6
228 231 5
226 237 8
101 239 4
207 301 2
155 294 5
196 213 3
155 249 8
36 184 9
160 218 9
249 280 6
142 230 8
110 302 1
216 270 7
125 294 5
123 260 6
38 210 6
202 248 5
74 277 5
60 162 9
234 276 8
1 206 10
47 148 5
164 201 7
248 295 2
192 212 10
47 245 10
59 302 5
8 275 7
23 150 1
228 258 2
90 208 7
259 281 7
154 212 8
206 289 2
170 234 4
11 263 5
77 301 7
95 201 5
45 263 1
207 282 5
226 286 1
87 270 8
162 174 3
101 108 4
120 234 9
154 207 9
258 286 1
29 179 6
142 282 1
201 212 8
15 237 8
213 303 3
214 219 5
143 148 2
127 299 5
148 230 1
41 113 2
194 270 3
64 234 10
232 272 4
213 223 10
32 286 6
102 141 3
164 258 7
218 239 4
296 301 5
113 117 3
65 256 3
175 223 8
60 106 10
117 256 9
102 279 2
49 212 2
158 216 9
192 277 5
212 220 9
155 212 10
241 265 4
14 239 7
17 286 5
164 199 8
76 275 6
113 148 7
72 95 6
256 260 3
42 220 3
16 208 6
52 137 10
100 270 3
75 260 7
179 276 4
131 210 4
98 196 9
1 53 5
297 299 3
236 275 2
16 85 1
165 231 7
85 229 8
161 285 4
26 245 4
16 303 4
88 276 7
61 173 9
206 207 5
26 173 10
57 268 8
116 219 6
41 224 1
99 262 10
201 275 4
138 151 7
171 303 1
245 290 8
44 231 8
85 233 4
88 212 8
175 245 10
133 229 3
175 206 7
149 213 6
85 133 3
180 280 4
198 208 7
184 231 5
82 214 6
228 238 5
99 230 4
241 276 9
126 279 3
128 286 9
118 284 10
42 174 7
173 276 3
179 201 8
90 281 10
71 113 9
141 191 7
185 220 3
73 171 2
92 245 2
60 295 6
51 213 4
39 277 2
89 230 7
142 207 4
126 180 4
51 218 7
183 303 6
9 280 5
80 276 7
15 154 5
198 232 5
137 243 2
114 294 3
90 193 10
214 237 3
163 285 2
174 175 5
39 230 3
148 206 2
151 286 1
235 276 8
96 279 9
245 251 9
25 228 2
42 90 2
92 175 4
198 219 3
97 277 4
238 305 4
69 256 3
220 302 1
40 226 6
85 108 8
294 299 8
87 234 7
16 218 10
275 280 1
148 264 9
125 281 7
147 280 1
1 179 4
213 243 4
82 234 9
117 122 4
192 236 2
1 268 6
125 258 8
188 262 7
183 184 7
60 184 2
66 100 1
165 263 7
42 133 6
6 303 5
134 199 1
73 85 8
217 286 10
125 270 9
37 303 9
149 268 6
65 183 2
117 223 10
151 276 8
7 263 8
144 174 10
263 285 7
9 277 9
190 203 4
264 284 1
125 301 10
48 295 2
219 289 6
64 262 7
50 138 2
233 290 10
134 234 9
148 211 9
140 203 1
111 155 6
171 252 4
263 268 6
147 230 8
34 113 4
104 295 9
67 258 4
159 244 7
137 199 9
129 245 3
72 248 3
198 249 9
21 233 8
214 231 7
229 260 9
19 258 8
179 258 1
27 249 2
29 141 4
4 219 5
223 228 6
188 229 10
259 269 8
49 229 1
90 238 6
191 278 6
84 190 1
35 241 3
228 275 3
122 185 5
101 254 4
47 207 5
152 238 3
179 233 9
72 144 3
40 232 5
229 242 8
90 114 1
170 175 1
151 267 2
180 195 4
102 164 8
102 284 3
72 130 2
210 216 5
154 219 3
151 233 9
170 264 7
183 288 9
84 278 10
57 259 8
240 277 10
150 299 9
212 236 7
212 295 4
117 234 6
60 282 8
90 297 5
248 268 2
78 305 9
101 148 1
198 244 5
130 184 4
37 196 8
216 239 3
203 254 10
114 147 9
92 272 3
24 260 8
102 125 9
33 251 7
148 222 3
6 228 5
239 294 8
190 240 7
55 299 3
278 303 9
192 231 9
1 121 4
130 153 10
126 268 3
228 240 4
90 226 1
131 214 3
245 292 1
105 130 6
108 126 8
67 292 9
72 213 7
167 212 8
141 236 2
211 276 8
109 148 3
156 212 6
215 281 5
236 279 5
137 180 5
160 269 5
195 295 5
8 130 1
187 214 6
90 101 9
187 242 6
142 265 1
101 224 5
147 259 4
267 305 5
1 272 10
238 292 1
106 284 4
100 162 10
244 272 4
122 193 4
84 234 1
36 222 2
8 73 9
12 100 6
114 120 8
207 224 9
89 184 6
231 243 10
99 122 1
87 277 8
187 229 2
76 282 4
182 297 8
144 248 5
226 284 6
20 260 10
16 172 2
139 286 2
95 237 8
34 74 3
37 262 2
60 244 4
164 279 7
51 259 9
89 195 5
147 211 7
45 234 4
70 234 3
32 147 7
64 179 9
237 238 10
38 164 10
74 100 9
129 252 5
218 270 5
206 211 4
146 262 8
9 153 4
267 294 3
101 135 3
115 120 2
211 226 2
130 277 5
53 248 10
170 235 9
281 297 5
231 245 10
147 171 7
72 288 2
126 263 5
135 250 10
34 294 5
5 210 4
212 256 4
48 256 5
267 296 5
223 296 2
212 223 6
133 276 6
209 254 6
137 271 1
28 113 3
180 233 7
53 261 6
208 233 6
122 242 2
1 297 6
50 242 6
200 233 8
67 261 10
60 101 8
150 280 9
87 249 7
27 305 10
193 304 2
133 199 7
20 289 8
54 305 8
63 305 1
23 210 7
132 237 10
173 255 3
106 169 3
193 218 4
142 175 1
8 262 4
42 255 8
20 280 6
173 284 7
39 231 10
18 148 8
50 237 2
238 254 7
88 223 1
12 90 6
144 252 4
74 250 8
51 295 2
196 234 5
208 210 3
261 262 4
72 292 10
12 141 5
60 154 4
42 101 2
179 180 8
39 279 1
219 260 3
103 154 4
222 251 6
153 267 7
23 302 3
4 172 3
14 295 9
195 223 4
256 295 5
114 269 4
60 225 2
232 299 8
6 280 2
196 287 9
15 232 1
151 260 10
98 224 7
107 242 1
154 218 5
55 228 5
209 219 1
46 259 1
200 232 7
182 231 5
114 235 2
112 199 7
11 85 9
115 213 10
29 207 8
115 296 6
224 263 1
92 235 5
11 290 1
131 280 1
42 154 3
179 244 4
16 18 7
133 136 8
261 299 5
212 290 2
22 150 9
258 270 4
149 211 7
97 232 2
150 289 7
236 270 9
20 222 1
35 102 8
38 249 10
210 230 5
72 146 6
230 268 2
185 226 1
136 250 4
121 250 2
51 114 8
256 283 9
79 304 3
92 102 1
104 229 3
59 242 8
118 280 10
199 236 10
41 305 9
141 281 8
108 217 7
92 203 5
103 250 2
120 301 7
76 133 7
68 169 2
74 147 2
10 74 8
104 269 9
108 254 9
252 290 8
99 199 2
58 267 4
75 301 7
73 244 5
258 305 4
82 153 3
164 277 10
100 268 3
16 53 1
35 214 8
176 264 4
200 234 6
11 174 2
38 174 3
183 210 6
245 254 10
134 270 1
180 193 5
141 235 10
72 283 5
90 172 4
141 211 1
161 179 2
154 246 9
63 237 2
34 95 1
105 239 2
223 298 2
279 293 8
201 270 10
202 219 4
120 305 4
106 117 7
293 303 2
187 265 5
148 293 2
45 216 6
60 289 9
18 216 2
237 248 8
223 272 9
11 299 10
223 302 10
263 297 8
208 301 7
165 292 10
123 219 2
12 18 1
72 94 10
114 287 3
249 298 6
138 299 3
157 199 7
267 277 8
95 251 9
93 138 4
95 145 2
86 245 2
52 151 3
122 209 10
75 238 2
235 296 5
93 95 1
89 151 10
19 106 7
171 238 10
151 162 4
46 275 8
222 279 10
69 296 1
199 269 8
195 252 9
221 294 1
151 283 6
68 258 10
21 249 5
153 213 4
130 182 1
240 249 5
86 275 10
82 303 3
223 247 10
24 236 6
8 217 5
275 293 9
163 281 10
135 287 2
223 300 3
129 238 6
248 282 5
182 269 8
181 224 9
142 234 4
46 175 10
138 266 7
232 280 8
101 121 5
133 217 8
156 285 5
192 275 1
34 50 9
72 259 5
225 238 10
130 299 10
8 172 3
219 283 10
134 260 2
228 302 10
14 224 7
64 164 1
95 206 5
227 232 8
106 304 3
125 290 9
113 296 10
154 272 7
105 108 8
53 106 3
136 294 4
118 220 9
240 243 6
179 242 8
130 254 8
82 106 5
261 278 6
67 207 4
158 276 6
201 294 3
198 240 9
287 295 10
237 282 10
249 304 3
74 138 3
88 240 9
141 190 1
251 271 6
209 274 7
83 233 3
268 283 6
48 289 6
241 266 3
87 245 1
75 185 9
237 260 3
172 269 7
210 234 2
104 211 6
40 278 6
199 267 3
100 222 5
136 153 8
26 305 5
49 94 6
260 269 4
143 287 9
8 145 1
2 251 6
111 242 5
182 293 7
249 267 8
127 300 9
86 172 3
141 214 3
45 231 4
100 228 9
139 272 2
47 302 3
189 247 7
223 291 5
251 295 4
72 299 1
274 287 3
124 302 9
37 85 4
61 203 9
92 211 8
189 271 6
122 289 3
60 117 5
41 192 10
3 217 9
214 233 2
113 126 6
18 268 4
193 277 2
50 150 9
272 275 4
154 300 1
65 175 9
60 158 9
88 218 1
182 290 3
95 240 2
104 192 5
99 247 4
208 296 9
101 251 7
229 238 10
139 284 2
157 184 10
220 289 4
137 255 9
