46 666
80 2
4 1
96 25
48 12
50 17
56 26
58 10
70 6
32 11
93 45
60 26
29 7
78 21
89 1
7 1
18 6
84 9
9 3
11 1
42 19
77 29
76 3
36 13
18 4
18 5
60 2
72 26
11 4
12 5
70 22
41 2
12 5
97 44
8 2
59 20
67 28
25 4
96 28
56 10
10 3
26 9
97 45
6 1
67 2
35 10
3 1
1 33 7
8 33 5
19 33 2
1 39 4
33 41 10
28 33 10
15 39 6
33 39 1
27 33 1
1 23 6
11 41 7
10 33 1
1 43 9
5 43 1
5 23 9
13 43 4
39 42 10
25 33 2
16 43 8
13 42 4
23 34 8
18 39 10
18 33 6
7 42 4
19 41 4
27 43 4
15 23 8
1 15 10
1 45 4
13 41 5
9 42 2
38 45 1
34 45 7
31 41 2
43 46 7
15 19 8
33 43 3
15 43 1
19 36 8
26 41 4
32 36 6
9 15 1
34 41 1
3 42 4
24 34 8
4 33 2
14 42 9
23 40 4
7 46 9
16 19 7
23 26 6
26 35 9
33 44 10
22 44 7
26 29 1
5 45 6
40 43 8
17 46 6
19 44 10
29 39 5
2 40 1
31 45 9
12 26 4
41 45 5
29 40 3
5 35 9
20 44 2
8 40 6
1 41 8
42 43 4
34 36 9
12 44 4
5 19 2
29 44 1
15 22 9
29 45 3
21 23 7
1 29 2
2 41 2
15 34 9
2 22 8
8 23 2
27 29 4
7 41 9
18 35 6
10 15 4
9 45 7
32 46 8
37 39 3
1 32 10
13 15 10
42 46 4
6 22 9
3 46 2
12 36 2
39 41 4
39 40 3
23 42 2
16 36 2
10 35 8
1 30 2
19 27 10
22 32 3
27 36 2
13 35 6
15 36 5
11 22 9
9 30 2
2 44 2
19 46 7
11 43 7
15 32 5
15 27 6
21 32 3
37 41 7
23 43 9
24 36 2
13 22 5
3 43 1
23 37 1
11 39 6
6 40 3
40 44 6
13 34 4
36 40 8
4 46 7
38 44 8
3 19 4
28 45 7
10 36 7
6 30 1
13 45 3
30 44 10
26 30 10
6 32 7
27 41 7
29 33 6
37 40 7
31 39 4
9 41 2
31 42 10
32 40 10
33 40 4
26 45 2
34 38 1
22 36 9
23 38 10
20 22 2
19 45 10
27 38 2
39 43 7
27 44 2
10 34 1
1 38 3
30 40 6
32 33 7
11 32 4
6 34 2
6 35 4
9 43 5
38 42 10
25 35 3
21 34 2
13 37 9
20 23 4
41 44 8
13 26 10
27 40 5
30 39 9
13 23 10
3 26 9
34 40 1
19 25 5
17 30 10
25 44 3
15 46 4
17 41 1
1 42 7
37 45 4
14 23 4
11 34 9
19 34 5
7 30 2
18 23 3
1 25 4
27 42 9
18 46 1
36 37 8
30 33 7
16 23 10
35 43 3
23 46 10
24 32 3
26 27 9
7 25 1
26 46 6
9 34 2
2 39 2
44 46 10
1 10 6
27 35 7
1 17 1
26 33 4
17 38 8
15 40 10
35 40 4
5 41 5
29 42 2
25 41 10
16 46 2
14 34 3
2 38 5
4 32 6
25 28 9
17 19 4
15 37 7
27 28 5
4 19 6
6 37 8
9 26 7
1 37 10
10 38 9
33 38 10
4 43 1
2 32 6
2 26 1
19 28 4
1 16 2
6 17 6
25 38 6
40 42 2
16 42 3
40 41 2
14 37 1
19 32 10
29 34 4
5 42 2
23 39 7
11 23 3
17 44 8
11 46 2
31 37 6
42 45 5
38 46 4
24 44 1
23 32 3
2 15 2
19 30 7
14 44 5
26 37 6
14 45 5
10 17 8
36 45 6
17 43 10
23 45 5
19 42 5
4 15 9
17 23 10
16 45 1
14 26 3
8 29 7
32 37 8
29 32 1
32 41 2
41 43 7
2 28 3
28 42 5
25 31 7
12 27 4
9 38 6
12 46 3
32 38 10
39 44 6
3 17 8
25 27 8
23 30 1
1 20 5
1 46 7
16 41 8
27 45 10
35 42 9
25 30 5
10 37 2
15 35 9
29 41 3
17 26 9
21 30 9
1 36 10
12 30 4
20 31 2
35 38 2
8 28 10
30 43 8
33 46 4
10 46 6
44 45 10
19 39 9
19 40 7
13 16 10
33 45 4
24 30 10
12 31 8
8 15 2
30 35 8
6 42 5
36 39 10
25 36 7
20 43 10
1 21 5
14 21 5
15 29 9
18 27 10
29 31 7
17 32 9
17 27 8
21 33 10
23 25 5
4 10 5
15 25 8
18 21 9
31 38 7
13 29 4
24 33 10
1 27 4
5 27 1
3 40 9
11 40 5
10 20 4
14 43 7
3 15 6
35 37 5
22 35 1
32 44 8
1 22 4
36 43 6
21 44 8
19 38 7
2 33 2
10 19 5
10 22 5
17 37 6
20 27 10
1 8 8
25 34 6
3 41 10
1 6 3
26 32 7
1 28 3
16 21 10
26 39 9
11 20 4
5 22 5
1 31 6
28 41 1
20 34 9
45 46 4
1 35 3
18 31 5
29 36 1
7 19 3
4 17 9
40 46 10
16 44 7
1 14 2
8 21 3
23 27 2
23 24 9
39 45 2
24 45 1
21 42 8
20 42 1
37 43 4
30 45 2
21 36 9
21 31 3
22 46 8
18 26 3
4 39 4
35 36 9
28 32 4
16 34 9
9 37 4
13 44 7
24 35 9
17 42 6
16 26 7
16 22 1
16 40 7
3 21 3
33 36 10
10 21 8
19 31 2
3 44 5
25 37 8
30 37 3
7 44 6
27 46 10
20 32 10
23 44 2
20 40 6
8 22 1
13 31 10
27 37 1
14 30 7
2 34 1
16 18 10
24 27 6
12 35 10
28 36 5
19 37 9
26 43 5
27 30 3
11 44 2
24 25 5
34 43 10
7 15 1
29 30 2
31 44 8
22 38 5
10 42 10
28 39 8
28 40 10
15 31 3
8 20 9
18 25 9
11 36 6
37 42 7
35 44 10
20 45 4
15 17 8
11 28 4
25 32 8
12 32 3
11 18 8
20 25 5
8 16 10
8 39 6
10 14 3
24 46 5
19 26 10
7 14 5
25 40 9
8 46 1
22 30 3
12 33 9
32 45 10
21 38 7
4 41 8
25 42 1
6 21 1
22 27 7
15 16 3
22 39 6
36 44 4
1 13 1
35 46 7
32 43 3
19 22 5
31 36 1
22 41 5
34 35 2
16 32 3
26 36 9
30 34 5
3 14 8
2 10 6
12 17 4
6 46 8
14 22 6
6 33 5
15 20 2
19 21 6
22 43 7
6 15 9
3 6 7
13 40 6
6 26 10
8 18 9
11 13 5
6 10 1
20 21 7
8 17 4
3 16 9
5 26 2
31 40 8
22 25 1
30 31 5
22 34 2
1 40 2
13 18 8
4 14 3
19 23 8
23 35 1
12 13 1
14 35 10
1 12 8
23 36 6
26 42 3
21 28 1
7 17 2
25 43 6
18 28 6
6 41 6
16 39 7
31 43 7
10 28 5
6 25 5
24 26 4
15 30 3
15 26 4
12 25 5
26 40 10
12 16 9
15 28 10
10 24 7
17 39 3
24 29 4
4 6 5
33 37 3
27 32 6
8 34 3
14 39 1
12 18 1
2 16 1
39 46 5
23 29 10
31 35 3
12 45 3
29 38 9
5 36 9
14 46 5
21 43 10
37 44 7
15 42 1
21 24 3
13 24 5
6 45 10
33 42 9
36 38 5
17 35 10
11 15 1
18 43 7
8 43 3
10 39 10
30 36 6
32 42 1
21 37 2
17 24 1
28 30 4
6 23 10
30 42 3
32 39 5
10 25 10
41 46 9
24 37 1
30 46 9
2 18 6
31 33 6
4 13 3
28 43 2
28 35 8
6 13 10
8 19 10
7 29 5
30 38 7
10 45 3
8 24 10
6 18 7
10 18 10
4 12 2
7 33 6
35 45 6
23 33 4
4 27 9
5 8 5
7 16 2
2 43 6
16 30 7
18 42 1
2 36 8
17 21 2
38 43 10
9 46 6
12 15 2
18 38 5
1 26 10
13 28 2
4 30 2
12 43 5
6 24 7
29 37 4
32 35 2
20 28 5
9 44 9
16 29 5
17 20 8
18 30 9
3 37 10
4 26 5
26 28 6
27 34 2
8 12 2
28 34 10
14 19 6
24 39 3
30 41 5
11 24 4
12 34 7
21 45 3
8 26 5
21 29 6
21 35 10
13 32 2
3 27 4
5 21 10
16 31 1
1 19 9
14 41 9
29 43 4
8 13 6
22 28 2
36 46 7
9 25 5
38 39 3
4 37 5
9 17 6
15 33 2
1 5 2
4 25 5
16 33 2
5 17 9
13 20 4
27 31 10
8 44 9
4 8 4
9 16 1
6 44 5
3 38 10
40 45 2
1 3 8
14 33 1
12 24 3
6 38 9
7 28 7
17 31 10
24 40 6
1 44 8
8 32 7
13 38 2
37 46 2
21 27 1
18 41 5
14 20 10
3 24 10
21 46 5
4 34 5
3 29 7
36 42 2
4 5 9
8 45 1
41 42 10
16 38 1
7 43 10
17 40 5
15 38 3
8 27 6
