260 1000
48 34
881 21
692 25
761 48
995 10
432 50
405 10
818 36
127 35
675 34
842 41
548 35
931 9
118 34
360 2
175 12
415 46
208 6
699 50
966 15
22 7
96 11
475 45
130 8
505 24
17 8
678 4
396 47
126 32
685 48
302 30
684 50
856 31
64 49
161 30
162 18
209 7
162 42
305 23
725 3
338 37
782 1
974 20
422 7
112 9
480 2
844 41
834 12
484 28
739 46
298 35
107 1
887 21
201 35
599 1
121 10
41 8
223 16
680 1
544 17
938 16
366 5
201 10
124 19
804 10
765 6
97 18
977 40
92 34
767 42
885 49
161 46
522 5
520 12
662 5
783 45
473 23
20 18
932 50
904 30
778 8
419 31
807 23
212 48
330 4
978 48
76 12
230 13
552 45
623 20
378 42
719 29
577 7
657 12
335 39
461 39
256 41
726 12
567 6
918 5
87 32
488 19
377 42
963 44
170 35
914 19
889 21
978 28
62 2
477 39
768 29
260 33
785 21
231 35
692 47
448 49
682 13
264 49
787 43
711 32
393 7
514 6
241 44
140 30
811 35
557 10
493 25
732 37
524 26
545 46
165 30
211 2
82 36
886 29
205 12
486 15
611 25
707 44
236 15
558 39
589 12
861 43
123 30
489 5
90 46
894 28
303 41
790 49
965 34
744 40
491 24
183 13
252 37
838 16
498 36
774 38
995 48
835 2
968 43
750 41
163 5
96 22
956 41
897 22
884 4
572 42
610 34
722 41
726 46
1 38
877 44
978 42
199 3
494 48
203 8
173 34
263 30
234 49
684 35
155 25
193 4
659 37
339 27
212 13
135 22
556 35
872 21
664 39
865 37
501 25
193 17
913 46
193 11
173 2
55 18
750 6
119 10
482 22
51 50
570 32
917 46
791 15
775 33
940 25
409 25
422 32
501 37
761 24
499 47
495 32
42 19
25 45
100 3
502 12
395 44
731 16
417 35
487 42
598 31
618 45
346 50
732 18
27 24
887 43
181 34
500 44
390 17
755 42
997 8
670 16
517 32
359 38
818 4
277 19
801 48
531 19
87 12
852 7
386 25
464 8
437 27
761 7
37 48
324 41
155 34
93 20
785 35
279 15
11 1
175 21
798 1
597 30
120 48
493 23
151 11
131 30
818 40
816 17
45 6
291 24
1 218 1
1 37 1
88 218 5
197 218 4
68 218 3
37 209 10
90 218 8
31 218 8
188 209 6
1 242 1
37 99 2
99 150 5
41 99 1
109 242 4
99 181 7
87 181 9
181 241 6
82 242 8
118 218 8
13 242 10
48 218 3
99 207 5
18 242 5
121 242 2
81 99 6
37 140 3
179 209 1
39 242 4
1 95 7
88 95 2
193 207 7
12 99 6
161 207 10
99 118 10
52 218 2
62 209 5
69 181 10
191 218 7
140 248 2
129 248 3
99 256 8
149 218 3
184 207 8
156 241 3
77 209 10
79 207 6
91 218 7
207 231 4
101 140 4
58 150 2
157 209 7
209 216 4
218 225 3
56 256 10
2 95 2
159 181 6
63 231 8
95 257 8
118 248 7
106 242 7
3 231 2
54 99 8
141 242 1
77 118 3
164 207 4
67 257 9
126 225 10
130 256 4
34 242 3
68 242 5
137 216 8
59 241 1
204 216 1
189 257 9
142 150 6
132 181 4
14 242 10
30 95 3
212 257 1
66 242 8
33 181 1
156 257 3
57 225 5
70 241 5
214 248 8
1 101 1
95 148 4
101 194 6
37 44 5
55 242 4
1 111 6
127 181 6
154 225 8
209 214 8
218 236 5
64 225 9
74 99 5
118 223 6
135 150 7
214 224 5
131 218 4
27 148 10
224 225 10
26 223 4
40 225 4
84 223 2
47 209 4
1 23 9
50 150 8
178 207 6
93 241 6
101 142 10
11 37 7
75 118 8
22 111 2
181 184 2
37 229 4
211 242 1
192 209 7
70 207 9
150 205 6
99 211 1
5 216 9
67 214 6
65 150 8
87 140 1
101 115 3
111 121 6
13 194 1
34 248 2
123 148 10
121 147 1
205 214 5
115 237 9
116 231 7
10 150 3
115 243 10
52 223 9
179 225 1
158 223 6
99 155 2
40 101 7
23 223 4
242 254 8
67 216 10
23 131 8
27 231 2
118 214 9
135 211 4
86 254 2
38 142 1
205 206 3
22 254 1
207 246 9
30 99 5
193 257 5
147 154 1
81 95 9
52 231 10
99 128 7
147 239 3
101 237 3
247 256 8
118 205 5
123 246 1
27 206 8
156 223 8
124 224 2
223 248 2
78 214 6
97 236 8
190 241 2
11 205 8
37 256 4
11 95 3
41 225 5
154 197 2
209 229 2
14 194 6
241 250 4
92 101 4
46 131 10
23 52 10
172 225 9
37 257 1
73 250 6
57 155 8
99 166 3
155 236 4
118 191 8
140 181 3
11 231 8
66 128 10
71 225 10
52 150 5
26 237 2
1 60 2
155 193 4
148 257 5
68 197 7
51 166 2
100 224 1
38 140 6
191 236 9
66 181 7
23 135 10
225 231 8
1 12 4
118 239 7
76 155 1
52 99 10
205 253 8
118 143 8
182 248 8
165 231 6
101 207 7
186 239 5
77 142 10
135 194 10
23 46 4
1 114 3
180 211 9
98 256 5
145 237 5
184 185 9
208 248 8
205 211 1
131 257 6
12 135 10
223 246 4
46 206 2
45 248 5
50 248 4
167 197 10
194 197 1
203 239 1
214 237 7
194 224 9
68 209 3
119 211 3
7 207 6
72 257 3
141 194 9
111 221 6
143 148 6
121 232 6
1 172 2
29 253 9
105 207 3
54 101 7
205 237 3
72 131 7
172 198 2
32 193 10
95 253 7
60 112 6
41 243 1
52 136 7
119 197 1
99 130 1
75 253 2
65 147 1
103 248 10
66 256 6
32 207 8
151 237 6
49 121 7
140 243 1
37 121 7
207 215 5
109 221 9
59 236 10
49 154 2
143 248 9
193 256 4
105 136 8
107 136 3
201 225 1
112 118 2
142 231 3
53 181 6
167 214 2
214 239 10
142 255 4
95 185 10
185 243 8
8 224 6
99 257 6
123 223 2
118 215 1
146 224 7
44 135 10
166 251 5
63 242 6
154 177 1
1 16 3
21 46 5
126 130 4
130 169 2
191 228 2
124 223 1
185 210 8
207 255 6
112 223 8
23 235 1
171 241 5
199 241 1
211 233 2
20 115 1
128 254 8
145 207 5
179 231 6
100 184 6
228 239 6
130 198 5
26 251 1
214 218 7
42 177 4
114 150 2
65 114 4
184 215 2
141 215 3
110 185 1
55 229 4
2 136 6
112 193 3
96 237 6
112 214 1
140 192 1
45 241 4
87 211 9
60 191 5
130 239 8
169 205 10
16 95 10
13 197 4
23 213 5
37 207 5
128 207 2
12 161 3
226 228 10
139 224 5
90 229 3
65 197 7
67 131 6
14 254 7
12 131 10
52 107 3
28 169 2
16 211 5
245 253 8
105 166 3
111 194 7
2 193 10
171 181 6
241 247 4
140 199 5
179 239 9
72 135 9
241 256 2
48 135 3
23 107 6
73 256 1
56 213 5
147 188 2
108 135 8
101 183 4
122 211 7
35 136 9
142 230 8
115 247 8
68 135 2
44 176 2
107 122 7
123 199 1
94 128 2
95 150 3
33 112 6
160 194 7
191 213 7
40 213 2
111 172 10
99 254 4
190 209 9
32 107 9
154 239 2
130 258 4
52 175 1
47 131 8
83 224 6
77 229 7
52 225 6
156 228 4
128 154 9
114 246 10
58 95 4
31 215 2
122 201 3
23 133 7
110 223 1
98 251 2
16 154 7
128 224 8
95 175 10
165 181 5
80 243 9
34 177 4
99 231 6
114 257 2
162 177 7
150 206 7
157 184 7
99 245 2
21 201 9
201 218 3
95 118 1
174 193 7
35 128 3
152 230 7
201 207 1
114 228 3
6 135 3
116 142 4
73 188 4
85 115 6
113 232 2
124 185 2
214 217 5
88 201 3
94 99 3
217 254 2
23 126 1
142 169 8
136 153 7
60 78 9
101 168 1
229 247 6
169 245 8
110 192 9
95 199 5
153 192 8
191 256 9
119 161 2
94 214 10
44 178 2
111 149 4
200 247 10
148 242 2
149 217 3
137 257 4
42 115 1
112 260 2
161 188 7
47 254 10
142 203 2
96 194 3
105 183 10
136 176 5
67 250 6
170 245 9
23 64 7
175 246 6
44 246 7
6 217 7
148 149 10
137 237 7
153 206 5
37 135 3
210 241 1
141 225 6
1 192 6
146 239 10
57 233 2
60 222 4
149 248 10
152 247 1
23 67 7
46 246 4
108 229 7
92 191 9
136 142 10
87 130 5
96 246 8
148 197 1
143 247 8
97 188 9
175 258 3
46 146 2
37 147 3
161 211 1
161 248 8
17 172 9
236 250 9
42 46 8
157 225 1
178 215 9
177 251 1
83 217 5
201 242 6
252 254 7
111 161 7
115 163 3
122 249 6
151 206 1
94 236 5
30 148 9
20 95 6
118 153 6
135 154 3
171 258 1
12 101 4
143 221 3
177 196 1
136 192 7
199 239 9
92 245 4
205 224 9
113 251 6
16 178 5
239 243 10
231 251 3
62 233 5
148 157 8
85 196 1
185 228 4
24 37 5
99 216 9
77 95 10
64 175 10
61 205 3
95 243 4
42 136 3
57 183 7
202 216 1
168 214 3
116 249 1
142 226 3
201 253 4
19 237 2
215 236 4
81 194 1
52 178 10
162 192 1
116 256 4
1 188 10
70 114 7
116 225 8
123 226 10
37 88 1
146 173 9
218 221 4
82 214 6
64 224 5
215 225 3
185 207 10
116 211 10
117 199 2
171 233 10
5 52 1
199 207 6
42 52 10
22 255 3
94 251 8
235 242 8
99 220 5
1 116 9
137 214 6
215 260 4
123 154 6
146 242 7
101 189 1
13 189 8
92 228 8
120 172 8
3 150 3
198 231 10
129 130 6
87 175 5
55 153 3
122 255 1
64 189 5
44 181 3
65 189 6
189 243 4
20 201 3
147 191 10
1 96 5
136 241 10
166 233 3
86 199 2
122 183 7
93 226 4
33 218 6
9 175 2
13 126 4
75 207 9
160 214 5
179 198 6
18 217 2
21 245 10
83 260 1
197 260 7
53 128 9
95 96 8
38 223 5
73 241 4
57 191 9
195 220 10
26 183 4
78 142 7
131 191 6
118 119 7
100 239 6
166 223 6
25 44 5
16 207 3
12 193 5
152 209 9
14 220 4
109 241 6
130 225 2
198 228 6
194 248 1
46 95 8
153 253 5
166 210 10
150 214 6
199 230 3
209 225 3
36 128 9
81 126 8
38 116 5
205 242 3
181 217 10
33 149 7
96 188 3
17 115 3
114 198 3
11 130 2
185 255 10
25 112 8
95 130 9
78 137 7
67 260 3
16 51 3
115 231 10
206 216 8
52 86 1
157 216 5
88 131 10
86 177 6
22 178 4
26 241 2
10 191 2
8 210 4
99 244 4
16 44 8
114 251 2
22 224 1
23 214 2
96 250 2
111 173 9
118 173 7
34 161 1
178 238 6
205 241 4
76 210 1
178 254 1
170 247 7
105 189 6
23 189 9
215 223 2
5 249 9
99 193 10
54 111 4
35 111 2
172 244 8
128 158 4
186 192 2
109 173 5
169 260 9
110 169 7
107 166 9
16 183 10
150 159 4
166 184 9
169 242 4
175 234 9
23 253 9
168 191 8
92 166 2
28 155 9
99 204 6
118 122 4
44 153 4
172 210 9
65 229 1
52 237 8
84 235 4
11 253 6
39 222 8
146 155 1
129 161 2
185 237 7
149 230 9
48 147 6
107 199 8
159 226 1
25 96 2
234 255 8
1 19 4
45 214 8
60 162 3
48 51 2
1 51 5
167 223 4
143 187 1
142 151 4
153 239 5
111 257 3
26 239 4
138 238 1
184 223 1
78 256 3
111 192 7
78 229 1
185 189 9
168 198 9
114 218 2
96 135 2
47 204 6
1 120 4
134 178 1
64 196 2
45 207 3
7 128 8
17 126 7
196 248 8
220 254 8
44 53 2
5 228 6
43 183 8
114 122 8
184 245 1
67 211 7
80 86 6
237 242 4
46 107 4
187 215 4
58 199 5
152 250 6
23 24 2
87 111 2
23 204 3
192 253 2
183 213 3
126 185 1
1 254 5
72 116 5
178 233 6
63 122 1
21 235 4
128 184 5
208 218 1
30 193 6
44 78 6
63 192 7
31 246 1
107 222 4
136 249 4
32 51 7
165 247 3
101 177 6
185 239 10
115 185 9
5 161 1
143 215 7
243 260 5
53 257 1
175 200 9
12 166 5
89 201 8
203 219 4
62 137 4
45 192 10
74 159 2
20 256 9
177 259 9
117 241 6
45 175 2
146 217 4
169 253 10
157 226 1
164 169 1
105 191 6
107 253 4
89 166 3
68 241 6
75 178 5
57 235 7
201 247 7
45 231 1
86 157 6
190 232 3
33 214 5
144 250 4
188 251 3
18 99 10
154 203 8
3 130 10
37 98 8
104 119 6
32 88 7
4 112 2
44 223 9
146 222 4
209 257 8
19 51 6
173 197 5
9 157 5
23 38 9
160 248 2
221 251 6
209 230 2
78 187 8
157 177 1
21 98 6
133 249 7
88 224 10
135 206 10
59 230 5
91 185 3
49 217 1
86 192 6
3 149 9
94 224 6
31 155 6
60 256 10
126 194 5
12 242 4
29 122 4
101 191 3
190 250 9
69 255 3
76 189 9
150 196 3
123 196 1
182 254 2
121 190 10
60 155 5
87 119 3
246 260 1
121 131 1
24 250 6
143 253 7
140 228 2
46 255 5
87 176 3
19 31 2
53 92 4
103 151 3
11 248 10
107 217 6
154 217 6
38 175 6
230 251 7
50 157 10
149 225 8
16 173 8
51 217 4
169 254 8
131 140 6
163 211 4
96 170 10
52 210 2
43 92 7
43 247 4
172 258 1
214 253 9
75 188 6
114 118 1
138 205 1
90 96 10
115 184 5
136 199 5
68 184 1
21 118 1
24 71 8
71 186 7
27 52 10
215 224 2
148 238 10
109 248 4
153 187 4
108 131 10
48 249 4
161 194 9
73 200 3
199 223 10
46 176 3
120 232 8
143 210 3
88 149 4
99 177 1
229 260 7
134 205 1
50 214 4
159 196 9
162 257 4
24 219 6
6 199 6
99 164 3
239 257 8
184 232 10
139 238 8
61 217 9
134 140 8
190 199 6
159 210 8
183 199 2
122 126 10
44 213 1
76 92 9
2 188 3
190 200 1
221 255 2
73 224 8
128 164 10
181 259 10
207 223 9
55 241 10
135 152 10
59 243 10
108 254 5
103 257 8
162 179 8
74 153 10
201 216 7
222 260 3
172 191 6
88 118 5
59 86 2
156 259 8
1 163 10
161 220 6
170 189 1
242 260 3
38 240 10
48 224 10
107 234 1
3 101 4
26 163 1
107 114 10
173 208 6
161 252 6
129 228 1
36 219 7
211 256 1
11 245 5
227 232 7
228 243 9
56 131 2
130 259 2
5 257 6
23 176 8
154 169 2
44 142 4
137 241 4
1 55 9
173 179 1
214 232 4
1 210 5
33 166 4
190 217 7
207 257 3
83 159 7
143 149 7
103 152 8
94 255 2
185 241 10
70 153 2
226 238 1
46 173 9
252 260 7
55 222 9
37 189 4
54 233 9
16 239 5
204 242 1
162 196 8
150 186 8
5 137 10
190 219 1
31 241 9
64 226 10
3 99 2
39 228 4
80 187 3
130 201 7
61 131 2
