111 1000
50 17
250 12
89 1
792 49
344 42
579 33
803 10
46 20
127 24
730 34
746 23
611 24
872 13
266 25
821 15
301 15
78 33
341 43
869 4
560 49
473 46
741 2
816 10
171 46
585 48
848 22
78 5
815 41
692 15
303 5
777 33
990 38
357 12
279 7
489 48
601 5
161 26
904 42
355 30
168 37
895 29
919 44
917 35
322 41
969 25
610 37
188 9
602 40
7 46
897 21
18 48
28 35
744 46
80 9
611 17
580 37
98 39
7 50
797 38
344 4
46 46
940 48
700 6
455 35
850 8
245 8
949 46
606 7
584 28
759 23
170 8
913 24
965 7
197 30
751 49
58 6
443 38
994 18
265 42
245 19
328 37
789 45
315 45
175 3
604 36
862 25
535 45
234 11
490 44
472 38
474 8
348 27
391 44
571 39
938 11
788 31
76 30
858 10
504 46
852 13
584 43
169 17
410 45
126 30
597 22
726 49
530 19
144 26
693 44
117 7
161 18
1 81 5
6 81 3
29 81 8
81 100 2
68 100 4
16 81 1
1 49 10
1 67 3
35 100 2
67 97 4
52 97 4
56 81 5
67 100 7
9 100 5
1 104 10
45 104 2
49 111 3
46 49 4
103 104 9
49 56 9
49 84 6
84 111 10
62 97 10
8 104 5
101 104 9
1 76 2
30 100 2
71 100 3
49 96 6
67 96 7
67 70 8
67 87 4
84 102 7
81 106 9
19 67 9
19 97 8
17 111 3
51 97 3
34 102 2
27 49 4
88 96 3
29 49 4
67 106 7
37 84 6
3 100 4
50 106 9
7 102 10
67 76 3
36 111 10
48 76 7
76 92 10
45 106 3
67 99 9
25 104 5
50 100 8
13 100 7
58 102 6
79 96 3
7 67 7
37 70 5
5 56 7
73 81 3
86 111 7
47 49 5
5 76 7
1 30 8
7 106 3
1 55 4
20 30 8
64 99 4
2 55 8
55 65 7
10 100 8
33 106 4
101 102 9
40 87 7
19 56 7
4 96 3
65 76 3
104 111 3
1 88 9
44 88 10
56 110 5
84 100 8
49 67 2
43 84 9
30 85 4
61 76 5
9 102 3
34 110 5
54 88 6
30 71 9
56 67 5
1 85 8
12 87 5
1 44 5
55 72 1
74 106 6
105 110 9
14 92 9
98 100 5
44 76 3
56 92 2
63 67 10
47 65 8
35 111 4
27 99 9
61 99 7
44 55 10
36 100 7
30 109 5
70 87 3
48 84 9
24 76 8
66 72 10
85 97 1
56 66 7
59 97 3
65 71 1
25 84 10
16 88 1
39 109 4
8 56 8
53 71 3
7 56 7
81 96 10
76 77 1
66 99 1
55 70 8
48 70 3
85 107 2
71 76 8
62 92 3
81 111 5
58 110 8
25 70 4
38 102 9
82 102 6
96 99 10
31 106 9
55 100 9
49 91 2
19 44 2
1 103 7
97 99 7
4 91 2
86 103 8
47 72 10
6 65 9
39 88 4
104 106 6
31 109 10
91 102 8
42 103 9
69 87 10
70 97 4
53 100 6
91 110 2
65 83 7
50 91 1
80 85 10
10 92 2
61 92 1
17 91 10
31 102 3
1 71 7
9 88 7
92 109 8
91 109 6
38 85 9
99 107 1
79 107 5
22 84 1
104 107 3
70 75 9
18 81 10
23 66 6
67 72 2
84 104 2
29 111 3
11 97 9
23 104 6
8 111 3
18 91 3
106 111 8
83 108 6
14 102 10
102 103 5
31 75 6
70 108 7
71 84 4
1 3 6
108 109 10
55 85 3
54 96 3
83 101 2
36 77 10
70 105 5
7 92 5
11 105 8
30 104 5
67 88 4
17 56 10
24 81 5
72 75 9
62 88 8
43 106 9
56 73 2
99 102 6
77 105 3
3 99 7
65 102 6
4 44 1
68 71 8
17 70 3
3 79 9
80 84 4
15 99 8
18 92 3
69 70 6
75 94 10
8 77 8
25 67 8
85 94 7
23 109 9
39 71 3
16 77 2
94 96 3
15 108 8
3 77 2
13 81 3
75 106 1
67 85 6
40 109 7
21 65 10
2 85 10
45 99 7
26 55 9
36 83 2
24 49 6
12 79 2
75 85 5
1 69 5
77 86 6
18 83 4
94 106 2
41 66 9
87 104 1
7 108 5
103 111 10
57 72 8
61 108 6
33 67 4
47 77 3
83 106 7
1 108 6
5 70 8
88 92 3
31 84 6
38 96 3
34 87 2
65 78 8
26 96 7
18 84 9
95 106 3
44 105 7
87 108 2
72 92 9
103 108 4
25 86 9
1 68 10
71 92 2
78 103 8
1 65 10
19 77 6
61 102 10
78 100 1
18 101 7
65 88 1
84 107 5
55 79 1
35 79 8
32 65 9
27 71 8
30 102 6
11 110 7
65 79 7
28 49 8
69 75 10
29 72 3
73 106 6
23 67 7
34 71 1
9 83 8
25 44 10
57 79 2
66 97 6
23 71 10
79 92 8
71 105 1
54 81 5
31 83 3
3 70 8
28 97 7
44 79 1
81 87 5
53 73 6
17 75 4
35 73 6
39 91 7
39 67 7
72 83 5
101 111 9
8 86 2
15 111 5
3 91 10
37 91 10
1 12 10
72 110 4
77 87 1
41 75 9
77 81 5
87 96 6
99 103 10
46 75 7
44 94 6
25 30 2
13 92 6
92 107 3
49 100 1
66 101 2
16 65 2
62 84 4
73 104 1
82 92 7
54 84 8
86 91 7
97 111 7
18 105 2
91 103 2
81 109 2
67 91 3
38 101 8
49 108 7
83 110 3
5 96 1
73 108 3
31 91 9
63 105 10
75 102 1
94 110 5
77 110 6
85 102 10
94 97 10
42 55 5
50 111 8
57 92 5
61 67 1
28 109 5
15 86 1
74 83 10
25 77 1
5 75 10
88 107 3
37 75 6
37 106 3
33 75 8
81 105 10
55 106 8
105 109 3
53 101 1
46 104 3
3 109 5
56 71 1
26 84 4
67 108 2
64 75 10
49 76 7
12 109 7
59 92 5
97 100 8
68 111 5
43 96 6
30 32 2
16 75 7
78 85 3
70 111 9
82 111 8
86 99 4
84 86 8
32 94 5
39 77 3
67 92 9
2 3 10
30 37 7
37 69 8
2 49 10
65 94 9
26 66 5
55 101 9
3 4 8
50 70 9
3 84 8
56 91 3
11 84 6
95 105 5
73 92 3
30 93 5
45 71 6
20 106 3
37 67 4
31 88 3
61 94 8
19 84 1
71 99 9
89 111 6
5 44 4
48 86 2
69 85 5
97 107 1
15 85 7
73 103 4
100 108 6
72 94 8
10 102 6
79 100 3
39 94 3
56 70 5
57 96 9
70 71 5
38 76 9
94 101 1
28 75 9
78 89 1
31 96 3
57 69 6
81 93 10
33 49 6
43 85 4
13 109 4
94 102 8
44 103 8
56 104 1
84 105 10
61 101 5
49 59 1
10 37 5
15 106 2
56 101 3
6 86 5
25 75 2
48 67 3
70 79 9
64 107 8
11 104 5
92 105 7
32 71 8
30 58 7
63 108 9
42 94 3
16 108 8
12 22 6
37 83 1
56 59 1
37 80 8
14 101 8
72 74 8
96 110 9
72 77 1
1 18 10
59 89 5
93 94 9
13 79 10
4 106 6
92 106 3
3 6 9
60 100 5
69 109 2
76 109 6
8 94 9
8 110 6
58 106 6
75 77 7
77 104 2
70 81 1
55 98 6
53 74 7
23 70 2
34 84 8
34 79 3
22 107 2
89 110 9
40 100 8
6 98 5
90 93 10
106 107 9
7 76 10
82 104 3
62 70 3
92 93 10
2 79 3
106 109 9
18 110 8
35 92 10
26 105 5
1 93 8
28 73 4
89 102 4
7 101 10
70 93 3
72 91 8
13 84 10
75 80 7
6 53 1
32 101 4
86 110 10
24 86 6
15 98 6
34 106 6
10 105 5
55 68 2
72 86 9
5 103 2
88 94 6
100 101 1
32 108 6
12 30 8
25 89 9
1 99 3
21 99 9
5 30 10
54 55 9
22 56 4
37 44 3
53 75 3
46 68 2
92 102 10
1 42 7
42 69 3
59 101 5
30 35 1
16 98 7
57 100 8
8 78 10
78 104 10
23 72 5
7 97 2
51 110 6
79 98 8
12 110 2
5 35 4
30 89 7
13 107 9
68 85 7
103 109 1
4 86 7
36 70 5
87 107 3
35 105 9
88 111 7
67 102 4
53 111 10
12 20 1
84 110 8
46 53 4
41 87 3
11 81 9
6 101 3
83 104 10
5 12 6
18 72 8
44 101 10
87 109 3
65 96 2
42 68 9
72 107 2
36 72 4
20 46 1
86 102 9
9 97 4
18 85 10
19 80 7
29 77 8
20 33 1
66 77 10
63 101 4
43 77 9
61 105 10
25 91 9
72 93 5
42 70 4
72 104 4
84 89 2
40 65 2
33 91 1
41 68 6
22 76 4
4 59 8
11 86 5
1 110 10
61 109 3
57 87 9
79 99 2
93 107 2
55 94 6
31 89 5
1 96 4
59 108 3
49 54 6
71 77 3
46 83 9
4 92 6
19 85 1
40 78 7
4 104 6
97 103 10
60 97 4
35 46 2
8 22 6
30 84 3
27 67 2
75 103 7
1 97 1
60 79 2
15 55 2
87 97 3
71 75 1
74 100 2
32 104 9
54 56 10
45 49 2
32 67 5
32 111 7
54 102 9
80 106 3
3 103 2
78 111 7
100 110 6
59 93 1
71 88 8
83 88 8
39 83 1
6 66 5
80 104 7
94 108 5
4 90 10
47 75 9
70 77 8
53 94 6
27 46 4
12 59 10
51 78 8
53 86 9
83 100 6
34 56 6
22 80 9
56 102 1
71 82 10
93 108 2
4 73 5
83 94 3
47 94 7
73 82 1
71 81 1
75 82 9
74 84 10
81 95 5
17 22 9
4 79 10
57 83 6
63 86 9
39 75 4
40 110 10
6 22 6
43 109 7
102 111 6
10 70 9
80 111 7
86 104 2
93 104 4
64 108 7
18 109 9
86 95 4
99 111 9
71 93 1
20 40 4
38 75 9
90 110 8
63 75 8
71 94 6
63 99 9
78 108 1
61 81 9
37 99 5
93 101 7
59 111 2
16 92 10
78 106 1
44 96 5
76 105 10
76 83 10
37 95 4
4 105 4
60 67 7
31 69 9
90 104 9
66 100 4
22 50 3
38 44 4
105 107 9
52 76 9
18 71 6
40 66 7
50 61 10
24 88 5
10 42 5
79 110 1
20 88 8
50 53 3
43 87 6
54 59 10
18 26 2
22 93 8
8 73 1
43 107 9
50 56 2
58 64 8
25 50 6
71 74 5
80 89 4
9 111 6
92 96 5
65 72 3
61 85 8
19 100 7
18 104 4
22 40 10
88 100 2
34 97 7
9 80 8
15 22 3
12 44 3
105 106 6
7 105 10
31 79 9
94 95 9
3 67 7
53 85 5
6 111 5
28 106 3
22 37 5
41 79 6
81 98 5
4 64 8
53 81 1
47 111 4
61 100 6
58 82 10
61 104 10
29 44 4
49 68 3
70 107 10
59 79 5
48 73 4
36 82 1
4 49 10
49 60 6
73 99 4
71 101 9
39 101 3
42 104 2
22 64 10
50 58 9
58 105 7
89 107 2
32 95 1
70 76 8
10 96 5
6 52 2
4 65 4
18 75 8
11 107 10
37 41 4
1 91 9
13 22 1
14 97 8
8 72 8
26 106 8
85 105 1
60 101 6
31 99 4
8 40 6
60 93 7
54 83 5
55 108 9
4 108 6
19 94 2
74 93 3
53 106 9
18 102 3
32 55 2
98 107 5
12 70 4
29 98 4
22 89 10
69 102 3
60 111 7
26 103 3
12 74 8
44 111 4
59 66 3
30 95 7
5 92 3
40 56 10
37 102 1
26 92 2
34 52 1
3 51 3
18 108 4
102 106 7
95 100 10
23 92 3
81 101 8
84 91 8
73 84 10
78 101 6
6 18 5
6 42 10
52 58 6
60 78 4
15 46 7
5 88 7
73 100 1
47 89 9
29 35 3
37 53 8
17 37 7
48 85 10
15 61 10
58 79 8
55 90 4
58 94 2
73 87 3
27 59 5
63 82 10
72 105 1
70 110 3
70 94 3
44 89 7
100 104 1
74 111 5
80 102 8
58 89 8
39 97 1
4 42 4
58 68 4
65 101 3
68 72 8
49 51 3
33 68 6
37 98 10
38 97 2
28 58 7
60 64 5
41 106 5
65 74 6
43 66 8
1 56 4
11 18 1
23 85 7
24 46 3
41 49 5
23 61 1
95 107 6
4 18 6
37 90 6
22 106 1
53 65 4
1 66 6
32 59 10
79 111 8
46 90 1
40 108 3
42 90 1
44 71 5
7 90 5
83 86 4
16 76 3
55 76 5
10 58 9
49 72 5
11 54 3
53 78 1
55 91 10
61 84 10
58 63 8
4 74 3
55 102 10
12 85 3
89 108 7
50 85 9
24 66 7
1 52 10
52 75 10
54 87 3
1 41 1
96 108 10
18 76 5
51 66 6
21 72 8
18 50 4
5 102 4
53 110 7
37 89 5
69 81 7
64 105 1
15 73 9
21 98 8
74 97 1
71 79 8
74 109 6
20 101 5
46 80 2
3 35 7
44 74 1
39 76 6
54 105 5
4 51 5
37 103 2
20 105 9
30 40 4
39 86 3
102 105 4
47 90 1
64 95 10
7 33 10
64 89 5
45 84 2
60 99 1
97 102 3
9 66 10
26 42 10
18 95 6
37 87 1
49 105 4
45 75 9
20 50 4
65 80 6
48 65 1
40 97 4
46 66 1
47 100 10
35 70 7
25 102 3
24 58 5
30 41 3
79 101 2
26 91 1
64 82 8
21 89 3
42 44 6
21 76 1
51 71 5
61 77 6
10 32 4
24 92 10
18 40 8
13 96 9
49 88 8
23 35 2
34 91 6
36 99 6
33 102 8
87 102 6
19 73 8
68 93 8
2 87 7
60 72 7
65 92 5
69 71 9
26 31 5
31 73 3
37 40 1
4 84 2
104 109 7
71 98 2
30 53 10
68 94 6
2 12 1
38 79 5
101 108 6
69 80 4
36 64 5
20 79 3
31 74 3
20 91 4
32 78 1
70 109 7
12 91 6
41 100 10
