39 616
574 3
849 41
914 21
715 8
795 21
713 27
843 4
233 20
468 27
874 5
28 16
950 35
520 22
894 11
102 13
709 11
43 15
382 8
726 16
475 26
435 2
616 35
916 37
610 25
26 21
411 20
907 3
824 32
436 22
43 31
107 46
688 41
144 15
462 48
900 24
288 18
611 15
981 37
625 48
1 30 10
8 30 6
1 29 7
12 30 10
29 31 8
5 29 5
4 31 5
30 33 7
31 32 9
11 31 4
12 32 3
19 33 5
1 23 4
29 33 2
20 23 8
29 32 7
1 18 9
1 13 2
3 23 5
1 3 4
13 20 4
20 33 3
3 27 10
23 38 3
21 23 4
36 38 4
23 33 3
18 38 3
3 20 4
33 35 8
37 38 3
35 39 3
8 38 8
18 39 2
6 23 9
4 39 6
17 30 6
28 31 2
32 38 2
28 33 1
23 31 6
7 31 7
20 39 8
35 38 2
20 21 8
9 18 4
18 32 9
18 21 3
24 32 9
14 35 4
32 33 8
12 35 10
30 35 10
7 38 6
28 29 4
21 27 6
26 27 1
25 31 10
18 27 5
19 30 1
9 31 1
27 34 6
23 24 2
32 39 5
30 34 5
13 19 5
19 39 7
3 31 8
5 21 8
26 31 10
24 29 3
24 31 7
21 33 7
3 15 10
28 34 3
13 31 1
6 15 10
6 27 6
14 21 7
21 38 8
7 34 7
15 26 9
15 34 3
19 24 8
1 7 8
3 24 5
32 35 1
19 32 6
25 34 7
15 30 8
16 31 3
21 36 5
10 18 10
4 26 8
27 36 7
13 15 4
23 37 10
20 30 1
2 18 8
21 37 6
11 19 3
21 31 4
2 37 7
7 14 4
21 26 5
7 19 5
14 34 5
16 19 1
20 29 6
4 19 10
22 26 5
7 23 5
34 38 7
29 30 6
20 34 1
8 15 5
5 13 7
31 39 8
30 32 5
2 20 8
15 27 5
30 36 9
19 34 3
3 33 8
6 21 9
9 38 5
15 23 10
3 39 9
34 39 6
23 27 7
12 39 9
18 36 1
8 13 6
14 23 3
11 14 10
12 29 4
35 37 5
15 21 6
7 9 9
1 34 7
1 4 8
9 32 7
7 29 6
27 38 4
7 11 8
22 35 4
7 21 3
1 8 1
11 37 2
18 34 6
13 18 2
28 35 3
8 10 6
2 7 4
13 36 10
30 38 1
14 31 8
20 24 7
13 24 5
10 23 1
19 28 10
15 39 6
11 36 2
13 39 3
20 35 9
6 31 6
11 35 3
6 10 9
9 15 10
24 38 9
29 36 9
8 9 7
8 24 10
20 37 2
7 27 9
7 13 9
32 34 7
21 35 2
31 38 1
5 14 1
17 32 7
13 29 5
6 11 2
14 39 3
32 37 5
7 32 2
22 23 5
23 35 7
38 39 4
9 21 1
26 33 7
26 35 7
25 35 2
5 33 8
27 30 7
2 33 3
21 24 1
8 27 6
6 24 4
8 23 6
8 20 8
9 35 6
8 29 6
9 20 8
37 39 5
6 19 10
31 36 3
13 37 4
25 39 10
4 33 6
23 29 5
3 7 6
23 26 10
1 33 5
23 32 4
26 34 6
2 3 6
4 32 4
1 37 1
16 24 1
10 22 1
17 27 8
22 36 4
20 28 2
31 34 6
1 39 10
4 25 1
26 39 4
25 37 4
30 31 6
23 28 7
9 23 7
3 37 6
22 38 5
18 29 10
14 37 2
33 36 1
3 28 5
3 17 7
10 37 6
25 33 8
10 13 8
2 9 4
23 25 5
13 23 1
12 20 6
21 28 9
7 33 9
28 36 6
22 25 4
6 26 10
33 34 6
1 10 10
7 30 5
15 16 1
17 26 3
10 14 8
4 13 3
1 36 4
18 23 9
4 29 7
4 16 9
4 22 10
1 15 10
2 35 7
3 26 8
24 28 9
19 27 2
34 35 5
12 19 5
7 26 5
2 19 1
14 33 7
9 37 9
15 18 4
10 33 4
10 26 5
16 39 10
15 28 2
5 9 9
1 27 7
19 26 10
1 17 3
7 24 8
15 25 7
10 31 9
17 24 6
1 22 10
17 35 5
12 25 9
29 35 1
3 25 4
30 37 8
11 22 3
31 33 3
16 38 1
9 13 10
16 18 2
1 21 6
4 27 1
17 25 8
2 10 5
4 28 7
14 25 7
15 36 1
10 19 8
7 12 9
9 27 6
4 37 10
16 36 1
20 22 9
2 27 10
10 17 7
11 15 7
16 32 3
31 37 5
11 34 4
4 7 1
4 21 9
2 14 4
6 8 1
7 39 2
29 34 2
1 31 8
5 37 7
7 22 3
5 11 6
4 20 7
3 38 4
6 38 2
9 25 9
26 36 4
12 38 10
16 34 8
19 22 4
5 36 3
14 17 5
27 29 9
5 7 8
28 38 10
7 20 6
11 20 9
27 28 7
8 14 5
17 21 8
24 39 6
4 14 2
9 34 6
4 35 4
23 34 5
22 32 10
11 18 5
3 36 8
9 16 2
22 30 3
2 32 10
2 28 1
10 16 6
28 39 6
3 34 1
10 32 10
1 38 7
20 38 3
13 33 8
9 39 2
8 37 9
11 27 9
16 25 8
7 8 2
15 35 8
1 12 6
24 25 4
25 30 3
18 28 7
4 10 7
8 18 4
24 37 3
36 39 6
3 13 3
3 16 9
13 26 8
17 19 5
3 11 9
9 19 5
11 32 6
8 16 9
22 27 9
10 12 9
25 32 7
18 26 1
31 35 3
19 20 7
20 25 7
12 15 1
10 29 2
11 12 3
14 38 1
3 10 3
19 31 4
9 24 8
5 31 10
16 17 3
14 22 10
3 30 8
4 23 9
7 25 6
22 34 5
8 28 5
17 33 2
4 36 10
12 24 9
17 23 1
6 14 7
14 29 7
7 17 3
1 25 9
16 29 8
1 14 5
17 18 1
15 19 9
6 32 6
22 31 3
1 9 10
14 30 7
8 22 2
7 36 6
29 37 6
17 20 10
16 22 1
12 17 2
12 23 4
20 26 4
18 33 5
32 36 3
14 18 9
26 30 10
35 36 4
1 11 5
11 13 4
28 32 5
13 14 7
13 34 5
16 26 8
5 26 6
5 18 2
15 38 8
17 31 1
34 37 2
10 27 2
23 30 9
19 35 4
10 39 5
10 36 10
15 17 10
17 37 8
5 17 5
4 17 7
21 34 3
16 30 8
4 12 3
18 31 2
3 9 3
24 30 7
2 17 6
25 29 10
21 30 1
1 24 9
16 21 3
3 32 9
18 25 3
9 26 3
4 11 3
27 37 6
6 22 3
15 22 3
13 30 10
8 39 4
12 21 5
10 38 9
2 11 9
3 12 2
9 17 8
14 32 5
12 28 10
8 33 1
13 35 7
11 28 5
5 19 4
7 37 10
19 29 6
3 22 4
6 17 2
10 25 9
11 30 6
12 14 5
24 34 9
18 22 8
18 30 5
9 11 7
12 34 3
22 33 6
22 28 5
8 21 10
6 25 9
6 20 7
7 15 10
9 12 6
14 28 6
4 6 3
8 32 6
12 26 10
34 36 4
23 36 2
16 20 2
4 15 2
8 11 2
14 26 7
26 29 3
13 28 1
9 33 10
1 32 5
5 15 2
6 37 6
27 31 1
18 35 1
14 15 4
13 25 8
6 36 8
1 28 7
12 22 10
13 32 7
22 29 6
1 20 3
19 23 8
33 37 7
15 24 9
24 36 6
12 36 10
15 20 4
21 29 1
11 26 7
4 9 2
6 39 6
4 30 6
3 18 2
19 25 7
16 37 2
12 18 2
27 32 5
33 38 1
15 37 3
1 6 8
12 13 4
1 35 5
17 34 10
17 28 6
1 5 4
6 35 7
9 28 5
33 39 8
4 18 6
16 35 7
7 16 5
4 8 10
21 22 6
7 10 4
10 24 10
22 39 3
19 21 10
18 24 5
8 19 6
10 15 6
5 34 2
11 16 3
5 27 5
11 39 9
14 24 6
3 8 6
25 36 3
17 38 7
9 36 8
30 39 3
25 27 7
11 33 6
5 28 4
12 31 6
24 27 2
29 39 7
20 32 4
6 13 5
14 36 10
26 37 9
4 38 3
26 32 7
17 29 2
26 38 8
28 30 3
10 11 6
2 34 7
2 25 6
1 26 8
6 18 10
15 31 2
8 35 8
3 14 8
13 22 9
14 27 5
8 31 7
5 20 2
3 5 8
7 28 5
36 37 7
1 19 1
12 16 8
2 5 2
6 34 7
