659 1000
137 41
472 24
913 29
169 31
700 41
778 31
570 47
94 36
864 17
80 2
645 38
209 32
367 36
586 13
299 45
722 7
449 47
47 19
772 15
518 18
220 24
867 42
933 44
895 23
807 3
669 33
716 49
527 32
829 34
411 18
882 6
249 38
120 27
313 44
646 20
344 42
957 5
661 3
4 17
716 38
865 19
548 48
656 20
431 29
944 29
668 47
520 34
686 2
519 4
423 1
861 3
38 38
381 26
334 50
990 24
586 32
305 45
466 25
596 7
956 1
330 39
446 47
45 6
24 50
790 36
136 7
233 12
194 46
531 24
768 47
185 11
822 12
532 15
416 6
791 16
575 8
941 22
349 41
764 25
140 41
737 14
183 2
877 38
304 23
171 15
71 35
6 44
723 4
629 39
749 19
325 28
980 49
33 26
4 34
592 29
192 34
616 5
948 9
934 18
896 30
469 49
455 22
599 13
834 29
780 39
835 3
456 45
50 7
775 33
215 14
11 33
263 23
969 47
897 17
167 33
63 11
671 3
813 11
639 25
519 26
570 30
385 44
52 21
474 1
285 48
214 12
710 41
909 31
13 2
4 36
126 13
930 32
942 26
170 11
281 8
523 39
683 43
862 40
461 18
578 21
834 19
417 36
670 19
656 6
790 19
372 8
475 29
419 34
142 38
924 23
554 27
900 18
801 45
553 9
349 48
858 35
981 14
543 49
280 46
616 24
767 9
965 29
164 21
188 37
775 46
208 9
116 8
424 10
330 15
649 27
292 40
220 3
688 31
22 45
948 13
981 15
227 8
214 32
114 48
822 4
215 10
495 34
392 17
377 27
712 25
713 36
174 48
962 22
350 43
501 40
669 21
277 10
252 17
319 44
771 34
166 36
619 6
296 38
536 48
250 29
631 15
956 9
334 38
209 50
521 46
481 43
770 4
878 26
514 17
827 9
234 33
512 14
844 9
684 32
630 7
230 19
539 39
950 26
179 16
51 39
667 38
64 50
34 2
597 44
797 15
415 15
133 42
895 14
277 45
772 32
274 45
202 22
668 14
695 32
903 3
348 4
788 35
640 31
527 39
935 7
826 46
830 26
462 15
82 36
242 28
259 14
108 1
525 27
986 8
657 9
167 8
348 19
964 10
680 50
122 25
509 48
890 2
628 38
174 40
866 45
743 25
885 13
387 35
143 39
440 19
261 46
89 21
559 39
218 45
869 39
241 20
977 3
585 33
839 27
123 36
209 33
801 30
670 15
17 35
858 31
511 19
655 38
747 3
209 50
166 29
521 10
408 13
117 13
786 7
329 39
873 37
478 14
766 32
158 41
69 50
980 43
807 36
957 13
443 8
373 50
750 41
581 7
289 8
731 10
499 33
661 8
472 26
406 11
446 31
856 5
652 24
233 10
594 41
625 20
883 6
316 48
306 19
526 48
837 47
333 41
694 33
239 5
132 41
261 27
65 23
929 7
564 17
745 14
808 26
467 4
764 7
337 48
758 24
638 13
582 34
989 21
91 9
986 41
587 25
926 29
259 43
299 50
81 24
450 33
201 36
872 20
419 38
967 34
773 4
48 27
356 44
391 19
147 50
635 27
745 47
740 12
145 41
137 43
507 18
791 5
227 8
568 35
589 43
861 23
808 18
418 27
774 13
115 28
637 35
793 5
963 24
401 26
23 17
945 47
32 30
339 35
16 12
516 22
26 25
685 48
921 21
248 46
461 6
87 38
822 23
44 41
539 20
251 49
816 3
386 31
31 29
569 22
60 49
192 31
771 19
888 30
193 3
452 44
567 23
445 21
214 4
137 16
601 6
223 20
218 25
237 38
839 46
137 46
694 3
401 8
613 20
291 47
370 21
423 18
768 2
545 36
678 41
542 35
964 12
315 34
12 36
953 2
861 39
749 30
261 34
396 27
439 20
461 13
220 15
506 32
832 28
375 32
848 21
942 10
475 17
184 24
261 39
967 34
909 31
322 11
304 41
32 3
831 5
530 25
476 39
864 32
571 49
669 13
207 11
655 19
607 11
875 27
165 31
479 44
175 48
403 7
296 23
69 28
621 35
518 26
837 46
211 44
777 25
41 18
981 13
85 18
30 16
13 42
271 27
526 8
434 20
907 40
114 24
726 13
896 19
332 11
192 13
174 42
457 38
753 32
441 26
994 2
637 50
133 13
671 32
418 27
998 29
842 17
823 27
558 5
568 47
380 14
704 49
768 40
425 33
192 50
828 44
294 14
598 35
762 27
117 2
268 34
70 3
17 9
561 14
608 29
451 22
61 35
191 38
799 28
125 14
529 1
812 25
185 17
651 17
992 22
952 42
655 6
934 22
925 23
334 33
167 35
773 41
29 10
4 30
106 6
523 9
920 47
250 9
44 27
731 23
973 1
64 2
726 32
19 6
405 2
559 6
406 6
80 13
965 1
459 41
711 9
572 1
429 31
378 41
788 3
196 40
482 44
165 9
445 20
954 37
886 27
362 50
297 20
952 23
247 7
266 26
110 5
977 20
873 15
612 30
507 45
16 11
985 4
174 9
695 8
878 20
565 42
166 33
161 10
771 50
156 27
919 38
729 13
385 23
347 2
843 1
770 12
710 2
168 43
961 25
999 21
548 35
233 34
159 11
30 6
536 41
915 23
454 30
228 26
898 1
652 30
664 49
377 17
683 35
407 49
257 22
820 32
716 28
295 2
769 12
16 24
555 24
580 18
933 42
681 45
517 18
297 10
68 18
67 29
759 34
245 46
414 28
410 41
522 29
704 40
619 21
55 31
201 38
290 4
28 36
16 15
295 48
641 47
80 38
881 15
893 22
701 29
875 47
889 17
861 47
515 49
640 50
220 25
521 7
689 49
46 44
466 24
473 8
525 38
559 45
982 3
651 37
292 5
2 24
777 23
918 3
540 34
116 22
488 41
692 14
112 49
85 1
401 41
850 31
204 36
553 22
693 42
77 43
1 31 8
31 610 4
349 610 8
1 441 2
414 441 7
445 610 6
404 610 7
74 610 1
325 610 6
228 441 4
1 459 6
9 610 4
141 441 4
1 233 6
556 610 6
1 656 8
494 656 2
262 459 9
248 441 7
146 656 5
31 394 2
1 638 3
118 638 4
58 233 4
394 656 10
394 531 6
218 394 9
78 610 3
288 531 8
46 610 6
1 251 4
610 642 5
113 531 3
31 268 1
93 268 4
251 645 4
123 251 6
1 177 7
169 642 3
120 610 10
177 296 3
265 610 6
416 531 7
185 656 5
177 517 3
468 642 5
43 517 3
233 474 3
293 531 1
1 548 3
198 459 5
235 474 3
214 517 8
240 394 1
24 268 10
162 441 2
338 531 5
308 638 2
90 394 6
1 566 10
233 300 7
531 621 1
121 610 10
233 569 6
457 610 9
351 621 5
237 394 4
370 642 1
268 594 10
368 548 3
188 233 10
300 628 4
123 621 8
509 645 7
83 548 2
31 441 2
233 433 3
401 638 4
474 580 4
28 31 4
274 433 2
459 470 6
447 628 7
60 580 1
251 620 3
433 596 7
542 566 4
92 233 1
49 596 10
300 418 2
124 566 10
418 509 3
286 638 2
447 620 10
296 323 2
433 644 10
492 580 1
233 307 8
529 620 8
158 638 5
277 645 6
12 548 2
218 433 9
381 645 10
418 513 2
79 509 4
33 548 3
268 563 4
433 467 1
432 621 5
538 569 8
221 418 5
287 307 10
350 418 10
361 596 2
519 580 1
196 628 6
417 470 6
259 441 1
561 638 2
5 296 10
303 566 5
222 594 6
527 621 5
33 233 1
606 642 7
569 603 1
413 638 8
114 509 9
233 471 4
156 177 6
31 191 1
179 610 10
335 580 5
328 517 8
25 644 10
1 615 10
255 517 5
513 518 3
146 569 7
350 509 5
350 563 9
399 509 4
478 580 6
471 501 1
296 449 4
250 449 8
418 625 3
72 594 3
394 555 10
296 478 10
516 642 2
378 555 4
123 531 9
77 603 5
566 631 3
481 621 10
592 610 1
184 625 5
70 418 4
191 483 2
382 594 4
369 441 4
53 610 10
100 459 1
474 576 9
531 615 2
371 620 7
116 471 5
440 642 4
224 620 6
177 458 5
459 569 4
137 628 10
44 625 8
237 441 6
252 323 4
60 268 5
518 602 5
102 471 6
200 478 6
396 625 1
284 433 5
449 548 5
406 470 10
133 478 4
644 647 5
121 509 8
96 610 3
647 656 9
12 31 10
556 603 4
52 394 1
76 177 6
296 559 5
263 645 2
304 647 6
287 458 5
285 645 5
251 389 2
580 596 2
449 451 9
415 580 2
296 651 2
605 656 4
23 628 1
31 107 5
177 438 7
478 599 2
580 627 5
406 645 6
8 594 8
307 500 6
458 546 7
161 656 10
406 621 8
418 543 8
394 602 4
531 653 10
116 517 7
233 546 3
412 500 8
307 369 10
126 300 7
307 366 8
550 651 1
376 599 7
467 582 7
1 350 7
307 439 8
98 603 4
12 107 1
529 644 2
296 397 9
516 518 1
343 470 4
163 563 6
260 268 8
576 638 10
513 639 1
233 584 9
184 459 4
474 565 1
233 616 3
596 646 4
397 427 1
201 620 8
220 451 1
307 613 8
268 492 3
41 513 2
113 580 1
215 470 7
452 631 9
146 631 4
466 531 10
134 449 2
628 655 10
387 625 2
564 613 3
417 631 4
560 627 3
295 483 9
541 625 5
105 628 6
29 438 2
518 645 10
395 513 3
562 628 6
86 569 7
176 449 10
36 620 9
154 296 4
541 651 3
251 578 5
69 628 8
67 656 8
13 576 5
191 587 9
397 569 3
10 639 2
178 646 4
544 655 7
595 646 3
57 603 5
333 369 6
104 565 10
438 474 5
175 397 5
123 471 4
66 474 10
462 565 1
315 397 1
325 543 1
471 483 4
587 645 9
191 380 10
350 441 7
133 653 9
418 572 2
135 653 10
250 350 2
115 594 6
508 646 9
555 625 2
516 555 1
357 610 3
301 642 7
23 478 5
513 552 5
216 323 7
451 646 3
440 613 4
307 506 1
251 480 5
307 368 8
610 637 5
264 655 8
251 526 8
304 483 7
93 470 3
368 646 2
14 380 5
252 621 1
191 427 5
79 501 1
531 638 6
344 563 9
259 546 1
412 474 7
316 616 9
202 366 8
249 653 1
531 582 3
206 501 1
260 427 2
69 625 7
369 545 6
164 555 5
45 471 9
438 501 2
21 518 9
80 389 6
53 441 10
177 326 10
335 559 3
185 268 5
431 546 3
389 404 3
227 576 6
72 350 3
51 433 5
356 646 1
10 656 1
239 620 4
345 647 2
542 625 10
1 297 5
509 639 2
419 638 8
180 297 9
305 616 10
31 537 5
387 602 3
570 576 7
307 495 9
518 558 7
563 596 2
138 625 6
544 599 6
615 651 8
451 452 7
46 474 6
94 177 5
473 569 9
459 582 7
267 596 6
108 558 9
192 625 8
566 645 9
96 107 1
317 644 9
373 653 5
467 576 2
256 552 3
449 495 2
351 369 4
292 307 5
126 627 3
382 639 10
241 656 1
7 513 5
177 452 8
307 513 2
327 404 7
259 268 8
232 545 4
424 441 3
369 636 4
330 451 10
139 584 2
432 458 8
360 558 8
433 620 6
70 467 5
510 594 10
389 623 1
365 452 2
403 543 4
177 213 2
105 653 4
351 509 2
452 565 6
548 594 8
8 642 6
500 551 8
526 555 6
217 478 10
261 638 5
300 480 4
492 541 8
366 571 2
286 615 9
261 580 5
351 366 4
27 565 9
330 620 10
449 632 4
286 569 9
430 566 4
183 651 10
528 602 4
309 551 10
251 405 4
251 585 8
307 610 2
535 655 7
369 594 3
251 594 8
368 658 9
368 524 5
89 404 4
451 526 1
417 628 5
260 580 2
13 458 8
128 537 3
146 615 8
179 585 9
1 396 4
578 622 1
433 526 1
68 495 9
500 640 3
334 518 3
248 603 8
388 638 7
501 560 6
425 438 7
320 451 8
289 572 6
389 570 3
227 369 8
347 587 10
336 603 5
176 658 8
556 636 1
510 631 1
102 470 8
426 506 5
211 636 9
85 623 5
82 551 8
44 441 8
483 509 2
121 656 1
361 642 10
55 548 7
31 531 4
64 524 10
577 585 5
403 599 9
56 578 9
288 610 5
476 518 9
253 537 3
365 580 10
75 509 4
4 571 3
403 638 5
157 404 2
612 651 5
380 543 7
464 501 7
233 571 6
433 447 6
216 625 7
389 639 9
552 583 4
372 495 3
485 646 10
306 656 1
307 614 1
343 441 6
134 380 8
495 567 10
1 416 3
109 566 7
579 642 1
563 595 2
487 585 2
420 492 3
341 524 3
226 570 3
522 560 6
425 587 10
566 569 5
603 645 4
236 651 4
420 621 9
442 572 8
430 563 9
119 563 9
184 570 6
366 395 7
156 492 10
73 623 6
253 405 1
213 594 5
390 567 3
18 628 2
376 518 9
469 628 4
174 546 1
101 548 8
63 614 1
537 615 2
534 602 3
300 633 4
333 350 3
480 563 8
397 533 8
258 441 7
526 587 1
183 594 3
185 404 10
88 251 2
434 637 10
190 545 9
156 582 2
615 622 6
168 596 3
77 191 7
118 394 1
213 320 10
101 404 8
389 492 2
395 632 9
107 178 9
543 620 5
446 526 7
191 542 8
543 572 6
365 467 6
270 542 4
474 611 8
26 644 4
368 494 8
389 603 5
610 638 6
306 631 3
508 569 4
107 161 5
640 653 10
214 658 6
251 470 2
213 361 5
281 565 5
124 602 10
178 574 4
252 543 2
191 339 3
249 552 3
206 625 2
85 637 5
320 410 1
220 268 9
421 621 9
253 470 3
107 564 9
615 657 7
94 622 2
322 513 7
262 438 6
304 410 2
286 637 1
178 596 10
61 543 4
11 578 5
376 566 8
337 470 6
516 584 2
79 433 3
199 580 2
248 361 4
95 582 9
325 584 9
44 531 5
614 657 6
318 427 9
492 494 9
570 608 1
125 397 7
565 599 7
182 637 1
432 582 1
501 512 3
351 625 6
356 595 4
310 631 7
540 603 6
316 350 3
399 608 1
506 564 7
299 546 9
493 560 6
33 587 10
40 394 2
259 427 4
239 449 3
280 638 10
189 558 4
79 389 5
40 645 6
280 397 1
1 631 9
640 655 3
34 628 6
263 571 1
611 640 7
358 559 7
338 584 8
178 286 8
500 594 1
363 524 4
560 631 6
108 596 4
69 326 9
501 636 7
368 372 7
480 597 9
9 555 9
274 449 2
323 569 8
388 531 7
367 597 7
524 620 3
366 622 6
113 418 4
177 580 1
346 551 2
353 569 1
447 573 6
167 596 7
596 609 4
361 404 9
19 565 6
178 600 6
473 551 5
428 517 10
292 518 10
273 320 10
366 546 9
345 559 7
161 611 10
307 533 1
281 404 9
1 259 7
80 458 8
31 161 1
131 567 9
221 597 2
122 655 7
562 610 2
323 604 1
327 615 8
262 603 9
6 599 3
42 441 9
293 548 9
168 433 8
216 645 3
265 582 3
277 512 3
191 202 6
296 312 8
233 604 7
16 583 3
564 616 6
433 446 9
191 356 3
615 638 1
248 639 3
397 402 2
145 446 2
326 380 10
387 555 2
625 637 4
363 513 8
451 585 5
318 478 10
124 202 6
430 638 1
404 559 8
368 578 3
296 369 9
202 560 1
467 640 2
418 636 4
202 279 2
495 560 8
314 542 4
438 498 6
441 607 4
115 441 3
509 551 9
7 552 4
312 482 6
107 380 8
431 537 6
373 607 1
409 558 5
294 604 10
404 608 6
287 492 8
321 651 2
234 433 8
77 640 3
386 541 6
375 459 10
522 640 5
595 657 2
300 637 4
130 555 2
526 543 10
281 645 7
474 532 4
533 537 10
418 447 6
357 623 7
198 573 3
158 366 10
201 613 9
471 504 4
495 565 8
613 651 6
356 608 6
48 307 8
471 650 9
159 361 9
517 583 5
80 512 5
34 638 6
56 602 5
249 582 1
285 512 6
212 470 1
389 483 6
100 513 10
476 640 8
80 651 9
501 621 7
561 583 10
600 603 9
474 535 2
91 555 4
53 572 4
461 578 1
369 551 1
540 608 6
15 542 8
348 531 1
386 402 7
362 509 4
350 470 1
320 559 9
479 656 8
170 615 2
438 607 6
110 372 8
62 628 2
557 595 6
77 404 2
61 501 3
332 571 8
120 395 8
638 639 4
157 651 4
130 478 8
401 594 6
346 459 3
433 519 7
101 504 7
402 609 7
284 394 8
356 430 10
604 607 3
452 500 6
116 300 5
298 625 2
594 650 8
210 535 8
415 430 1
348 614 4
535 543 4
232 599 8
584 653 9
418 618 6
66 433 9
319 585 10
357 524 2
372 609 2
77 628 1
58 614 10
483 555 4
153 430 2
608 658 9
105 356 4
486 552 1
76 535 2
400 596 8
394 559 3
162 397 1
90 546 2
115 559 1
249 567 7
66 416 9
483 500 4
270 657 6
106 583 6
194 504 8
471 642 4
1 657 6
90 438 10
400 616 6
482 583 8
464 559 7
439 571 3
121 620 9
472 614 10
452 538 8
169 395 4
288 474 3
149 582 10
500 556 7
535 567 3
404 475 8
91 610 10
375 645 4
381 446 1
394 444 4
298 633 10
266 638 3
76 538 3
320 558 4
92 416 9
106 519 1
572 650 3
491 546 8
56 395 3
350 374 6
420 449 1
254 608 6
361 645 6
237 395 8
336 631 6
319 541 8
199 576 3
480 552 10
213 277 6
83 633 6
390 565 9
94 570 2
368 482 10
302 602 3
386 471 7
298 452 8
122 395 7
202 411 9
578 627 1
112 396 6
233 650 4
177 631 2
504 613 5
153 640 2
344 555 2
155 368 9
276 610 10
510 653 2
279 464 9
115 405 7
314 389 5
448 495 9
192 259 1
304 574 3
165 430 8
166 444 5
1 469 8
631 650 10
576 608 7
4 658 1
522 616 10
158 628 2
152 535 6
19 537 4
449 603 4
126 565 6
90 433 1
187 616 1
116 633 1
319 447 9
253 642 5
312 333 4
47 585 6
387 564 3
177 269 4
548 655 5
29 640 7
191 488 7
597 618 7
47 632 3
495 597 3
294 506 2
418 421 1
21 312 5
552 553 1
330 551 5
180 471 2
404 593 4
7 658 5
140 500 10
293 518 10
297 487 1
369 424 8
255 404 2
426 582 10
242 333 9
57 161 9
29 320 9
421 593 3
374 572 9
82 531 3
180 543 7
41 372 2
376 633 2
121 449 3
557 646 6
596 652 7
172 537 2
204 411 3
107 166 10
396 608 8
132 439 6
422 652 9
237 509 1
15 645 9
166 572 7
350 514 10
598 642 10
339 518 8
495 622 10
31 131 10
265 609 1
643 658 9
83 350 1
395 549 6
229 657 7
403 446 5
480 578 10
127 395 3
227 286 2
602 650 6
479 482 2
587 620 9
3 555 6
4 545 10
269 509 1
74 487 4
14 614 3
333 514 8
410 611 1
306 542 5
221 563 10
87 279 3
129 524 2
467 589 1
526 531 5
253 478 1
174 580 8
209 587 4
