401 1000
945 16
178 48
86 22
972 4
883 19
355 48
271 29
573 9
575 8
74 24
181 11
7 21
673 16
189 4
573 13
202 26
795 21
727 5
695 25
488 25
829 4
849 30
967 17
39 30
109 19
665 47
881 43
281 43
170 6
682 43
302 48
418 41
599 25
522 15
950 22
877 26
647 2
33 4
892 26
994 2
396 1
94 9
139 1
749 26
791 25
509 3
629 35
892 23
632 6
245 9
679 48
802 33
598 23
427 17
619 47
396 25
302 25
800 32
880 45
350 41
632 13
133 41
339 29
327 5
937 13
79 8
894 3
590 8
528 36
501 41
881 1
346 33
232 49
671 19
756 30
218 41
703 42
771 50
745 50
915 17
938 14
786 47
16 36
745 33
314 17
406 4
476 32
343 18
316 50
940 42
686 8
472 48
629 17
575 33
34 41
985 20
129 9
606 30
455 39
69 10
343 49
777 47
882 14
617 50
889 23
388 32
955 24
393 6
661 27
655 4
121 49
69 31
568 37
481 14
722 16
893 4
348 8
111 24
921 25
951 45
712 16
552 42
758 9
439 30
767 42
672 28
101 45
171 9
651 39
996 20
8 17
916 12
673 19
631 9
958 48
80 15
959 34
514 11
329 2
942 41
956 35
799 9
376 3
175 2
541 50
492 28
256 10
713 2
725 22
936 9
374 31
30 24
326 15
54 15
241 33
300 11
543 33
975 28
413 11
165 43
849 29
576 10
563 2
17 49
727 40
978 13
196 24
566 5
905 38
79 23
286 44
388 48
439 45
655 42
266 8
666 41
862 21
134 4
477 21
764 7
569 46
118 27
903 40
64 27
499 41
52 6
737 11
403 21
664 10
720 22
470 4
963 18
563 29
798 24
355 8
621 11
808 25
752 24
942 42
735 2
235 30
136 19
517 50
540 47
564 20
876 41
364 33
788 15
171 14
45 22
329 31
669 35
584 21
704 25
976 44
187 19
339 13
552 41
482 13
900 23
939 7
35 28
348 28
484 3
475 16
528 24
486 47
498 30
438 16
215 37
655 23
9 28
226 7
230 41
779 29
467 50
616 10
947 4
473 5
763 19
527 32
162 33
431 28
78 7
706 5
460 7
662 12
194 11
788 33
138 39
407 50
952 44
66 11
137 6
964 6
138 41
895 23
703 16
934 38
896 42
934 46
63 17
596 6
388 48
778 23
408 43
375 30
98 42
221 21
574 43
327 46
338 22
347 8
47 15
597 10
595 38
456 30
217 47
520 28
916 41
773 20
8 44
857 7
350 13
258 34
56 23
824 40
615 12
885 22
153 26
609 39
670 25
258 43
788 25
59 35
223 3
347 33
18 33
864 18
105 14
71 6
972 17
742 20
411 7
427 24
764 3
990 30
601 1
692 35
602 43
284 19
12 31
87 28
430 32
17 21
600 50
448 34
85 49
175 33
31 30
69 32
452 48
202 9
67 24
345 27
788 39
133 22
678 32
144 12
631 31
636 14
70 31
660 11
757 18
516 8
998 27
501 5
281 7
815 37
145 16
192 35
382 50
449 8
33 44
180 40
733 20
150 43
57 12
624 34
754 40
609 25
237 20
425 13
252 42
476 22
420 49
610 22
461 34
26 1
551 35
487 15
673 17
220 31
212 23
144 41
973 32
356 20
890 19
329 9
52 9
623 1
176 12
249 28
888 39
150 21
776 2
873 17
802 16
440 31
493 9
825 25
933 33
544 48
781 30
825 31
998 49
649 19
960 30
939 23
234 29
583 4
517 26
834 45
579 47
536 12
491 13
372 35
105 40
878 23
263 44
378 46
1 276 10
187 276 4
1 59 1
59 62 7
59 97 10
41 62 8
62 323 2
1 177 4
304 323 10
177 272 9
20 97 2
1 119 1
276 308 7
308 325 7
97 399 7
32 59 6
10 399 9
1 323 8
59 372 7
127 372 1
62 217 4
62 186 7
21 399 3
177 183 3
62 133 3
59 116 9
116 339 6
292 339 7
138 217 4
276 347 8
45 133 1
200 217 7
1 184 2
11 217 1
183 218 5
177 385 9
332 339 10
141 186 3
183 375 6
6 372 4
133 345 3
28 116 3
284 385 2
272 345 2
351 385 4
276 281 10
373 375 1
186 270 9
366 375 7
270 309 4
55 281 2
57 276 10
97 325 6
119 269 10
22 270 4
166 399 6
93 218 2
239 281 9
7 309 2
218 270 2
39 308 9
19 269 10
97 388 2
119 218 1
47 345 2
142 272 5
51 375 4
217 372 10
97 203 1
218 357 2
186 272 3
119 262 1
112 323 3
90 270 2
62 122 9
1 191 10
81 122 3
60 385 4
183 263 2
217 359 9
48 133 10
263 318 5
248 347 2
21 59 6
89 325 4
263 401 4
203 400 3
176 308 6
60 276 8
54 62 7
218 307 6
303 359 5
55 400 6
62 234 9
59 167 9
261 345 6
186 307 2
348 385 8
119 358 2
96 234 5
372 398 3
164 186 7
272 362 5
325 341 9
11 281 2
11 385 3
166 318 6
349 375 3
156 177 10
229 385 3
236 401 9
341 400 10
218 388 6
109 269 4
315 401 2
62 231 6
262 327 7
183 358 1
252 262 8
203 281 9
187 218 9
183 260 1
1 136 2
154 345 1
281 299 3
280 308 3
51 400 2
209 399 2
98 307 4
327 360 7
149 372 4
16 276 2
262 315 4
90 385 10
352 375 2
119 309 1
106 315 2
171 262 4
160 357 6
167 355 3
122 299 9
134 234 10
185 231 8
62 330 8
346 385 5
133 368 10
59 398 3
128 203 8
68 276 6
313 357 5
174 315 10
59 391 10
105 262 1
81 398 5
134 341 1
112 167 2
222 357 8
115 136 6
38 347 6
168 401 8
115 308 2
165 217 9
161 281 9
84 116 5
107 217 2
317 385 1
90 388 6
357 400 3
133 377 7
36 203 6
256 270 4
231 282 3
133 322 8
359 397 7
138 399 10
91 397 1
125 315 3
271 323 8
111 183 1
42 362 9
88 191 10
56 122 7
1 132 6
368 372 9
358 390 5
74 308 8
35 327 3
324 357 8
87 400 3
304 360 3
145 339 10
184 338 2
320 355 8
45 385 5
132 369 9
65 263 9
272 388 10
260 303 5
183 383 5
339 353 1
307 357 5
48 383 6
338 360 5
188 339 2
94 322 5
55 315 9
86 400 4
249 375 9
323 378 1
229 353 8
78 260 5
231 386 1
386 397 3
37 378 4
289 308 8
262 316 1
255 260 5
42 385 7
17 282 10
334 375 5
268 327 1
62 114 4
2 262 3
267 399 1
310 390 10
329 390 10
332 390 8
149 217 6
107 372 4
45 184 10
362 370 3
342 353 2
377 390 7
258 330 7
119 227 8
62 74 3
214 378 4
191 286 6
234 384 9
177 283 1
105 286 10
74 349 10
92 282 7
334 377 2
39 299 4
234 379 4
40 116 6
202 307 9
202 272 10
315 350 1
122 262 2
230 318 6
22 358 10
297 378 10
276 286 1
162 286 10
58 114 1
262 318 8
252 339 8
168 369 6
303 353 7
114 286 7
210 385 4
166 357 3
267 377 8
25 384 8
227 266 1
167 322 7
234 252 10
227 288 2
303 315 1
116 323 4
39 218 1
162 401 6
123 186 9
100 347 4
25 388 7
210 359 3
195 217 10
80 116 2
123 322 4
122 341 4
16 281 5
191 266 6
203 270 7
199 383 2
130 377 8
39 398 3
168 341 7
108 372 4
138 397 3
299 391 6
181 339 8
304 383 10
2 263 9
122 365 2
188 234 1
8 360 2
1 24 9
22 282 1
372 377 3
1 270 2
177 305 3
322 338 2
267 370 5
113 318 10
105 167 10
147 308 5
149 184 10
6 116 5
213 286 2
203 374 7
290 305 1
7 132 9
26 375 10
255 270 7
271 372 1
327 378 1
229 347 4
199 365 7
257 374 7
49 227 9
228 358 6
116 245 6
60 262 5
234 310 7
226 358 2
74 216 2
313 330 2
379 390 4
85 270 4
74 265 8
62 196 4
122 177 1
322 325 5
151 347 10
190 374 1
2 59 4
24 78 8
360 391 9
45 183 10
5 355 1
74 297 6
231 400 1
309 386 2
67 265 1
314 383 1
290 384 10
182 276 4
88 339 4
21 355 9
81 97 2
113 116 2
237 283 2
104 122 9
244 323 5
185 360 1
276 374 9
31 231 7
263 316 9
184 283 3
39 345 5
365 374 1
154 379 5
24 243 5
163 309 8
160 191 2
114 369 5
38 133 2
357 397 2
243 307 1
170 330 4
1 391 7
1 327 8
59 173 3
310 357 1
294 370 1
333 359 7
202 357 4
78 399 4
174 297 6
119 183 1
297 374 4
83 355 9
91 272 8
120 245 1
96 272 8
114 373 4
186 391 6
328 359 1
236 243 6
196 383 1
355 360 10
145 365 10
292 358 3
3 388 9
118 360 8
287 345 6
120 388 1
4 191 8
191 397 7
272 358 8
199 360 5
282 340 2
13 379 5
177 330 6
262 322 1
268 316 2
311 370 2
28 136 9
151 191 10
286 301 5
345 355 2
110 386 9
160 341 6
355 362 5
177 220 7
280 355 7
41 386 9
16 308 9
132 204 2
149 231 5
216 310 9
131 186 9
237 388 2
11 265 1
14 378 5
238 272 8
132 337 4
207 383 6
111 399 5
27 122 4
122 211 6
124 400 9
154 309 8
97 241 2
190 220 7
102 281 6
123 377 10
272 303 8
111 384 3
264 360 8
204 207 3
33 388 7
122 191 1
143 355 8
80 318 5
198 263 1
88 355 9
73 337 2
255 390 3
295 341 2
271 365 6
375 391 7
26 339 5
24 34 6
180 398 6
3 375 3
201 377 8
231 303 10
35 281 8
139 184 6
117 390 3
135 204 10
218 284 7
214 282 4
217 286 5
133 223 2
327 339 5
104 305 2
327 372 5
259 297 4
41 307 10
21 309 3
161 377 6
142 183 8
7 286 6
388 400 9
143 183 10
177 304 1
350 361 1
155 400 9
206 299 2
267 330 4
12 347 9
190 355 4
265 273 4
153 252 9
113 136 10
308 380 8
358 379 2
180 368 4
122 145 6
257 273 5
282 373 8
258 359 8
4 265 10
220 387 6
1 256 7
42 74 3
173 207 8
320 378 3
283 357 2
136 361 6
233 350 3
167 281 8
140 347 7
114 214 2
24 133 7
115 339 3
183 269 5
13 173 3
120 350 8
25 283 9
193 265 3
119 174 1
143 186 4
48 353 3
114 242 7
307 340 1
291 301 10
155 243 4
136 297 4
252 388 3
126 282 1
263 287 2
273 318 7
89 269 9
248 388 4
260 321 3
151 252 7
106 373 10
74 259 7
297 325 8
112 259 6
21 370 1
64 339 6
230 287 2
355 399 10
136 388 8
279 309 6
270 305 5
167 288 2
133 375 10
56 231 3
252 363 2
122 338 10
62 211 2
196 216 3
371 385 5
62 355 3
148 384 8
148 353 4
53 204 1
7 62 4
116 237 6
329 357 7
46 242 6
272 359 9
270 322 6
263 338 8
321 341 1
293 308 8
266 340 4
100 174 1
217 376 2
32 132 10
143 337 10
183 205 9
283 332 4
220 365 7
208 369 5
234 283 7
57 384 2
220 320 1
220 345 8
221 287 3
153 330 8
59 240 9
143 196 4
229 390 4
269 336 7
256 280 3
358 369 7
210 223 6
147 309 3
107 122 7
205 242 2
59 384 2
283 379 6
78 166 2
62 255 5
297 342 5
331 388 1
151 384 1
158 304 10
281 338 2
243 362 8
223 338 3
266 341 5
13 376 6
1 198 8
217 340 3
43 397 2
141 345 1
71 345 9
76 308 6
31 340 10
240 337 7
305 387 8
239 374 8
17 116 3
71 217 9
249 386 1
207 365 7
71 243 1
196 240 9
174 340 1
179 361 9
297 366 3
33 198 7
177 372 2
48 198 7
288 360 9
167 339 10
222 281 7
171 240 2
275 337 7
246 282 2
150 262 2
182 370 8
254 341 2
152 223 10
97 354 8
269 341 4
227 400 1
158 207 6
286 353 9
144 166 8
308 378 6
47 284 3
167 227 9
95 316 7
33 132 5
266 384 7
231 244 9
216 362 2
188 301 9
232 366 3
308 355 1
91 332 6
65 305 7
98 287 6
263 300 3
259 341 9
142 325 5
45 220 1
68 370 9
73 167 5
78 227 6
205 276 4
310 373 8
203 284 8
59 298 6
106 304 3
205 327 1
219 358 6
155 368 4
3 218 7
166 390 4
322 399 9
230 301 3
205 281 10
303 400 2
271 383 9
186 269 6
170 339 7
173 185 4
203 317 1
93 398 5
286 293 2
207 316 8
68 263 7
269 359 3
259 355 9
123 379 6
202 276 7
167 368 1
350 400 4
180 340 9
99 116 2
67 231 1
187 377 10
199 366 1
216 240 7
260 322 5
59 94 10
288 356 5
251 330 5
53 366 5
280 353 3
298 391 6
75 231 9
19 114 10
245 361 3
281 339 3
183 362 8
79 183 4
166 186 4
107 116 1
213 284 5
93 372 6
291 388 10
160 378 7
225 321 4
214 400 3
153 347 9
71 317 9
117 366 7
133 321 7
3 362 1
133 269 2
332 398 2
83 369 9
53 368 3
307 363 1
179 234 9
266 273 10
231 335 3
192 205 3
72 339 8
186 384 10
290 308 2
250 365 1
303 327 1
48 372 8
271 332 7
390 400 5
260 360 9
131 304 5
282 401 1
84 325 5
185 365 6
206 359 4
258 284 1
83 323 2
122 390 5
211 318 6
122 182 9
325 356 1
251 353 1
29 211 9
225 332 4
63 198 8
114 398 10
173 328 1
166 401 3
318 357 8
34 293 5
125 280 8
141 204 8
276 361 1
358 362 6
16 241 9
44 255 3
325 337 8
132 327 5
147 349 8
193 390 3
247 342 5
78 364 5
133 207 6
141 234 4
266 299 4
302 347 10
227 393 4
375 384 1
62 336 1
293 301 4
209 363 10
177 299 10
88 335 10
269 369 6
156 216 2
12 386 6
321 336 2
116 296 7
126 374 7
388 399 1
241 255 3
125 339 10
139 364 9
247 310 7
25 184 8
215 359 6
181 356 9
351 368 10
71 354 6
139 281 7
172 332 6
339 379 1
153 316 2
107 119 9
20 287 4
258 325 9
118 321 4
262 263 1
233 339 1
365 383 6
187 374 8
33 323 2
57 330 1
62 370 8
5 350 3
24 315 8
196 398 7
104 320 6
136 267 7
321 393 10
390 391 4
122 235 8
78 198 5
270 370 7
71 244 2
166 348 10
318 361 3
36 281 2
10 114 2
198 204 5
35 307 10
2 320 8
147 245 1
272 297 6
61 368 1
252 313 1
100 191 1
239 338 2
227 368 6
185 296 2
319 354 9
237 345 1
139 266 4
216 303 3
254 263 5
61 313 6
37 391 9
335 379 8
161 365 5
237 322 3
231 387 8
218 304 1
120 322 4
5 196 5
112 186 7
124 373 7
136 327 10
241 398 10
267 393 9
80 198 2
235 282 5
116 372 7
73 119 6
104 401 7
119 223 1
167 310 5
110 378 3
337 401 7
153 243 9
122 154 9
244 338 4
327 348 8
311 320 6
153 375 9
123 218 3
166 376 8
59 327 5
116 139 4
280 284 1
305 365 5
67 322 3
163 167 4
292 347 7
63 154 2
188 317 1
203 386 1
361 380 7
220 336 2
234 300 3
105 341 3
143 373 7
43 388 1
26 220 1
233 335 9
255 276 6
138 315 10
252 293 9
224 270 6
328 391 2
250 372 1
5 259 10
231 370 6
180 198 4
260 361 5
56 132 3
123 191 4
380 381 4
82 166 5
84 204 2
281 303 9
291 378 7
180 270 4
32 62 10
176 259 3
84 399 9
272 290 4
222 330 4
119 237 8
86 260 8
30 288 9
80 340 6
34 369 9
50 364 4
66 166 1
146 266 7
171 364 2
228 374 10
335 373 8
299 317 6
120 349 5
107 269 5
83 361 9
6 283 7
280 366 1
267 300 7
93 132 6
299 387 2
142 307 8
301 388 9
252 255 2
284 381 4
280 383 1
226 234 6
84 97 9
189 323 10
353 359 9
9 119 10
245 366 6
273 399 10
330 387 10
323 353 2
253 374 6
62 244 3
62 243 10
269 305 10
20 384 1
4 338 9
208 220 8
177 351 9
48 341 2
155 376 9
133 343 8
41 183 9
165 391 1
208 265 9
23 375 7
217 282 3
198 270 3
43 338 1
83 332 8
24 143 6
134 167 4
102 397 5
184 308 10
159 218 3
237 263 4
256 298 4
369 379 2
34 364 3
360 378 2
278 393 10
209 316 6
21 354 6
203 348 7
216 320 6
227 359 9
54 234 9
46 182 3
120 359 4
204 345 5
329 345 2
355 388 6
155 282 7
107 211 5
133 153 1
363 378 5
130 298 3
167 303 9
97 197 4
112 173 6
290 379 8
