742 1000
79 33
365 6
794 17
726 47
991 48
114 9
120 21
504 40
922 19
645 13
747 8
964 14
583 37
374 40
820 33
778 42
588 16
445 5
537 19
76 9
240 12
102 14
617 45
837 46
793 49
559 41
450 40
142 17
990 30
948 20
276 41
928 24
470 41
387 18
489 48
725 24
990 46
665 26
423 29
679 22
560 45
469 29
362 29
521 32
565 40
113 42
47 2
515 10
477 20
575 21
497 35
173 7
915 26
940 38
356 8
357 10
757 18
423 31
38 3
744 22
683 38
697 43
592 3
185 29
564 21
806 46
291 5
5 46
454 50
494 43
644 41
68 36
124 4
31 32
303 18
267 34
116 49
488 4
833 38
198 34
827 7
998 15
996 11
576 16
388 2
40 36
795 48
16 16
588 48
630 31
837 37
494 46
223 34
438 13
297 4
920 17
881 45
545 17
999 35
645 40
124 39
420 14
202 31
796 28
662 33
64 11
645 38
989 23
889 50
310 37
227 26
112 48
885 17
463 8
131 44
778 47
449 1
932 5
289 30
787 24
385 37
817 39
70 10
936 10
245 27
977 19
126 23
935 25
981 35
742 44
371 35
960 31
655 14
867 6
462 3
203 48
14 48
170 37
83 39
951 36
402 8
389 27
421 27
386 50
881 17
310 18
987 47
876 31
538 24
447 21
433 46
844 21
546 22
509 21
12 37
352 22
148 8
771 7
240 36
983 34
845 34
787 4
57 33
927 22
540 1
155 13
776 27
507 43
959 42
392 39
405 2
82 21
820 1
387 2
610 38
611 10
110 40
433 13
959 8
738 28
451 11
340 19
598 39
691 22
757 44
873 24
304 43
252 35
380 19
294 40
671 13
696 6
992 39
630 45
888 45
640 20
686 30
494 34
927 45
289 10
892 20
643 49
239 37
325 16
34 5
628 16
238 13
530 39
832 11
898 2
347 3
452 9
29 6
524 10
10 7
442 24
765 23
358 41
976 16
417 46
1 27
760 35
238 50
155 33
484 11
669 4
795 32
163 11
572 9
773 21
291 41
28 13
710 4
312 9
893 40
336 41
965 26
425 38
182 7
393 8
196 28
345 36
426 15
305 27
246 37
256 32
531 30
959 1
641 48
137 28
96 25
23 5
104 46
747 49
706 43
581 15
147 14
99 29
164 23
402 2
759 20
714 7
432 48
313 20
726 10
185 4
341 5
40 17
543 5
595 1
624 46
445 29
675 10
954 32
75 11
104 28
761 2
561 30
192 28
899 48
166 6
350 44
402 28
978 3
479 20
841 16
454 17
467 33
934 39
535 39
168 1
412 12
603 2
839 27
178 29
276 3
392 47
69 24
905 20
933 44
966 2
176 24
578 8
671 16
845 28
560 16
378 10
333 11
336 34
437 45
980 8
975 3
297 16
342 45
7 17
380 11
773 8
918 20
716 48
807 33
499 20
83 15
160 17
677 42
865 29
584 3
516 21
659 4
909 50
165 29
782 39
580 12
241 39
959 20
507 36
762 11
850 39
652 11
937 37
759 11
303 44
421 27
929 43
537 24
582 23
107 50
236 1
508 23
762 48
525 3
276 15
458 43
234 46
854 37
983 7
184 30
937 48
196 49
821 29
927 9
277 47
326 20
870 24
533 28
786 37
480 15
534 1
750 39
714 34
634 3
120 12
881 32
515 7
883 36
580 5
855 40
228 48
251 22
27 32
533 21
276 21
227 17
889 22
518 37
28 8
455 39
484 50
538 34
144 15
700 2
721 11
669 36
30 45
521 7
777 31
496 14
362 39
987 12
616 23
971 12
658 12
144 30
884 43
43 12
59 36
133 7
384 46
413 24
615 11
25 39
173 37
294 26
148 13
637 4
910 37
216 10
829 42
683 5
405 17
788 26
735 6
282 43
579 33
256 41
473 2
579 25
375 30
131 12
702 32
588 50
992 20
712 20
484 4
967 24
104 20
143 29
343 37
619 3
450 42
52 34
563 35
355 16
489 20
993 43
77 29
794 26
590 22
485 20
541 31
250 7
857 15
292 47
662 42
153 19
35 19
46 2
647 29
751 12
546 21
759 30
698 39
765 12
607 44
315 3
589 48
431 29
244 42
108 41
283 43
138 15
784 19
878 17
446 23
431 10
551 25
76 27
127 18
610 44
496 25
426 5
172 27
310 6
825 32
188 15
280 48
111 28
423 25
470 6
815 18
927 2
296 9
455 2
590 37
232 17
998 17
58 28
128 30
126 39
35 12
222 38
207 44
435 25
358 31
329 23
1 26
211 49
242 30
407 38
740 14
149 15
140 14
17 4
881 21
848 47
284 30
915 26
226 1
375 19
550 25
700 13
950 26
545 32
269 31
24 50
891 28
545 28
985 37
963 10
510 12
430 22
250 13
839 22
452 45
655 27
145 50
44 36
923 37
339 50
975 44
832 6
716 23
657 34
171 29
2 13
197 15
493 10
66 23
444 20
322 31
205 40
515 40
728 36
11 40
301 43
498 4
920 13
403 22
483 6
680 2
496 11
141 10
445 34
650 12
970 28
352 20
665 9
725 24
865 48
894 31
683 1
37 45
711 40
387 7
254 24
684 48
605 6
353 24
955 29
8 39
254 40
613 32
251 21
744 4
504 1
812 6
885 23
798 5
513 19
529 27
762 24
215 3
14 14
696 5
25 8
285 42
53 24
396 24
439 35
125 18
12 7
674 9
726 41
427 12
667 12
782 4
621 26
188 9
637 8
98 46
718 9
572 7
906 9
728 29
923 44
130 30
711 41
152 10
922 33
943 4
562 43
381 47
414 16
515 3
808 42
173 18
607 36
788 8
686 22
844 41
453 8
747 21
323 6
982 43
356 31
496 10
589 30
368 22
356 29
393 13
858 5
602 12
974 37
240 35
51 31
406 5
981 8
345 30
344 2
305 26
654 34
87 19
761 35
669 21
633 35
761 5
781 44
336 22
159 23
934 32
243 12
312 23
884 10
49 18
19 9
542 35
113 32
678 28
896 19
679 46
657 2
607 44
546 22
158 35
666 47
695 47
282 23
345 19
282 50
810 35
351 21
509 23
883 4
956 26
818 28
583 4
72 18
233 30
726 30
382 20
181 16
107 17
291 5
749 21
601 44
871 38
416 11
866 29
991 31
873 5
407 26
324 8
259 19
999 28
547 22
949 50
191 5
224 39
878 16
524 29
412 17
700 24
142 45
975 25
659 9
963 29
952 2
405 42
524 7
995 29
461 12
644 31
27 1
174 12
407 50
992 34
519 49
250 22
45 11
618 17
440 39
843 29
858 48
693 38
711 29
812 1
464 15
18 24
857 37
406 31
522 49
733 18
713 44
1 658 4
302 658 5
652 658 3
522 658 2
658 669 6
426 658 8
1 247 3
247 471 7
279 658 9
428 658 5
470 471 9
1 192 9
403 669 6
98 247 9
376 669 5
247 325 5
325 526 9
192 641 6
526 739 8
192 633 9
303 669 1
98 633 9
433 471 1
41 669 5
158 633 8
102 658 5
192 694 9
208 325 4
75 694 1
641 723 9
223 325 9
274 471 4
325 507 6
500 669 6
251 723 7
658 661 1
218 723 1
658 694 9
471 624 1
325 528 5
192 194 4
357 528 5
1 509 8
413 509 3
71 325 2
227 509 10
172 633 1
509 708 4
35 641 6
35 739 1
1 183 3
184 739 10
528 538 8
269 526 8
528 665 4
35 658 3
196 641 4
1 129 10
723 730 4
569 633 7
526 585 2
534 669 4
447 585 4
99 538 5
507 609 8
280 661 10
94 192 7
370 723 7
380 507 3
75 708 10
197 538 8
160 528 1
279 708 3
51 509 5
528 700 10
50 194 8
345 585 7
194 218 8
247 308 8
260 700 1
175 528 9
278 658 9
519 730 5
425 585 8
194 284 3
46 585 4
284 410 9
526 719 3
50 708 1
482 509 9
513 633 10
507 613 4
474 528 6
218 305 6
308 521 3
20 665 7
192 654 5
526 712 3
421 665 4
528 547 4
42 538 9
126 308 5
441 665 9
37 183 9
218 676 8
1 208 7
254 284 9
404 730 2
518 585 1
183 652 10
283 641 7
247 286 2
204 585 9
192 569 2
507 676 5
129 535 2
581 676 3
149 624 6
415 613 3
325 417 7
507 528 2
48 624 2
307 661 8
208 297 3
195 676 3
609 650 1
99 526 10
1 246 3
205 286 6
426 723 6
464 665 2
208 597 8
54 585 7
284 441 6
305 653 6
605 661 4
215 247 3
247 509 10
10 297 4
118 410 9
346 547 9
209 509 6
493 613 5
633 664 7
194 292 4
196 569 7
286 568 9
218 581 9
579 597 7
194 230 4
135 471 10
241 585 6
414 723 7
614 658 9
168 325 8
292 632 2
700 719 2
317 653 2
441 502 8
166 712 8
41 676 4
430 538 5
166 417 10
347 441 7
429 664 10
395 538 6
183 524 7
412 528 3
112 538 4
654 712 4
199 230 1
326 719 2
192 620 2
246 379 6
373 613 5
558 723 6
431 654 3
370 471 10
129 366 3
475 581 6
658 659 2
308 577 4
353 739 3
295 641 2
572 669 9
494 624 1
230 565 9
521 738 8
211 568 6
382 526 3
308 671 1
339 712 4
26 665 4
7 652 8
526 618 1
106 538 10
574 652 9
84 471 4
127 441 9
565 643 10
712 742 10
49 194 5
57 366 4
234 565 9
318 509 2
620 631 3
263 694 6
286 379 10
43 694 1
246 448 4
532 624 7
485 719 8
183 416 1
286 386 2
277 547 8
230 259 9
220 665 3
284 314 8
546 547 4
25 620 7
203 659 5
12 671 1
386 403 1
536 585 6
290 730 10
250 379 1
153 676 4
504 712 7
168 194 3
664 719 7
410 694 2
410 737 2
79 643 3
694 739 5
84 664 2
100 633 5
330 448 5
221 658 9
192 206 5
471 669 8
192 312 1
325 451 7
259 582 1
258 565 10
80 708 9
676 726 10
132 305 4
305 480 4
374 609 1
292 565 10
246 366 10
230 430 7
658 733 7
249 480 4
471 568 2
598 613 4
230 238 1
183 223 2
205 208 8
297 568 4
183 551 6
41 742 1
479 547 9
551 568 3
410 445 2
554 641 8
48 708 7
396 618 9
450 631 7
528 741 8
247 445 6
366 414 5
191 568 3
55 509 10
500 568 9
129 254 7
183 646 3
118 403 8
548 723 3
60 551 6
245 676 5
690 730 3
278 526 3
547 722 10
299 568 6
291 507 4
1 571 7
325 619 10
632 735 8
445 575 10
613 629 8
150 284 2
233 379 2
582 716 7
594 643 8
439 726 3
311 582 9
192 223 4
586 661 6
148 230 3
650 658 10
67 414 7
654 684 10
126 676 6
522 575 1
122 538 10
194 247 5
312 503 9
604 665 7
487 652 3
366 487 1
664 720 10
320 535 3
287 430 9
568 633 10
180 653 6
305 422 9
414 725 9
368 582 3
291 325 4
124 684 8
35 632 7
214 551 4
376 417 2
297 512 3
212 379 6
166 676 4
378 568 7
492 726 9
588 652 3
206 259 8
528 545 5
551 571 7
404 545 8
575 601 5
244 422 9
151 654 6
220 314 2
100 601 9
55 430 7
650 714 4
18 712 5
593 716 2
183 633 8
222 676 6
123 230 6
545 576 3
422 735 1
238 422 10
551 669 9
4 314 1
318 538 2
30 650 1
511 730 7
186 297 5
308 432 3
230 348 3
410 509 9
416 693 9
256 652 8
568 667 1
348 655 3
200 410 8
74 665 3
632 688 10
632 655 8
52 432 10
254 534 7
194 657 3
64 183 10
649 659 5
116 733 4
214 671 4
135 521 3
658 740 9
62 218 1
104 238 2
208 525 5
544 575 2
312 676 1
380 740 3
157 545 8
9 688 10
638 742 6
24 432 6
487 526 2
305 479 2
88 624 10
110 582 8
239 487 1
296 576 9
129 225 10
688 726 3
207 547 4
275 297 7
457 582 5
451 697 2
322 720 5
163 646 4
41 430 5
437 451 3
492 613 7
259 361 10
518 643 1
1 488 5
17 688 10
664 682 2
343 716 8
582 597 5
725 728 3
195 223 2
41 725 5
14 445 5
386 698 2
118 728 4
504 650 6
73 488 6
459 684 1
587 633 2
398 618 5
238 481 8
581 719 6
568 645 2
15 259 7
145 739 6
236 575 9
336 632 9
286 506 7
294 305 10
231 737 10
466 653 7
51 379 1
218 740 9
535 656 5
271 624 1
519 524 8
633 717 7
479 725 7
203 629 5
536 722 1
492 656 8
485 643 2
138 386 3
482 655 3
147 521 7
15 312 6
246 312 8
43 503 5
286 358 7
112 646 5
247 262 10
24 502 7
238 725 3
23 538 9
164 247 5
58 737 3
67 571 2
165 286 8
581 636 2
151 284 3
230 410 10
52 422 4
287 659 2
58 503 8
41 688 1
682 737 7
631 687 8
303 545 7
295 618 2
27 246 6
129 665 6
219 262 7
366 699 2
58 448 1
91 410 7
152 723 6
44 652 1
218 659 9
733 735 9
361 604 10
587 725 3
24 218 10
82 297 4
216 308 10
121 361 6
246 255 5
196 386 2
171 657 6
662 700 10
252 506 3
513 740 6
96 667 9
149 671 5
297 410 4
72 693 2
91 422 1
505 631 1
51 659 7
256 262 1
179 737 1
239 632 4
167 671 8
263 659 10
184 305 6
520 657 7
551 560 2
161 305 9
40 581 1
350 738 4
522 576 5
509 591 1
343 620 7
121 699 2
195 422 10
536 613 4
163 254 8
322 432 6
261 671 7
687 733 3
562 722 9
195 619 5
284 448 5
331 506 7
236 737 3
688 717 6
97 255 5
486 524 3
169 432 4
93 636 2
271 741 4
505 652 4
710 719 2
53 524 6
282 646 1
609 708 2
42 633 2
608 726 6
94 305 5
586 645 2
223 591 2
43 619 9
227 560 4
361 394 3
405 471 4
512 530 10
243 717 7
509 719 10
388 581 7
132 697 7
379 708 10
52 259 8
312 612 1
406 676 1
194 503 2
361 571 1
186 386 7
699 725 10
605 659 3
414 629 10
425 694 7
417 597 3
218 434 9
117 292 8
650 741 7
374 502 8
596 708 7
465 739 9
290 416 5
226 723 4
170 247 6
1 345 10
247 249 9
548 712 3
95 725 4
170 230 4
196 636 6
487 653 10
289 512 8
284 306 4
525 684 6
121 577 8
248 305 2
1 654 10
506 523 4
321 358 3
319 434 10
197 246 6
473 577 3
662 676 6
535 590 2
345 665 10
479 636 6
130 230 7
305 386 8
36 488 5
609 672 4
383 687 1
455 576 8
479 524 2
343 672 8
509 620 1
242 502 2
277 632 2
361 551 3
577 642 8
308 529 4
284 719 3
32 560 4
507 735 6
129 494 3
430 658 7
129 621 1
80 619 7
180 645 1
336 642 5
267 632 1
723 740 9
642 709 4
19 560 4
219 738 4
385 538 9
284 449 8
567 657 7
57 528 7
251 654 4
414 606 6
431 449 3
512 624 8
177 708 2
250 717 3
216 619 5
584 699 2
164 577 1
249 577 6
590 620 10
435 739 2
299 448 5
41 206 10
255 363 8
449 613 10
245 672 9
565 590 3
728 740 5
417 713 3
363 565 9
263 652 3
177 414 6
552 653 2
238 502 4
19 590 6
529 582 5
323 441 2
51 591 10
161 249 1
631 642 6
33 700 10
530 617 3
605 641 4
414 656 3
725 732 6
17 700 3
535 591 2
80 571 2
688 702 10
242 641 7
530 566 6
433 657 5
102 417 6
297 363 7
413 646 10
430 626 8
173 521 5
656 669 9
191 545 6
217 590 6
58 512 4
185 720 6
130 699 7
409 617 2
292 363 9
572 641 8
348 354 3
254 671 9
87 577 7
205 658 2
322 509 8
151 665 4
173 471 3
432 737 9
345 737 3
347 604 3
46 590 6
445 481 6
508 713 7
521 661 6
667 672 8
694 697 5
259 440 2
357 581 4
75 348 10
262 430 6
605 621 8
127 325 4
200 206 3
654 667 9
18 430 2
292 627 5
338 585 9
158 722 3
528 572 3
128 358 5
621 730 6
204 480 5
252 565 1
206 735 7
48 434 10
430 725 3
262 518 8
415 723 2
1 267 5
569 734 9
214 507 7
1 567 3
659 702 6
533 684 5
287 547 5
503 590 10
460 654 8
286 437 8
89 345 5
284 372 5
254 684 5
361 730 6
77 581 10
76 590 5
357 571 5
395 654 6
203 230 6
538 569 4
202 255 4
677 738 3
372 728 5
370 652 9
585 740 10
367 512 1
223 636 9
258 494 7
299 618 7
518 626 5
17 659 7
263 716 10
518 586 1
286 305 7
337 507 1
577 734 4
304 547 4
412 667 10
505 617 4
236 643 1
183 657 10
199 535 7
3 422 1
284 593 10
656 659 1
23 481 2
496 740 3
390 716 7
81 612 8
412 575 7
162 545 6
630 741 10
528 693 6
225 464 4
683 698 5
145 440 10
191 617 7
348 613 2
107 262 10
297 433 3
22 441 10
129 610 9
251 363 8
367 682 7
538 602 2
370 714 7
199 314 5
144 545 7
643 697 1
34 249 1
325 727 1
620 740 4
529 649 7
297 302 6
394 627 3
119 262 7
197 487 6
432 702 5
593 622 10
409 518 5
43 726 4
382 609 8
144 581 9
427 445 4
525 697 7
100 698 6
535 702 8
218 634 1
633 713 4
560 568 1
349 354 2
478 525 10
284 339 5
432 726 9
194 495 10
313 723 2
339 384 9
99 665 2
362 699 9
316 624 5
399 525 6
194 723 6
151 345 10
121 727 3
620 667 5
57 661 1
434 495 4
212 631 4
642 741 9
276 726 2
247 668 4
339 740 7
354 730 7
535 710 10
213 568 4
201 697 2
535 609 5
152 445 2
132 312 1
23 223 8
85 247 8
192 525 8
577 612 9
523 568 1
35 308 6
478 618 9
272 314 3
498 697 7
574 645 7
488 715 8
50 585 1
80 733 5
507 557 2
86 538 1
617 642 5
716 729 3
645 739 8
440 600 3
417 541 3
86 654 8
538 685 2
506 664 9
451 456 5
90 255 1
8 551 3
50 568 1
577 731 7
198 693 3
300 624 6
109 586 7
409 521 1
166 441 6
333 685 8
163 403 8
109 649 1
304 422 4
200 697 9
383 417 3
494 600 1
35 699 7
617 689 2
302 521 5
144 650 8
454 741 7
92 218 2
401 729 3
265 627 6
24 551 1
169 602 3
538 740 6
17 525 4
509 715 5
101 613 3
284 371 2
577 704 6
524 605 4
178 723 2
125 528 4
327 576 3
25 658 10
57 292 9
348 520 9
27 509 7
190 534 9
126 246 10
91 671 10
390 659 6
1 613 1
119 568 1
470 565 3
17 325 3
223 409 10
113 267 10
535 551 8
585 586 6
332 646 7
239 312 1
194 394 3
528 569 9
147 682 10
300 664 9
192 665 5
194 523 10
386 583 8
31 530 9
316 716 1
449 538 3
427 434 6
349 634 4
145 249 4
223 661 2
684 735 7
525 560 6
1 403 3
328 671 5
254 358 3
477 572 10
435 700 3
703 732 9
497 523 4
208 256 3
422 615 4
412 710 7
23 524 8
169 642 3
645 725 10
292 728 9
354 712 5
193 726 7
587 722 9
643 696 7
41 535 5
126 433 4
379 661 9
22 456 7
491 627 6
373 487 6
480 573 7
140 696 1
274 386 3
631 634 1
367 657 10
174 650 2
417 641 6
413 615 1
249 339 9
287 723 5
292 480 3
230 559 5
454 700 3
284 423 1
90 613 2
23 733 7
408 551 4
407 572 4
246 734 6
394 404 1
1 529 2
180 590 9
94 609 8
201 572 8
270 671 6
505 723 7
317 437 6
581 657 6
103 620 4
361 721 2
364 693 10
260 538 2
249 728 8
176 445 6
93 704 8
641 645 1
213 348 9
238 610 1
416 607 3
59 622 5
339 529 3
116 694 3
103 451 10
27 586 10
