57 1000
98 40
69 12
81 35
42 8
64 22
13 1
65 10
36 12
94 6
79 16
95 11
97 7
76 9
43 13
49 10
12 4
89 44
53 16
63 2
51 16
38 6
58 1
81 10
58 16
65 28
85 40
38 6
72 5
3 1
2 1
41 16
89 24
86 4
3 1
7 3
55 26
100 19
14 2
11 2
79 3
24 3
87 15
72 27
13 2
20 9
3 1
21 5
61 19
88 26
40 4
19 2
23 5
78 1
34 5
83 7
77 19
64 15
1 38 2
38 54 3
23 38 4
8 38 6
38 50 5
1 16 1
1 27 3
50 51 4
16 31 8
42 50 10
18 51 6
1 40 1
21 40 1
16 19 9
38 48 9
19 25 1
19 31 2
1 9 1
8 54 9
1 26 5
5 54 2
30 51 4
38 49 1
9 54 7
7 38 6
29 49 9
8 40 2
40 51 1
24 38 8
31 46 2
19 38 2
16 29 1
27 37 9
25 47 5
37 49 4
40 54 3
51 54 7
45 48 3
23 54 8
13 40 8
37 50 9
1 3 8
3 10 7
45 54 6
20 31 2
49 55 7
31 41 3
22 38 7
9 32 6
51 55 5
12 29 3
24 29 6
14 55 10
38 46 7
27 40 6
12 32 5
32 48 6
18 54 2
25 46 7
41 43 6
11 38 8
26 33 5
20 37 5
15 49 4
41 48 4
2 47 10
46 56 6
38 53 10
22 53 7
40 46 7
20 41 2
6 47 3
2 31 2
24 37 4
43 55 9
8 50 10
46 48 7
21 53 7
27 33 10
45 46 10
25 38 10
16 21 10
41 50 3
15 38 1
1 41 10
3 51 4
1 11 5
3 22 4
38 40 7
9 53 8
20 53 1
22 55 10
6 38 3
10 52 9
40 56 5
23 33 6
29 48 5
7 46 10
32 55 2
3 29 2
19 56 3
9 43 9
9 22 8
16 51 6
23 51 9
15 29 5
27 30 2
32 41 1
24 50 5
4 56 4
13 50 4
41 49 1
30 55 2
13 41 3
41 55 10
6 16 3
37 54 4
7 33 3
27 55 6
1 7 1
8 27 2
6 50 2
35 40 1
30 47 2
7 19 1
1 42 6
1 33 2
25 30 5
11 30 5
1 25 10
7 40 7
18 52 10
12 47 2
9 25 9
16 43 7
23 29 10
28 31 9
15 21 1
35 51 7
27 41 6
38 39 8
12 42 8
26 53 9
9 18 6
30 56 3
19 43 5
3 48 3
2 38 7
49 53 2
8 25 1
4 25 10
49 50 10
11 57 4
10 21 6
54 55 2
20 42 4
18 30 5
11 52 9
33 52 1
8 42 2
11 29 3
24 39 5
13 22 9
7 29 2
27 43 9
1 21 4
11 20 6
40 53 9
32 36 6
44 52 9
53 54 2
22 29 2
30 34 7
22 24 4
7 20 5
3 24 4
9 40 9
1 46 4
30 48 2
37 57 7
6 32 1
13 52 6
41 42 2
9 33 2
32 38 9
18 36 5
30 37 8
5 52 6
1 32 8
27 50 1
21 47 5
8 24 1
18 31 3
35 48 3
3 26 3
48 53 4
20 48 10
22 36 10
20 39 3
2 53 8
39 53 6
5 38 6
9 55 2
11 27 3
15 46 3
4 7 5
26 52 7
27 28 3
16 55 1
26 44 7
7 35 3
22 28 6
1 51 2
53 56 3
7 18 1
3 36 7
29 52 2
16 25 9
22 42 6
20 44 3
33 42 6
5 29 8
42 46 2
43 56 3
11 39 3
37 51 5
10 19 7
30 32 2
28 51 4
19 29 2
19 28 1
35 57 3
40 52 6
7 11 10
16 36 10
25 39 10
4 46 1
40 47 10
17 43 1
44 53 2
37 42 10
46 55 6
34 54 3
31 43 3
20 55 4
19 35 6
28 53 1
48 55 9
11 44 8
9 44 10
25 41 4
19 49 3
35 43 6
19 42 5
1 48 8
48 57 1
14 34 5
32 43 10
47 56 10
47 51 1
30 42 7
47 52 3
7 22 5
6 48 9
5 35 8
31 51 8
10 38 2
20 40 10
10 40 10
21 27 3
19 39 10
31 45 9
7 27 8
37 55 1
34 45 6
36 56 5
25 40 6
7 47 3
11 18 9
39 52 9
33 49 7
34 47 9
3 52 5
3 45 6
8 29 1
45 56 5
11 32 8
11 24 3
5 27 1
21 44 2
20 29 7
47 53 8
29 39 1
2 34 2
25 33 4
21 48 8
37 53 2
43 54 2
28 39 7
3 44 10
30 57 4
23 48 4
24 46 10
33 57 10
39 44 4
4 20 10
7 12 7
8 9 9
4 33 5
28 45 5
21 45 3
4 39 10
33 45 2
34 48 3
41 46 2
34 55 7
23 52 5
16 28 4
26 55 8
20 30 8
27 35 4
24 45 1
36 53 6
9 19 5
13 43 8
32 54 1
1 56 4
13 26 1
26 31 6
9 30 4
33 36 6
22 26 5
31 38 1
15 27 6
10 22 10
3 7 10
9 46 6
11 53 6
1 22 4
43 52 4
22 37 6
33 53 4
22 35 4
13 38 9
24 57 10
40 42 5
36 41 7
13 18 4
25 57 6
35 44 10
11 47 1
12 40 1
15 56 5
32 40 6
25 50 5
3 21 10
10 25 9
8 37 10
9 16 3
7 25 10
29 45 4
11 25 1
8 10 8
17 28 10
1 47 5
6 52 6
11 12 10
4 21 8
41 56 5
16 34 9
37 43 8
16 30 1
18 19 1
26 27 4
18 34 6
4 51 8
19 37 7
34 53 1
9 45 10
21 42 3
18 48 6
15 44 8
34 51 4
17 51 2
5 10 9
35 55 4
35 56 6
32 46 8
20 36 9
22 25 10
22 51 4
21 23 1
33 56 4
18 27 8
42 44 6
6 27 9
9 56 1
13 46 7
1 36 2
13 19 9
44 49 9
16 52 4
14 36 10
14 29 9
13 47 9
2 48 7
8 46 1
11 22 5
27 48 2
29 38 2
11 33 5
39 42 8
3 9 1
3 27 6
39 50 7
5 44 5
14 42 6
13 32 7
25 52 1
9 51 5
4 28 1
23 36 9
12 26 3
7 54 2
36 38 10
12 46 7
29 56 1
26 50 8
25 37 7
19 24 9
36 43 10
46 52 2
23 49 7
31 55 6
5 25 2
26 35 6
35 50 10
29 50 4
44 45 10
2 16 4
15 34 8
12 27 3
47 54 10
35 45 5
27 46 10
7 55 5
12 37 8
5 45 3
10 23 3
26 47 2
11 37 10
29 30 10
15 30 5
1 34 6
1 35 10
12 45 1
11 45 9
28 33 6
24 30 9
42 54 3
20 35 7
6 10 4
7 13 2
28 46 3
26 45 10
26 38 4
16 18 1
12 34 4
21 43 10
45 47 7
5 50 2
9 24 6
30 35 3
1 6 10
27 34 8
37 47 2
36 37 10
9 10 10
13 16 1
11 26 1
7 24 10
13 42 9
38 41 10
30 50 1
15 25 3
39 47 3
22 27 6
12 28 9
3 17 5
20 32 7
34 52 4
48 52 4
19 46 2
10 33 7
33 40 9
31 44 2
28 43 8
24 28 1
20 25 5
36 57 1
22 40 8
35 41 6
16 56 6
28 54 8
4 35 9
29 55 8
29 32 9
15 28 10
21 37 9
11 16 4
2 9 1
10 37 2
33 51 9
21 49 10
12 43 2
34 44 4
23 41 5
41 45 9
23 35 10
19 23 3
25 34 2
13 24 5
20 51 1
16 20 7
7 30 8
12 51 7
1 45 3
16 17 1
10 20 4
31 56 2
27 51 1
26 40 5
25 42 7
50 57 9
28 44 1
29 46 4
16 32 8
13 14 9
36 39 5
41 52 5
14 28 6
12 25 1
34 56 3
27 36 1
19 27 5
7 49 4
10 17 3
31 36 6
40 41 1
47 57 9
20 21 2
22 39 6
21 22 4
32 34 8
27 32 9
45 49 7
41 57 6
29 33 9
11 15 5
21 30 3
7 50 9
4 23 3
44 55 7
20 45 1
6 37 10
26 34 2
4 22 2
41 47 2
1 17 8
10 46 3
6 29 5
6 25 5
6 23 5
23 34 2
19 54 4
18 21 10
16 47 5
14 46 10
2 30 8
45 50 4
10 49 8
17 50 2
19 52 3
29 41 4
9 52 10
14 50 7
3 49 7
1 43 7
38 44 9
26 43 5
12 30 7
23 31 6
23 50 8
31 49 1
15 33 8
16 33 5
52 57 6
25 45 5
28 47 10
49 56 10
17 54 4
6 42 6
12 54 7
12 20 6
13 53 6
15 20 1
13 48 9
26 56 7
39 49 3
26 51 5
26 32 5
26 41 1
36 50 4
22 45 4
23 26 3
23 40 7
2 43 1
37 39 3
5 20 3
21 57 2
10 24 1
15 45 10
2 27 7
6 19 9
6 31 8
6 57 6
36 51 6
11 49 3
43 44 7
36 55 2
49 54 1
46 49 4
18 41 6
34 57 3
18 24 9
8 49 3
10 32 7
2 40 8
15 19 6
56 57 3
10 55 8
32 42 3
2 32 7
22 57 9
32 56 1
9 49 1
18 49 2
7 21 5
13 17 7
15 36 7
32 57 6
12 35 1
13 51 9
2 19 4
17 52 3
9 21 5
3 31 3
18 56 8
14 39 2
11 42 10
18 28 10
9 15 8
4 9 9
35 46 4
31 52 3
6 22 3
17 18 5
22 32 7
36 52 8
18 32 7
26 30 3
22 46 9
20 38 1
8 52 7
24 47 1
20 24 1
5 57 1
21 34 6
32 51 9
15 53 6
42 56 8
17 22 1
1 20 6
38 52 3
40 45 4
39 46 9
25 26 7
2 28 4
6 51 2
35 36 8
22 30 3
13 15 8
32 37 5
6 26 6
19 26 1
43 53 1
3 34 1
39 40 3
11 56 7
44 46 4
5 56 3
44 57 1
41 44 3
21 24 3
6 55 5
12 14 10
52 54 6
29 42 6
2 6 2
6 44 6
19 48 5
51 57 8
3 50 5
33 46 3
1 24 10
44 56 9
12 50 7
49 52 5
26 49 9
4 57 8
27 54 3
31 32 4
3 5 10
17 33 9
16 49 6
17 57 3
49 57 2
44 50 3
38 51 3
16 48 5
7 48 3
3 38 5
5 24 1
21 28 3
14 35 9
37 52 1
17 48 8
39 55 4
17 37 9
28 34 5
15 55 4
28 57 6
24 27 7
25 36 6
10 18 5
39 45 6
28 32 5
4 53 3
39 43 10
19 51 8
24 48 10
32 47 3
38 45 10
1 15 2
23 25 8
1 53 3
11 34 10
9 35 4
51 53 10
12 49 10
24 33 9
21 31 3
26 57 1
39 48 9
21 32 9
27 57 10
17 30 7
10 31 1
45 55 10
4 50 1
17 21 2
8 33 10
16 26 3
10 15 8
55 57 10
15 32 6
1 10 10
23 43 1
14 57 7
33 54 10
25 49 2
32 49 1
30 45 9
44 51 7
9 20 4
7 51 5
22 47 6
12 22 2
16 45 1
35 42 4
5 42 1
19 41 3
35 38 1
22 34 3
42 57 1
8 11 6
4 54 9
14 37 6
29 34 7
20 57 2
15 24 5
20 52 6
17 29 2
33 48 8
15 43 1
28 36 1
29 37 6
19 22 7
11 17 10
19 47 2
29 36 8
12 48 1
18 22 7
15 17 5
5 32 9
20 54 5
25 43 10
50 52 2
16 46 3
24 32 1
29 35 7
3 28 2
5 6 4
20 22 1
19 36 5
33 43 7
25 27 7
9 50 5
42 52 5
16 44 8
13 23 5
3 53 9
29 44 8
27 49 10
26 54 1
10 39 1
30 53 6
24 55 10
10 53 5
31 48 4
16 50 10
7 15 3
7 31 5
21 54 9
19 33 7
9 28 2
5 39 7
5 22 9
14 51 9
8 18 9
41 53 7
42 49 10
24 36 7
10 47 4
30 52 4
47 49 6
42 47 2
24 42 3
24 40 9
19 53 2
17 20 1
17 45 6
1 29 7
25 54 2
37 38 2
5 34 8
4 19 7
1 44 9
14 56 6
42 55 1
14 27 3
15 35 10
46 51 2
8 17 2
1 5 4
8 34 9
21 26 7
18 42 6
4 45 9
22 50 1
8 13 7
3 32 10
15 16 5
25 28 7
45 57 9
2 5 6
11 19 3
20 56 3
28 29 6
31 40 2
4 12 8
1 19 6
54 56 9
23 47 3
7 17 2
43 47 6
3 16 4
30 33 1
40 49 4
26 42 3
23 39 7
11 55 1
18 44 2
36 46 8
11 41 8
9 23 6
11 40 7
12 24 3
5 30 1
27 52 9
6 28 8
7 43 9
11 50 8
24 53 7
10 45 10
17 38 10
47 50 7
15 39 6
46 47 4
27 45 3
18 35 3
16 40 3
46 57 2
53 55 3
8 21 10
27 53 9
6 8 9
14 25 9
34 42 2
6 34 4
13 56 4
19 55 7
15 47 2
41 51 10
17 44 10
5 15 7
5 18 9
11 28 4
16 38 2
14 24 2
4 37 9
10 11 7
27 44 10
30 41 7
46 54 10
3 47 8
24 51 9
24 26 3
38 57 1
2 37 1
3 46 4
17 24 4
34 49 8
14 30 9
16 27 2
23 46 1
19 40 7
43 45 2
14 17 9
2 15 8
39 41 1
8 53 3
6 54 7
26 28 7
9 41 2
27 56 1
3 23 3
18 37 3
5 9 5
31 47 9
10 50 4
34 46 1
52 55 3
37 41 6
18 20 6
23 27 9
43 51 3
23 53 8
12 18 9
3 8 2
2 22 9
13 37 7
29 57 5
40 55 10
32 33 9
16 24 2
25 44 7
14 21 7
28 49 2
50 53 4
13 36 3
34 43 8
28 41 10
8 39 4
38 42 10
12 23 10
39 54 7
35 39 6
19 32 6
15 50 6
