601 1000
389 18
462 18
344 11
690 32
358 30
481 49
179 10
252 50
504 8
810 5
259 39
315 42
149 13
882 4
45 13
457 17
453 13
318 25
707 19
604 44
255 48
122 2
611 19
779 26
772 35
510 19
927 35
510 8
734 40
817 31
263 2
813 9
364 1
681 30
644 37
723 46
406 22
567 30
94 39
717 30
745 38
752 7
896 25
555 48
894 22
212 19
842 34
801 18
988 34
685 26
179 5
169 29
102 10
881 30
348 42
9 5
803 50
813 14
608 43
380 11
795 43
712 26
583 41
810 29
523 11
353 6
815 14
919 27
110 43
458 12
771 50
980 2
307 46
108 42
571 25
381 33
50 15
935 12
438 40
28 35
881 49
509 6
439 7
917 23
67 42
814 34
279 9
901 12
984 36
29 15
95 36
718 41
351 50
452 27
310 22
870 4
807 10
1000 22
724 1
838 10
148 22
915 28
872 5
823 15
586 48
136 28
636 41
328 25
900 16
213 42
752 45
131 7
359 27
754 39
688 33
344 50
2 46
746 20
87 15
11 9
6 33
81 12
203 23
94 19
21 24
635 5
621 24
154 38
455 5
460 40
906 26
641 40
101 28
331 8
571 7
76 1
825 34
513 41
648 14
459 7
688 12
276 30
929 28
866 26
996 41
827 38
844 47
693 31
815 9
167 6
923 21
885 27
76 19
585 25
25 1
542 14
236 6
31 16
947 8
856 6
784 33
953 13
919 15
376 44
452 50
331 30
690 3
47 7
506 34
892 29
378 32
607 12
770 22
119 22
67 39
896 10
74 29
619 28
964 38
474 34
294 20
563 8
300 5
562 45
94 33
471 14
121 6
296 50
137 34
698 24
1 23
899 10
715 43
588 17
194 32
934 46
75 1
107 48
870 30
752 33
425 20
518 23
308 28
768 48
642 12
876 23
581 42
640 6
956 35
727 32
650 15
810 44
178 31
46 33
990 48
408 42
260 28
673 21
202 17
178 25
500 22
409 43
820 50
824 46
817 34
817 45
324 29
147 33
902 34
983 24
677 10
21 18
975 23
130 25
113 16
259 23
209 22
882 30
715 39
393 14
758 5
911 46
839 35
653 39
440 6
311 44
758 32
197 44
330 28
99 23
573 15
907 16
943 41
587 44
122 15
674 3
573 8
948 39
622 31
258 34
296 2
382 32
434 30
935 47
343 25
813 19
866 45
804 5
932 49
707 31
825 2
246 25
40 32
14 49
170 36
657 10
211 35
631 38
711 43
548 24
55 39
99 28
461 10
884 8
263 17
104 31
267 36
301 32
166 36
12 23
106 18
865 25
169 36
71 12
470 44
262 7
263 12
80 10
293 46
76 35
2 24
507 1
962 23
976 19
190 15
297 3
255 50
20 47
489 22
371 46
765 12
675 22
99 9
163 38
646 49
490 22
80 26
391 29
238 30
674 22
651 17
26 34
387 10
583 34
356 32
446 35
890 40
94 23
8 30
136 8
241 44
30 10
270 44
86 11
288 2
476 23
687 38
582 33
910 17
4 46
663 45
60 27
596 39
353 40
4 44
278 4
391 5
184 4
511 2
229 27
412 4
908 43
806 2
36 43
521 43
205 47
801 19
540 16
354 32
214 20
137 33
917 27
379 13
706 5
839 36
278 26
944 2
981 15
398 34
950 21
904 21
975 27
4 41
123 33
592 2
282 42
736 33
866 37
358 32
536 18
87 46
455 26
452 28
685 6
826 21
946 15
727 7
587 30
408 17
163 14
977 48
667 50
961 16
940 46
198 37
621 15
921 24
738 40
650 24
611 13
816 38
724 15
560 3
813 23
693 34
94 28
569 35
453 8
187 27
504 25
256 1
122 27
916 9
553 21
243 19
820 4
848 34
791 50
628 50
60 30
571 22
618 31
888 5
49 17
2 36
427 36
1 9
540 23
229 39
156 10
605 44
434 3
882 35
923 38
505 29
163 36
728 48
797 3
392 34
641 22
980 30
355 18
744 15
260 48
488 21
853 11
975 14
730 7
145 44
967 10
758 5
972 10
970 29
632 3
760 39
396 32
968 14
422 15
631 26
225 4
832 6
600 3
234 39
468 14
41 43
803 47
537 20
332 13
5 4
89 29
794 1
716 32
325 20
136 11
421 24
143 37
734 3
374 38
654 11
304 18
89 8
98 28
219 37
363 4
911 8
499 45
303 37
934 44
804 5
934 26
488 24
14 48
533 34
626 45
654 9
819 2
284 29
96 15
412 27
288 8
937 37
407 33
161 8
900 27
349 23
935 12
373 27
631 31
255 37
493 25
386 25
676 37
597 20
743 2
70 12
757 2
173 40
109 40
324 18
936 23
746 26
922 43
348 47
521 30
269 45
68 29
338 32
559 4
640 45
446 21
730 2
474 24
226 38
191 12
687 38
386 8
731 26
530 27
624 39
28 13
699 38
609 7
563 6
749 29
897 42
324 43
167 23
409 15
714 29
598 29
294 5
186 38
995 49
789 37
327 16
95 4
592 46
755 36
612 43
805 21
88 10
316 32
351 38
686 29
843 37
875 43
657 1
240 48
324 48
653 35
937 27
105 26
196 11
739 26
828 44
89 35
600 33
32 45
537 1
964 30
992 41
446 16
104 42
784 3
162 28
146 10
59 22
909 23
950 20
967 31
877 24
642 26
346 3
105 36
499 25
411 19
599 6
953 11
291 11
692 19
489 50
1 454 6
1 469 9
452 469 9
153 454 9
192 469 10
173 454 2
1 328 10
205 328 4
376 469 5
317 469 2
328 550 4
1 545 8
92 545 2
328 419 3
353 545 2
130 454 10
65 454 2
174 328 9
24 419 8
1 89 9
328 496 8
89 532 6
419 480 6
89 498 6
183 419 9
398 545 6
261 469 3
78 496 8
38 328 1
89 351 5
218 351 6
1 226 9
476 498 5
328 481 7
328 418 2
214 545 10
98 419 8
419 521 4
328 397 4
186 226 6
98 481 8
351 476 1
68 351 10
454 512 2
419 533 9
188 419 8
397 434 8
89 260 8
481 574 7
521 577 3
239 532 4
314 577 8
226 392 10
147 481 5
46 512 8
321 476 3
398 521 6
152 351 6
162 418 4
188 454 2
150 533 10
87 226 7
361 533 9
315 481 1
351 522 2
89 196 5
512 520 8
84 532 9
1 253 7
284 512 2
434 578 7
378 419 9
148 226 8
377 496 8
203 226 7
344 550 3
447 481 10
476 592 1
498 601 1
403 520 6
260 584 8
382 522 10
140 496 10
480 521 1
450 533 10
204 521 2
219 512 2
30 584 10
277 496 3
469 521 7
229 574 10
299 434 9
199 260 5
148 577 2
437 480 10
257 397 4
260 433 9
555 578 1
400 418 4
254 434 4
54 260 5
348 520 7
433 445 8
22 574 1
334 496 5
98 397 8
328 440 5
214 469 6
43 196 5
161 433 5
186 445 2
465 592 2
431 512 3
541 574 4
372 592 4
377 545 9
143 392 9
480 532 5
1 559 10
106 545 5
299 521 9
283 328 1
112 328 1
503 577 2
141 226 10
226 498 8
454 581 3
94 434 2
406 584 5
387 532 9
249 550 8
377 520 4
360 419 10
533 543 4
228 584 7
284 351 4
89 104 4
512 533 7
392 487 10
253 365 2
391 522 1
341 397 10
353 581 5
40 418 1
194 496 4
18 434 10
25 481 3
365 469 4
26 480 3
578 598 5
61 351 5
44 253 10
102 521 9
539 559 1
399 496 9
443 545 2
350 440 7
366 481 7
194 487 6
350 392 5
26 433 10
117 601 7
29 454 10
489 498 4
419 469 9
521 563 1
489 563 3
172 328 7
460 476 6
1 480 3
260 462 9
1 419 6
281 454 9
145 563 8
253 269 8
226 244 1
208 496 4
77 533 8
1 307 4
67 496 6
351 419 1
120 269 6
260 372 4
392 531 2
392 408 5
126 440 9
213 481 1
134 408 8
351 533 3
136 260 8
74 397 8
73 445 8
15 418 2
312 418 3
101 260 5
128 512 7
245 253 1
204 522 1
136 496 2
226 337 7
496 506 6
160 397 2
83 462 10
77 89 10
89 349 3
379 487 1
345 469 3
59 445 9
469 528 1
397 457 2
194 397 10
437 543 3
239 392 1
79 481 3
214 480 8
57 480 2
135 392 10
444 481 9
172 372 1
209 457 4
248 545 4
236 521 1
418 596 1
264 533 9
337 450 4
322 365 8
257 520 7
181 307 8
464 469 2
382 481 1
437 550 1
150 226 6
1 574 6
524 543 4
134 512 8
255 512 2
135 496 9
369 522 1
89 444 8
244 406 7
444 520 1
153 592 2
72 532 1
498 520 2
126 598 4
127 351 3
104 312 4
292 480 8
240 521 3
478 577 8
372 437 3
260 309 8
102 406 8
145 522 4
260 484 4
457 574 2
151 528 3
502 543 8
421 531 10
253 532 5
468 496 3
397 417 4
280 512 6
229 531 1
359 397 7
20 531 7
250 476 1
174 419 2
140 309 10
64 419 7
437 442 4
18 351 5
444 567 5
330 469 6
142 457 4
34 476 3
191 601 3
47 462 7
60 592 3
134 397 8
21 349 4
354 454 6
460 481 3
52 543 4
437 471 1
254 351 6
274 349 6
269 438 1
254 406 5
571 601 5
437 591 4
414 521 6
333 522 4
462 481 4
372 548 3
162 307 9
221 567 9
120 481 5
360 408 3
16 434 3
104 600 9
434 593 2
529 578 2
434 555 9
295 532 2
287 462 3
295 555 7
189 532 7
395 578 1
252 533 6
337 370 2
445 457 10
231 307 8
319 406 8
306 528 5
140 593 6
159 531 8
336 480 4
426 512 9
462 538 5
259 545 8
70 226 1
343 538 3
421 480 7
364 567 6
363 498 9
68 454 5
316 481 4
434 442 7
89 526 3
428 521 9
234 417 8
545 577 8
222 545 5
414 545 3
496 504 5
41 438 1
433 518 8
269 296 3
235 480 4
365 543 6
22 543 3
515 545 6
257 349 3
305 457 7
15 577 7
213 578 2
464 578 3
159 440 8
518 526 4
356 506 9
196 275 7
42 584 10
69 104 4
23 442 2
364 434 1
289 406 2
367 406 9
89 268 4
232 476 5
129 450 9
65 476 10
149 417 3
176 392 3
450 519 6
226 234 6
276 528 4
159 504 5
7 260 4
44 457 2
238 484 7
10 563 4
113 526 5
253 376 10
538 600 8
204 601 9
234 581 9
307 547 6
14 433 9
104 159 1
528 597 6
275 447 8
302 484 8
43 275 9
376 462 6
462 545 6
22 581 9
221 469 2
362 444 6
319 442 1
374 522 9
422 538 9
293 512 7
315 547 10
1 548 3
225 592 6
193 365 5
450 495 2
312 404 5
8 351 4
19 496 1
419 599 8
55 450 4
392 520 2
257 591 9
397 459 9
269 317 4
520 550 9
23 518 5
23 484 6
261 392 5
117 593 3
149 159 4
269 441 7
506 507 3
27 526 10
454 532 7
468 548 3
347 598 10
156 518 2
519 557 5
155 349 10
547 571 4
293 601 8
39 528 4
157 550 3
82 269 10
417 440 1
20 447 10
89 487 2
202 307 7
423 545 3
52 434 7
396 519 8
109 441 5
499 531 3
471 488 9
315 496 5
370 510 8
43 89 1
148 545 3
89 433 7
287 597 6
87 506 5
440 513 7
389 526 2
361 406 4
62 504 4
454 495 1
159 310 4
94 548 9
19 437 9
307 376 6
496 600 9
104 512 1
460 591 9
172 596 5
296 588 6
47 584 9
294 450 7
328 487 10
229 312 2
385 495 2
448 600 3
394 450 9
11 442 2
240 268 9
312 452 7
296 498 5
526 563 8
365 495 5
184 372 4
83 469 7
450 452 6
192 559 3
234 400 5
309 528 1
481 569 4
531 584 8
397 465 4
16 459 10
84 226 7
206 454 9
212 442 7
234 509 4
478 543 6
266 592 7
159 349 10
261 418 5
417 498 7
21 337 6
230 581 8
351 593 1
118 545 7
21 438 5
52 559 3
496 528 1
245 392 1
166 450 10
406 507 1
40 506 4
282 518 3
240 365 2
113 522 8
90 372 7
104 504 1
234 477 3
168 441 1
450 503 5
15 510 4
244 588 10
438 449 1
260 468 10
192 433 7
385 433 1
296 466 5
271 445 10
365 450 2
250 317 1
83 441 3
47 309 6
423 555 7
33 392 1
471 498 6
237 550 2
441 496 5
260 337 4
337 413 5
521 527 5
234 564 8
52 577 5
476 531 1
395 574 7
76 310 9
100 310 5
312 596 7
389 599 4
480 506 1
260 334 1
400 592 10
477 577 8
107 557 7
488 496 1
247 370 7
315 442 3
338 376 5
3 600 3
13 244 4
524 550 10
180 597 7
392 547 1
151 437 5
132 392 9
406 568 9
55 468 3
242 296 2
224 454 4
234 577 8
35 312 10
502 506 4
469 563 7
257 507 2
34 584 6
378 592 10
130 532 6
238 365 3
356 370 9
459 585 3
209 419 2
18 260 4
413 432 8
81 503 1
514 533 8
510 555 8
444 472 8
418 421 8
175 445 7
51 226 7
47 408 8
32 519 10
72 452 1
204 527 3
197 496 2
314 441 1
460 568 8
275 487 10
267 309 9
504 537 4
177 471 7
193 468 4
256 509 8
115 545 7
126 234 2
84 447 7
37 442 7
451 527 6
297 444 9
310 548 9
481 592 9
254 472 2
281 459 9
117 376 3
461 578 1
286 567 10
24 518 2
375 548 10
417 433 5
63 196 10
419 571 7
282 503 6
226 379 3
89 385 1
244 580 7
118 253 8
260 416 8
338 433 8
272 592 2
296 521 8
457 528 3
28 438 5
466 559 5
279 533 5
449 597 7
406 526 10
139 522 7
480 600 8
125 445 10
68 564 3
58 441 2
438 475 6
533 582 4
72 588 1
531 538 6
171 588 6
61 442 4
241 581 8
306 376 8
176 548 3
226 318 5
358 498 3
342 349 8
54 447 9
400 531 6
242 253 5
459 593 5
467 537 8
375 445 9
339 569 4
431 518 7
309 480 1
358 512 5
89 242 7
17 466 8
395 537 8
382 581 10
291 578 9
413 598 1
52 510 6
155 574 6
371 557 4
14 477 8
341 447 3
444 457 2
569 574 7
74 253 6
317 483 2
39 471 8
421 560 2
404 464 3
319 471 3
87 318 10
314 555 3
334 528 4
253 363 3
195 563 4
87 434 5
80 419 8
324 372 8
56 244 7
44 547 5
37 349 10
191 537 8
136 533 3
411 468 7
198 555 4
84 507 2
396 527 4
258 469 9
29 445 8
314 472 5
61 433 5
220 567 2
253 459 2
438 521 3
3 555 6
309 596 2
251 309 4
329 440 1
372 569 9
15 413 7
432 565 8
337 465 7
268 449 5
196 424 6
390 417 9
348 469 3
310 426 5
404 554 9
182 447 9
143 533 4
387 400 4
488 540 7
112 487 5
111 440 8
165 557 1
372 571 7
406 528 5
254 372 2
408 594 2
349 517 2
4 400 10
208 376 6
432 570 6
472 474 2
66 538 7
457 571 5
71 328 7
253 483 9
196 483 9
432 467 4
67 495 8
382 518 5
421 532 2
277 521 9
68 569 2
73 440 6
352 400 8
40 597 1
352 406 8
509 582 1
387 418 2
450 594 7
171 581 5
109 521 1
459 520 9
373 468 7
398 487 10
417 555 4
482 537 4
345 540 10
253 373 10
419 585 4
126 433 10
211 392 1
494 496 8
156 519 10
29 506 4
93 580 1
218 464 1
140 563 2
225 599 1
287 591 10
477 520 9
196 450 8
527 543 9
1 289 2
397 567 7
340 507 8
450 540 7
132 547 6
89 400 5
481 568 7
350 588 3
286 498 5
210 597 2
31 385 4
328 521 2
168 440 10
354 540 2
272 528 3
232 580 1
433 459 5
418 441 10
454 456 7
363 486 4
11 444 5
68 503 7
42 588 8
385 527 2
107 421 8
84 564 8
310 504 1
195 582 5
260 472 1
104 269 1
307 440 6
189 481 4
279 419 10
344 518 9
210 564 8
493 559 5
486 543 6
260 488 10
248 597 4
351 353 7
415 506 8
298 483 9
167 592 10
310 318 3
289 601 4
74 476 6
363 460 3
353 439 5
378 577 2
500 574 10
298 543 2
190 519 7
131 594 9
345 424 8
185 512 2
455 594 8
11 445 8
431 468 3
34 450 1
467 601 6
472 504 4
474 543 10
333 365 7
373 532 2
145 578 2
488 529 5
178 477 5
8 408 8
365 483 9
30 498 2
323 591 7
177 557 5
264 513 2
309 397 5
452 586 1
117 438 5
426 554 1
116 560 5
260 280 5
302 408 2
53 460 9
143 426 7
307 532 3
14 275 10
275 354 8
196 457 10
130 513 8
444 587 7
174 309 9
370 486 1
308 585 10
471 507 8
381 580 4
10 540 10
99 260 10
438 510 2
461 594 9
445 510 1
273 472 6
223 318 1
454 588 1
372 438 10
268 295 7
397 472 10
489 571 10
244 434 8
115 421 6
149 569 3
69 353 10
101 397 7
436 597 10
323 365 1
86 480 3
202 421 9
445 590 5
11 498 4
365 456 8
337 433 10
464 585 5
35 545 2
168 438 2
61 571 9
83 445 2
218 404 5
334 569 10
266 580 8
150 578 8
328 392 9
104 327 6
455 599 3
499 587 2
310 455 3
299 577 10
334 379 3
370 535 8
9 455 7
243 554 8
159 339 2
382 480 2
211 521 2
113 416 2
154 456 4
416 601 1
539 560 5
135 468 5
319 452 6
46 373 10
205 327 2
351 440 7
440 560 4
273 400 3
225 563 8
159 464 4
88 537 8
299 466 4
275 362 6
297 537 7
263 535 6
167 555 2
160 421 9
310 362 4
362 550 3
182 528 6
159 532 7
224 457 1
104 235 1
186 465 3
280 593 10
444 509 9
487 504 8
301 506 8
53 533 3
96 317 10
317 585 4
413 456 7
353 543 9
48 476 4
115 362 6
101 417 6
16 577 7
335 362 7
295 355 8
53 474 8
318 421 3
150 538 2
296 439 3
458 601 1
506 528 6
466 586 10
87 459 6
152 570 5
118 469 1
116 559 9
196 242 10
85 404 4
334 529 2
372 468 3
305 486 4
1 496 9
160 452 9
244 376 1
337 508 1
203 469 9
362 457 10
345 408 4
291 565 6
90 438 8
226 529 7
308 526 1
327 350 6
389 392 2
283 577 4
199 527 9
296 590 9
332 586 1
245 434 1
233 509 7
53 527 5
160 307 7
15 472 10
63 226 3
150 550 6
202 488 4
489 580 10
376 454 9
195 439 9
363 550 3
237 295 5
510 543 5
281 510 3
212 349 4
410 560 3
351 437 4
363 570 2
277 353 7
