142 1000
695 28
1000 5
615 27
453 45
251 29
355 41
971 6
228 22
218 26
350 50
569 48
718 3
99 38
280 49
196 38
716 35
642 16
623 39
289 13
889 36
293 37
302 21
801 45
187 3
864 29
690 26
428 36
318 28
954 44
174 44
619 1
652 16
306 15
834 11
11 29
756 14
720 26
487 41
975 40
681 50
355 23
563 14
970 6
806 36
917 43
716 19
29 33
123 44
174 1
942 33
237 15
394 17
294 20
380 37
229 22
527 22
913 16
681 31
600 6
132 5
433 28
37 35
106 36
229 41
805 49
287 46
698 37
720 6
38 22
979 21
261 13
86 3
102 5
28 37
697 44
971 49
954 8
471 47
197 25
494 12
183 38
463 18
72 1
889 22
435 25
218 10
524 19
292 9
89 33
572 44
128 48
876 45
808 45
4 12
999 9
219 41
629 25
856 47
549 12
23 43
89 39
583 11
548 33
843 34
789 29
738 28
646 41
874 11
241 43
327 49
848 12
966 33
519 30
962 17
401 10
371 4
211 45
551 2
30 18
677 36
116 13
449 5
560 9
634 20
331 36
459 36
249 1
828 43
391 14
788 50
887 15
62 32
486 25
416 48
545 18
958 3
720 11
791 35
752 12
98 45
826 3
537 22
1 140 8
21 140 2
32 140 3
1 19 2
123 140 7
26 140 5
19 32 1
29 140 6
13 32 7
118 140 6
19 98 10
19 72 4
1 80 6
1 72 10
33 98 5
32 73 3
1 10 3
17 98 10
14 80 4
80 129 5
6 129 3
16 129 4
6 140 4
72 81 4
129 131 7
10 34 2
4 80 10
23 32 2
21 72 8
10 139 1
72 84 5
21 139 10
45 72 8
72 135 5
25 34 3
6 80 1
73 130 9
10 49 4
2 34 9
72 126 2
77 81 10
28 84 6
46 140 8
92 131 2
118 139 2
13 98 3
10 12 9
76 84 2
69 126 3
34 124 7
32 47 2
95 140 3
81 132 5
19 122 1
49 120 6
73 129 3
41 81 10
120 131 7
32 137 6
28 137 4
56 135 7
96 139 5
17 130 9
34 129 5
11 137 9
90 132 2
77 84 3
55 124 5
19 140 5
65 80 1
45 129 2
47 101 5
30 72 9
69 132 2
92 132 4
27 101 8
108 122 6
132 141 1
136 137 8
19 100 2
110 126 10
100 131 3
51 135 3
6 34 5
70 124 3
121 131 1
40 131 2
71 132 9
81 114 2
17 122 7
6 32 9
12 59 5
32 111 4
30 122 7
81 84 3
64 129 10
32 135 2
12 105 6
36 73 7
125 132 10
42 139 2
3 141 2
123 130 8
32 118 6
5 126 6
47 75 8
122 139 6
10 75 1
85 140 4
13 120 3
82 139 2
124 135 1
4 132 9
68 135 2
32 60 3
60 64 8
72 104 10
27 59 7
3 98 1
25 75 10
70 126 2
54 139 8
19 115 9
65 120 5
108 115 2
10 80 2
70 140 5
109 126 4
13 72 3
38 115 2
47 137 4
44 137 3
68 114 7
33 120 7
13 131 8
19 82 3
18 118 6
60 96 8
22 75 7
7 101 9
1 11 5
21 101 10
72 118 3
59 75 8
41 72 8
101 109 1
82 94 4
84 101 7
82 140 8
15 126 5
40 109 10
98 140 7
81 139 3
37 129 9
122 126 6
81 135 8
72 139 5
124 134 3
101 132 3
35 132 5
84 98 9
70 129 8
51 120 4
101 112 3
64 133 2
87 132 8
45 105 3
45 75 1
59 84 10
76 126 1
41 109 4
119 122 6
134 135 8
68 115 6
44 133 10
25 49 10
31 94 10
66 120 10
34 99 7
64 99 1
135 140 10
5 34 5
39 105 2
47 138 8
102 126 2
31 130 8
27 131 4
36 139 6
71 73 8
72 97 3
73 124 4
97 133 3
3 105 3
19 88 8
93 133 4
119 131 9
76 111 9
40 94 5
116 137 9
24 81 4
49 90 1
70 96 7
109 110 5
74 112 6
104 123 1
37 100 8
94 101 4
107 132 8
21 112 5
4 124 8
89 100 1
75 109 6
22 110 6
6 97 8
97 141 10
47 129 2
80 105 7
52 104 7
95 110 6
114 137 7
9 12 7
123 138 6
59 95 9
49 81 6
123 139 4
23 126 2
60 130 2
47 96 2
105 109 5
66 94 3
64 101 6
15 133 4
60 135 10
87 114 7
102 112 10
36 118 4
100 102 7
45 95 6
64 115 1
1 81 2
1 8 10
27 99 3
47 123 7
92 122 9
12 50 5
22 104 5
27 90 2
96 112 5
13 134 6
64 93 10
72 130 7
35 111 10
64 104 3
11 99 7
60 94 6
14 94 4
9 59 9
1 111 3
50 57 10
49 122 10
113 130 7
58 109 7
94 139 6
99 101 4
63 90 2
50 92 8
28 60 8
76 96 5
105 123 1
50 58 6
63 80 2
19 81 4
55 81 8
49 128 9
34 36 1
138 139 2
124 137 10
109 120 10
44 58 6
42 135 2
64 92 6
100 134 8
15 59 3
21 98 3
34 72 2
41 131 5
109 137 2
32 61 4
88 135 10
64 123 7
100 122 2
84 122 10
6 99 2
17 49 4
9 58 10
110 134 9
95 105 8
72 111 4
58 84 10
94 110 2
50 106 6
72 121 8
63 110 6
124 141 2
128 132 3
18 135 9
81 106 9
48 140 6
9 122 8
8 121 10
94 103 3
29 130 10
34 100 7
98 128 2
59 105 6
16 59 3
78 114 2
23 92 1
127 131 8
1 105 9
52 73 10
35 104 10
87 103 10
12 81 2
109 129 5
51 124 4
62 110 5
93 132 10
34 126 7
21 57 1
61 116 3
90 105 2
34 121 7
100 126 2
10 105 6
37 126 8
12 119 1
8 12 3
1 39 8
94 105 4
100 105 1
57 97 3
100 133 4
43 81 9
110 121 7
12 121 10
103 115 9
93 94 2
27 116 7
74 110 3
92 128 4
36 39 5
5 139 7
75 113 8
37 111 2
73 97 2
111 122 2
6 133 6
136 138 4
27 132 5
23 64 1
27 92 2
38 72 5
75 112 9
86 115 7
11 90 7
129 142 3
59 93 7
49 124 1
19 123 4
98 103 10
99 118 3
60 118 9
27 81 1
19 84 7
46 109 5
32 109 3
80 127 7
89 137 2
41 84 2
12 39 5
31 32 4
12 82 3
64 122 6
99 104 5
1 101 3
34 60 6
104 125 7
1 76 3
61 125 3
37 115 7
6 50 4
8 98 4
7 97 9
86 97 6
29 135 4
18 103 3
114 139 10
100 116 2
30 57 7
19 24 3
1 135 1
5 124 4
74 81 6
35 90 2
49 123 10
102 132 3
90 103 1
69 97 10
118 122 9
37 96 2
37 47 6
97 142 6
75 130 8
52 97 5
69 118 3
8 61 9
3 92 6
25 133 7
25 61 1
71 105 1
15 88 3
55 112 2
76 87 2
18 140 10
67 72 5
18 114 5
107 130 7
10 142 8
95 99 5
59 99 1
54 80 4
82 104 6
38 138 5
10 138 1
55 87 5
65 81 5
131 141 9
64 116 10
117 137 7
81 110 4
8 59 8
110 129 5
43 129 7
32 98 6
106 128 2
18 90 6
126 132 3
77 139 4
17 32 10
45 125 9
12 80 1
26 121 8
115 124 7
14 120 4
39 75 4
84 120 7
44 88 7
12 102 1
107 133 6
102 106 8
81 111 2
8 92 9
46 112 5
126 138 4
116 127 6
118 129 8
61 126 4
57 93 8
74 113 8
39 129 10
100 109 7
1 26 9
64 136 3
101 130 4
14 131 9
8 67 2
95 113 9
10 95 2
112 113 1
104 112 7
57 114 2
103 116 8
26 76 5
106 115 7
73 109 6
31 92 1
24 64 10
14 137 2
20 82 3
7 102 10
8 124 4
11 92 2
47 49 7
141 142 6
93 138 3
92 137 5
61 112 1
64 139 9
96 113 2
90 104 2
72 138 6
81 112 9
87 94 2
64 130 5
86 122 9
24 88 2
5 75 10
84 126 2
47 133 3
34 93 5
59 135 10
33 116 4
34 85 6
60 84 6
120 129 4
113 131 3
1 50 1
26 36 3
6 131 10
1 139 2
1 117 8
91 96 4
30 39 2
73 112 7
76 78 6
39 137 6
36 141 6
26 71 8
90 114 9
75 127 4
116 134 7
22 64 1
3 57 2
6 87 1
58 85 10
92 97 7
80 142 4
9 112 1
59 109 3
15 124 9
101 110 2
86 111 2
27 120 3
68 123 6
24 109 8
56 128 5
87 134 4
56 142 9
89 121 2
71 90 5
21 126 7
88 95 7
6 26 4
72 107 10
68 107 3
8 74 4
15 104 4
103 119 1
68 134 8
100 125 4
123 131 3
30 64 4
94 140 8
24 110 5
19 107 7
7 110 8
26 102 7
1 96 2
1 37 2
50 98 1
119 126 10
65 96 2
58 117 4
74 101 4
80 83 6
37 137 5
37 133 1
57 120 9
23 123 2
101 117 1
76 129 5
39 97 7
131 132 7
41 76 7
11 64 2
19 118 7
75 110 2
10 67 10
91 107 7
51 106 10
83 114 10
46 125 4
75 142 9
11 59 10
85 88 3
85 98 3
129 137 5
53 126 4
12 74 10
24 30 2
28 133 5
103 126 10
55 142 4
83 111 4
64 102 3
53 132 2
8 126 3
60 114 4
12 73 7
129 132 10
84 131 4
31 107 5
90 131 2
52 133 10
23 131 2
61 64 7
117 122 3
56 59 4
87 125 3
49 97 10
115 135 5
93 111 10
19 136 5
8 30 8
63 120 3
80 119 8
73 104 5
63 139 9
40 99 6
17 106 8
21 76 6
40 128 6
43 104 4
2 49 8
128 135 9
29 109 4
103 128 7
90 118 1
1 106 8
76 134 5
2 87 7
12 29 9
78 117 1
8 49 4
20 130 2
76 95 1
87 140 1
33 80 2
83 137 3
104 137 2
58 60 10
94 134 5
16 114 2
22 96 8
12 100 7
112 125 8
48 118 8
97 125 4
11 134 2
110 141 5
68 128 5
32 36 6
84 127 7
1 109 2
8 31 9
85 129 8
42 92 4
39 47 3
26 59 2
109 113 9
75 85 5
17 112 2
14 29 9
61 114 2
32 35 5
75 91 9
129 138 3
29 105 3
50 68 4
26 47 8
98 134 6
17 137 2
5 112 7
24 26 5
120 140 5
29 32 7
8 35 9
26 79 5
7 8 8
12 113 10
40 139 6
13 125 3
85 133 1
46 118 5
35 100 4
41 60 4
85 117 8
11 29 2
128 137 6
24 60 10
31 113 3
46 47 3
57 73 3
31 123 9
101 137 6
30 86 9
94 121 3
120 134 7
69 131 3
8 120 9
19 101 6
53 102 9
86 142 3
13 61 5
75 96 9
30 32 7
125 141 10
35 129 4
96 121 9
57 68 6
99 114 1
36 61 5
104 116 7
104 138 6
19 74 6
74 119 6
50 102 3
39 82 7
10 81 9
47 51 6
26 98 3
91 117 3
29 113 1
76 142 7
39 128 1
37 120 6
84 139 8
67 78 1
49 98 1
29 34 8
78 109 7
51 107 5
49 58 6
16 112 8
26 57 3
68 71 4
59 86 7
102 125 3
3 73 3
94 131 6
50 123 6
8 100 4
37 93 10
95 108 4
63 114 8
1 142 6
132 142 9
47 65 7
59 128 5
6 93 9
47 84 10
11 85 3
50 129 5
138 142 9
90 112 5
13 132 10
31 117 10
112 114 4
53 85 4
35 88 2
74 139 7
53 109 2
19 77 3
75 117 3
83 121 6
51 85 3
3 58 6
96 141 6
106 137 9
5 37 5
51 67 3
75 115 8
16 84 9
67 71 7
113 135 10
120 124 7
60 134 6
80 134 3
30 79 8
81 123 4
60 91 7
1 83 3
66 122 2
94 127 7
59 82 9
43 87 5
26 126 10
24 140 6
2 107 1
52 101 3
88 114 7
78 97 6
64 137 5
12 77 8
104 115 1
115 134 2
14 122 3
93 113 4
18 137 4
91 97 7
74 140 4
28 111 8
50 69 4
69 98 1
23 59 6
72 77 7
97 127 7
102 131 2
51 98 7
59 106 4
93 101 2
17 64 1
22 102 10
99 106 4
73 121 6
61 77 2
100 114 7
66 102 6
35 114 5
11 140 4
60 88 3
4 99 9
78 118 2
79 94 2
90 135 2
49 105 1
95 120 7
42 83 7
72 75 10
37 87 2
95 98 3
27 129 1
100 108 3
35 80 5
18 102 1
82 117 7
30 31 8
120 139 1
82 134 1
108 123 5
20 131 7
82 119 7
62 125 7
91 118 4
58 127 8
47 110 4
69 92 2
110 124 3
57 80 3
76 107 3
17 99 1
36 71 6
24 65 3
43 47 5
51 60 2
50 78 2
57 113 1
61 73 10
12 130 8
116 119 2
18 127 2
91 121 8
112 129 2
16 125 3
10 101 3
103 105 1
75 105 1
130 132 4
38 101 7
61 71 5
74 141 1
85 91 10
52 77 10
72 122 5
12 78 6
19 112 1
1 92 2
126 137 3
32 84 3
84 116 4
24 71 2
35 85 9
8 83 2
39 45 4
95 122 8
65 109 2
88 129 6
85 130 9
68 140 7
16 100 7
97 104 5
47 70 4
76 137 5
86 128 3
55 125 1
111 128 10
25 57 5
94 118 9
96 128 1
40 114 7
127 129 9
50 116 6
35 37 3
127 138 10
21 105 2
66 85 8
47 113 4
129 140 4
92 108 1
69 79 5
34 86 1
94 132 8
58 111 4
66 75 6
84 119 3
117 121 7
31 135 1
98 126 4
42 125 9
50 89 8
29 136 7
105 120 7
95 115 4
31 84 7
103 140 9
98 141 10
78 112 3
8 62 9
56 118 10
45 138 1
36 86 1
97 98 4
49 104 2
11 111 6
106 113 3
87 106 9
2 127 2
131 139 4
69 95 7
61 78 1
54 96 5
5 8 7
29 139 9
80 122 4
51 81 8
10 114 9
70 75 6
51 140 1
39 84 5
62 65 5
29 71 10
32 102 1
24 59 9
106 110 5
24 105 8
88 138 8
42 97 6
83 140 4
24 27 5
73 77 3
110 114 7
106 109 8
7 104 2
42 106 4
10 84 3
127 128 7
4 85 4
1 138 6
100 139 5
95 131 10
63 91 3
95 136 3
67 102 5
42 86 10
15 32 4
79 137 7
100 120 2
36 135 9
31 50 7
59 102 6
58 140 5
89 95 6
27 128 2
15 93 7
86 124 2
58 133 5
44 75 2
57 59 10
100 128 6
