140 1000
829 26
109 27
135 24
278 15
341 6
254 49
113 1
648 8
457 46
910 39
909 11
249 47
167 42
868 16
565 36
71 22
320 23
900 25
94 14
666 17
825 12
619 48
656 13
302 14
464 50
495 39
230 23
785 30
942 50
815 30
733 24
179 16
981 50
535 43
126 28
293 26
955 26
819 17
445 7
230 28
561 2
452 26
878 27
272 10
425 40
127 41
260 38
216 8
903 44
952 15
91 17
388 31
592 40
962 29
621 19
923 6
210 13
521 9
473 31
388 32
917 45
387 3
836 25
978 24
618 40
257 37
51 11
603 50
535 2
418 19
761 26
327 30
11 40
285 44
608 31
71 39
258 38
127 50
435 7
783 41
59 49
537 37
295 19
827 20
897 23
353 10
72 41
860 40
980 2
27 40
453 17
225 6
438 12
410 18
880 27
591 24
187 2
522 40
348 40
674 21
254 37
652 50
717 37
92 4
77 23
400 14
340 47
652 19
345 11
450 27
655 22
804 39
835 3
39 10
873 15
396 14
798 41
304 43
725 34
250 22
233 42
375 14
223 30
188 28
497 24
393 9
56 46
37 37
180 4
313 24
668 27
438 42
844 39
401 31
614 30
740 46
159 6
449 39
139 11
635 20
1 99 8
1 102 10
33 102 5
102 106 9
80 99 9
1 71 3
71 92 5
41 92 1
89 102 5
72 92 8
97 99 6
24 71 3
2 106 8
65 102 8
73 102 10
49 92 3
28 71 5
81 92 4
1 68 10
92 100 7
68 140 2
2 100 4
68 80 5
41 71 3
52 92 8
128 140 9
24 68 8
50 102 7
5 100 6
82 99 3
19 102 8
52 100 2
1 36 2
36 103 10
106 121 4
65 140 6
48 80 4
17 102 10
96 140 5
85 92 4
54 100 2
63 80 1
26 140 5
36 85 3
80 127 3
28 102 6
71 126 4
51 85 10
58 100 4
31 92 10
106 133 9
13 106 6
1 54 8
36 37 3
48 99 9
48 85 3
58 133 6
21 71 6
37 112 5
103 133 4
92 134 9
27 100 7
126 135 3
17 36 2
102 127 5
40 71 1
62 71 6
56 112 3
1 78 4
71 124 3
3 36 1
44 127 1
94 127 2
104 112 1
67 100 7
37 101 8
26 68 8
54 123 3
32 140 3
100 126 6
25 112 7
19 68 8
31 54 7
106 140 4
28 103 6
27 112 2
12 124 9
27 101 8
62 106 8
122 134 2
37 71 8
79 124 8
92 118 9
28 121 10
5 102 3
99 135 8
100 112 9
85 94 7
85 134 8
100 103 8
72 134 5
31 100 9
17 134 8
49 134 10
23 71 2
10 140 7
23 78 6
20 85 3
71 115 6
112 129 7
19 36 5
34 71 10
8 99 7
94 101 3
69 71 10
76 101 3
129 138 1
35 121 7
66 101 9
47 54 10
80 106 1
127 129 3
36 138 9
132 133 5
99 103 5
70 135 5
43 112 5
82 101 10
112 115 2
1 28 2
138 139 7
30 37 7
22 126 10
21 54 6
39 94 3
82 135 1
92 112 8
94 135 2
37 56 3
39 135 6
56 117 9
63 126 3
28 78 7
23 102 4
103 129 3
30 117 6
71 117 6
8 135 9
77 134 6
124 135 6
56 114 3
101 105 1
52 135 2
44 56 4
90 92 2
42 54 3
28 106 7
83 139 7
60 85 2
94 96 4
63 99 3
114 134 6
24 134 2
10 118 1
48 96 4
53 127 6
78 113 7
73 100 1
52 102 4
111 112 5
100 113 8
54 67 3
94 126 9
8 100 4
73 92 1
96 136 4
96 111 8
133 138 1
113 129 6
87 113 8
87 134 10
52 136 6
15 85 4
25 129 9
32 105 6
99 117 3
18 114 6
99 101 2
100 132 8
36 41 9
10 78 8
111 125 6
120 139 9
43 85 8
45 71 5
39 41 5
68 131 10
28 100 6
10 80 3
1 64 1
106 111 5
37 118 3
35 41 6
113 132 6
35 80 5
71 123 6
65 100 9
56 71 8
51 131 1
24 105 1
132 138 1
97 102 6
99 131 1
92 136 1
114 136 5
3 134 2
20 131 8
73 115 7
46 124 2
99 100 9
130 138 7
95 125 4
41 47 5
119 132 2
30 71 5
116 118 1
42 47 3
71 135 5
48 126 2
37 68 1
97 123 4
111 127 4
117 133 2
47 67 6
43 56 1
56 99 3
37 139 5
102 128 10
92 137 10
33 92 5
66 123 7
50 96 2
64 109 5
80 131 9
71 112 9
56 102 9
13 105 9
58 135 1
128 133 10
76 111 6
39 137 1
108 135 8
34 129 2
47 140 3
112 140 5
28 114 1
65 129 4
17 113 3
54 124 7
97 124 3
8 125 5
129 137 7
90 123 4
20 121 4
58 129 3
71 96 6
121 133 9
42 111 6
106 137 7
111 129 9
9 106 10
62 103 4
31 133 10
43 133 9
98 121 5
74 101 2
25 136 9
2 117 5
3 127 5
58 67 1
32 92 9
81 129 9
22 114 9
113 125 9
37 99 10
1 57 4
92 138 3
36 139 5
118 128 1
109 123 3
64 113 10
5 101 10
58 127 2
85 102 3
41 108 8
96 125 2
39 92 6
71 103 3
54 129 5
89 131 9
110 133 8
68 136 5
50 67 1
79 139 8
81 137 5
40 94 10
68 84 3
132 139 9
100 122 3
12 105 9
86 102 3
94 131 10
21 47 3
98 111 7
17 96 3
24 135 8
45 124 10
123 139 9
66 129 2
11 132 3
37 131 9
54 127 4
4 96 5
8 71 5
51 78 1
5 71 8
34 102 5
38 118 3
1 35 6
38 127 1
5 37 3
34 111 7
2 127 5
103 134 6
3 41 6
49 80 5
14 138 10
14 114 1
101 110 9
22 131 1
40 131 8
124 128 8
69 121 9
41 57 5
5 105 1
33 80 2
99 136 10
69 117 5
40 139 10
124 132 1
105 130 5
25 37 3
67 99 2
64 101 2
41 52 4
90 99 10
54 74 7
44 57 10
41 140 1
115 139 1
56 120 2
15 105 2
3 130 4
56 76 3
91 111 1
1 133 8
100 106 3
32 139 3
38 100 3
17 64 1
20 127 9
90 131 4
85 124 3
96 107 8
76 88 7
74 133 9
39 121 6
86 121 9
43 140 2
88 139 4
111 136 6
54 118 7
41 129 1
104 139 1
35 99 6
102 110 6
103 113 8
115 120 1
52 62 8
63 115 7
19 62 6
102 108 8
85 110 2
92 131 6
92 94 8
122 138 9
76 132 9
57 124 2
51 113 10
35 75 6
80 122 5
44 111 2
64 138 4
99 129 3
16 125 1
12 67 3
80 139 8
41 110 4
125 126 1
56 75 6
39 54 7
85 111 10
96 132 5
121 134 4
41 90 2
8 102 7
9 112 9
80 87 7
68 122 8
8 88 5
104 125 3
19 110 8
35 71 5
62 84 6
20 111 10
46 105 8
84 88 1
7 87 7
65 94 3
28 84 2
71 84 8
68 86 8
102 126 4
30 123 6
49 99 5
37 69 1
30 137 5
80 114 3
67 111 8
56 92 1
73 107 8
118 138 2
26 103 6
116 132 10
13 101 5
77 96 6
50 69 6
53 114 6
80 102 3
112 114 8
31 88 2
71 85 5
41 70 6
16 28 10
44 122 1
28 107 6
67 101 8
64 127 9
36 70 2
34 100 3
3 124 6
22 84 3
58 70 7
54 117 5
100 139 4
118 124 8
86 117 8
14 86 4
21 85 1
37 54 4
120 135 9
77 113 9
37 128 7
112 128 10
15 111 8
24 64 4
84 139 6
57 109 5
33 114 8
117 128 4
106 134 8
41 88 9
59 129 1
88 128 5
28 120 1
130 137 6
81 135 1
126 127 4
94 123 7
97 127 8
77 102 3
57 117 10
37 74 9
53 88 10
99 102 4
53 134 5
63 90 7
68 108 9
64 75 10
74 114 3
91 109 10
47 118 5
54 108 5
28 133 8
20 78 3
105 131 6
70 115 7
64 128 4
29 105 7
14 132 7
123 133 4
53 124 6
2 108 4
73 87 3
63 123 7
74 96 4
1 84 1
14 123 10
19 52 10
17 140 9
52 118 1
12 84 5
23 126 4
108 125 4
41 87 10
1 6 2
13 132 2
105 115 4
66 138 10
8 56 1
52 91 1
67 114 3
106 112 6
121 131 9
64 110 5
6 110 9
48 71 8
44 96 3
64 99 6
61 91 10
33 85 6
1 114 9
19 99 1
48 111 8
80 91 5
96 115 1
10 74 3
86 134 6
28 75 3
93 118 10
35 84 3
28 67 3
11 111 8
11 133 9
110 127 5
80 123 7
112 124 9
12 75 6
35 37 3
68 82 7
58 86 9
50 134 10
40 62 9
66 67 6
102 118 4
1 62 2
85 96 8
40 101 9
89 115 1
110 114 3
27 123 2
60 69 9
34 130 5
107 109 2
6 116 10
8 91 3
18 131 10
13 124 10
84 109 2
39 131 10
69 102 4
83 114 5
21 62 1
52 58 4
3 133 10
78 90 3
36 98 2
57 101 5
75 127 4
120 121 8
6 41 3
66 117 8
14 62 2
34 74 4
84 135 8
94 137 7
52 111 1
65 76 8
91 131 6
4 92 4
29 100 5
110 139 4
89 129 4
124 139 9
38 101 8
83 98 7
121 122 1
32 74 3
80 124 7
78 136 10
59 84 7
57 129 7
64 73 5
59 88 2
116 124 8
126 133 3
12 114 5
28 105 10
3 111 10
36 136 9
94 108 4
116 119 9
55 116 5
82 97 9
52 70 7
113 136 3
76 108 2
120 125 8
71 102 5
64 84 3
54 99 1
57 140 7
3 88 5
97 109 5
94 103 3
11 126 5
101 121 8
29 124 10
37 81 8
23 117 9
51 58 7
76 131 2
59 80 1
81 100 6
33 52 10
21 86 8
78 135 4
4 54 2
68 96 6
80 136 8
87 103 2
21 97 5
72 140 8
7 36 2
88 118 8
84 110 9
70 108 1
32 67 8
4 102 10
51 132 9
120 133 8
10 82 8
18 103 5
70 102 5
92 96 4
46 82 3
80 116 9
90 110 10
69 107 6
28 132 9
46 132 2
31 62 4
109 135 4
47 74 7
41 83 5
52 80 3
59 132 1
25 137 9
26 133 4
35 135 10
48 69 4
22 136 6
103 127 2
11 109 1
1 124 6
6 13 4
64 137 6
55 106 9
54 56 5
96 137 7
13 20 9
13 125 7
13 83 9
87 95 4
47 99 1
14 130 5
74 129 6
12 37 5
24 86 10
105 126 3
20 56 10
108 109 5
46 56 6
35 70 10
27 138 7
58 139 3
45 101 7
114 127 10
22 120 5
51 76 4
52 106 5
71 93 8
41 118 4
34 68 9
53 119 7
10 115 4
101 120 3
70 78 2
85 113 3
53 70 7
58 128 2
34 115 6
47 91 4
36 84 4
16 84 1
105 122 8
43 70 6
27 85 1
10 134 1
58 138 1
37 107 5
35 86 10
73 131 6
115 132 9
32 57 8
26 102 4
4 122 4
75 120 5
37 84 9
100 123 8
88 105 9
4 74 2
88 138 8
67 68 4
70 130 4
82 108 10
36 131 8
85 98 6
23 125 5
36 88 1
138 140 7
120 140 7
6 90 9
52 60 2
65 133 3
72 103 1
29 64 3
81 106 7
43 103 6
64 103 10
106 113 10
58 77 7
43 86 6
91 115 4
43 118 4
23 129 1
20 48 9
15 119 5
20 77 5
67 124 9
97 121 5
100 121 10
115 137 1
19 135 6
81 87 4
26 69 10
111 115 10
128 134 3
34 69 3
35 128 6
75 85 5
42 138 5
46 57 10
8 75 2
69 80 4
121 127 6
9 93 9
6 61 4
77 99 7
89 109 4
67 81 1
31 68 5
37 122 9
35 94 10
82 91 7
27 61 7
49 124 10
41 115 6
26 125 8
1 86 9
75 94 6
110 131 1
82 128 5
37 110 5
95 126 2
66 97 5
95 131 6
57 80 9
113 120 8
33 133 7
75 76 7
5 103 5
37 103 5
5 60 9
103 120 10
84 134 8
39 56 9
43 92 10
123 125 4
38 86 6
60 116 5
15 54 2
105 113 7
62 77 8
119 135 3
57 96 5
33 136 1
63 87 1
57 60 9
58 92 7
27 114 5
60 107 10
57 70 1
35 103 7
53 135 3
67 83 8
96 120 2
92 122 7
29 54 8
98 129 10
31 48 8
50 124 7
99 108 5
51 109 4
20 101 7
93 108 5
97 110 4
52 122 10
6 118 9
34 76 2
69 110 5
114 117 7
86 112 8
16 107 8
57 66 6
67 140 2
1 129 4
67 104 2
18 107 4
22 57 6
7 115 8
11 122 3
28 65 9
54 138 9
116 126 8
83 94 10
87 92 1
18 112 8
33 77 4
48 129 9
124 130 6
80 93 2
53 73 10
61 62 4
109 127 1
92 124 8
37 80 1
114 132 10
64 132 1
105 107 6
74 115 4
47 134 8
91 103 1
102 103 2
20 129 3
49 108 4
73 129 1
36 73 8
65 69 4
41 122 1
28 130 4
75 131 5
17 120 2
6 99 5
23 136 8
35 111 5
67 97 2
47 128 5
13 27 10
14 88 6
1 18 7
27 90 2
22 116 4
58 91 2
9 133 9
62 119 3
17 62 2
31 35 7
19 74 6
20 107 7
66 92 5
102 113 2
27 134 1
30 83 2
11 135 9
27 133 9
77 85 5
103 104 6
41 139 6
84 96 5
66 125 5
76 129 6
29 66 7
122 136 6
45 81 3
77 83 6
6 51 9
30 84 8
49 96 9
89 130 6
55 82 9
47 57 10
73 75 1
78 117 10
69 70 1
93 122 5
2 110 7
70 80 2
122 124 6
20 84 2
75 138 3
65 83 2
68 106 5
64 97 9
82 92 4
41 106 3
47 131 6
10 116 1
23 85 5
27 78 8
67 134 1
103 123 1
8 62 4
46 94 2
90 113 2
66 103 1
74 122 1
91 121 8
52 82 2
81 88 10
76 83 10
102 114 7
2 124 9
69 139 4
53 118 10
36 100 10
74 123 2
74 138 3
29 137 3
69 123 9
29 120 10
47 83 4
70 100 7
62 109 10
69 87 6
97 138 3
39 76 10
98 100 1
88 98 4
64 107 10
61 93 7
24 27 2
20 115 4
51 82 5
16 99 1
33 105 1
60 123 3
28 73 8
38 84 2
9 27 1
66 70 1
87 116 8
35 127 1
119 130 9
26 119 9
78 95 6
81 102 9
125 132 1
62 66 4
37 132 9
