514 1000
965 26
801 41
697 23
733 19
931 14
460 45
204 23
80 38
571 26
153 10
204 26
98 20
161 4
584 39
796 35
357 47
833 4
26 45
3 27
745 45
232 45
364 27
331 19
173 50
102 47
228 49
231 23
619 22
250 27
707 12
238 26
94 48
44 22
678 48
516 28
304 24
426 30
952 20
129 29
933 17
491 2
922 14
790 4
847 3
87 24
720 17
833 19
614 39
110 19
269 19
578 3
360 42
194 4
997 4
336 18
781 25
813 10
796 34
313 50
617 14
798 3
402 38
840 31
617 8
267 3
770 20
863 42
897 48
20 39
879 39
884 46
31 44
756 31
834 45
838 40
328 36
720 38
725 22
391 29
911 35
820 14
477 21
881 44
562 32
151 20
912 31
859 33
360 22
629 6
854 29
992 7
524 46
22 21
17 30
38 10
124 16
211 31
462 38
715 13
384 8
551 38
88 1
362 6
381 19
816 33
316 39
89 8
319 15
479 25
922 30
771 5
380 45
907 14
174 42
341 22
951 13
315 10
766 17
704 27
995 13
144 25
242 7
380 1
706 16
282 49
153 37
80 45
977 29
862 22
102 30
557 2
843 17
450 3
617 2
463 30
765 26
399 45
199 14
706 31
725 11
193 22
862 14
684 7
744 2
68 13
564 47
74 19
492 15
212 18
409 26
275 44
337 26
792 18
903 31
297 40
105 2
772 17
436 50
829 47
213 1
827 44
245 31
844 38
518 48
324 5
723 42
993 43
539 18
676 33
416 18
648 4
871 8
75 25
38 3
440 2
850 37
85 8
90 22
608 14
656 10
129 34
729 31
575 48
380 19
432 43
210 46
182 4
144 38
891 36
865 33
765 14
136 14
143 21
568 40
993 26
857 34
613 4
302 17
222 43
410 11
373 4
117 11
377 21
368 14
401 19
800 28
861 6
214 17
455 14
115 20
829 38
320 22
968 50
877 26
374 40
745 3
519 33
196 46
19 43
167 32
124 38
287 21
772 31
731 24
785 1
118 16
880 27
286 9
33 25
155 21
77 44
51 34
369 36
831 41
121 48
351 27
748 23
907 31
650 44
380 39
795 29
973 1
290 47
977 25
725 32
951 28
138 9
964 47
58 13
567 14
709 41
224 33
870 15
948 20
955 13
356 4
226 13
659 43
820 48
288 4
314 1
618 39
578 40
960 3
579 17
934 8
279 8
434 4
162 28
696 46
55 45
618 28
292 44
642 31
422 13
455 18
898 1
655 40
667 37
875 30
962 47
279 33
828 33
758 8
678 40
833 3
799 23
495 37
273 12
664 5
289 14
911 40
319 34
816 48
803 7
282 32
220 20
716 28
449 8
752 26
550 44
77 42
871 35
263 35
929 25
595 14
752 10
733 47
542 16
810 30
793 39
748 15
719 28
594 25
833 25
546 47
41 4
404 7
96 44
252 50
121 24
907 11
455 32
144 20
296 45
692 27
665 27
491 42
77 37
113 9
308 34
764 25
154 29
612 19
768 27
173 29
57 26
214 20
74 41
783 17
450 37
668 26
802 49
203 1
979 11
34 18
526 8
869 9
39 28
136 46
704 1
441 30
847 3
589 18
523 15
644 42
210 11
608 50
271 38
898 35
606 27
662 5
777 36
56 30
610 22
135 12
108 45
92 7
974 10
471 25
528 39
410 30
13 16
905 48
874 33
589 9
243 25
918 23
279 13
492 8
159 40
387 12
879 17
551 23
927 8
961 37
73 28
468 26
472 48
246 48
642 44
241 43
374 50
124 41
894 47
388 14
321 49
564 2
260 3
29 2
748 36
91 21
752 38
813 38
463 28
719 17
631 2
421 29
375 13
414 8
52 21
402 49
96 11
16 38
535 30
40 48
171 42
727 39
246 17
36 43
267 22
712 8
8 35
487 38
681 17
75 14
785 44
994 32
67 46
400 41
2 49
378 20
373 43
7 42
100 47
187 16
372 41
630 24
426 3
131 44
398 42
342 43
60 34
150 48
395 3
223 40
643 15
267 16
603 25
582 1
48 1
702 27
104 29
825 32
409 42
542 18
409 17
192 40
650 3
455 20
502 27
2 36
123 29
900 22
806 43
834 11
192 36
218 47
67 8
248 22
369 44
30 31
715 48
309 4
417 36
887 45
855 9
371 3
54 38
62 46
280 44
277 34
732 40
603 40
384 44
888 11
241 18
513 42
781 38
323 44
140 43
821 43
738 39
252 36
811 40
779 31
356 12
419 1
290 47
757 21
534 10
710 5
769 31
393 45
905 1
104 44
797 32
915 41
412 25
254 49
644 19
113 42
728 26
299 1
1 233 2
233 312 5
223 233 3
233 294 9
161 312 3
121 312 4
1 130 2
97 233 3
14 294 6
1 48 10
1 495 6
1 246 5
130 474 10
1 281 5
346 474 1
3 294 8
48 176 10
281 512 9
209 233 1
120 233 1
48 512 8
1 248 10
130 376 3
155 312 7
333 512 5
247 294 7
23 281 10
429 474 10
1 70 7
93 233 10
1 58 7
248 432 5
312 413 1
219 246 3
195 495 8
10 281 8
397 432 9
312 396 3
176 447 6
58 498 9
495 498 6
98 246 5
130 252 3
70 479 10
233 370 10
91 370 4
89 512 7
252 261 2
208 252 2
413 450 3
396 451 3
376 378 2
117 495 8
312 434 5
314 498 2
99 176 10
149 495 5
130 463 3
70 406 4
46 252 9
340 447 9
53 294 1
465 479 7
376 436 6
191 281 5
1 478 6
48 118 1
425 495 5
170 413 8
180 294 2
207 432 5
57 413 3
178 246 5
281 493 8
28 413 10
131 498 8
275 450 3
35 130 9
58 346 7
175 479 10
210 512 7
162 432 6
357 436 2
413 485 4
130 364 1
434 444 10
64 434 4
294 513 9
376 489 10
48 104 4
130 432 10
90 312 3
1 448 4
378 434 7
187 312 3
118 427 8
364 505 7
123 294 4
478 491 3
95 448 5
41 246 1
252 421 2
230 479 3
348 479 9
427 489 6
376 505 6
405 513 7
248 501 6
130 292 7
346 494 8
306 512 5
47 491 9
167 261 8
11 376 1
406 412 4
1 445 9
19 261 4
47 478 7
48 296 8
221 450 6
296 368 7
50 498 8
472 505 4
113 292 1
364 478 7
162 479 1
81 447 9
291 485 10
259 281 10
70 333 7
329 447 10
30 513 9
70 304 2
39 70 3
11 296 7
112 445 4
233 379 2
158 370 10
384 493 10
102 485 5
261 443 9
498 505 5
384 505 2
443 473 6
145 478 5
168 370 8
292 495 10
451 463 3
78 406 7
246 375 7
58 265 7
92 485 1
375 491 10
104 208 8
310 432 9
104 295 4
292 443 8
144 489 7
40 485 3
346 450 4
78 246 9
391 421 10
436 511 7
29 368 6
404 491 3
62 370 5
304 343 8
364 450 6
295 432 1
312 314 5
281 497 1
434 476 1
176 257 7
294 323 9
244 252 1
347 485 7
227 495 10
355 432 1
70 395 9
245 436 4
70 473 8
250 376 4
58 199 9
301 379 4
246 473 10
221 432 8
451 491 9
295 344 8
215 485 7
62 261 7
355 463 2
281 474 8
372 375 7
356 364 8
342 474 3
58 269 3
6 295 2
58 434 3
53 58 3
347 448 3
128 427 4
162 497 4
152 343 9
312 320 2
29 233 4
33 176 9
204 396 9
265 292 9
122 320 4
13 281 9
269 313 1
432 507 5
91 491 9
450 455 10
206 312 4
208 487 10
176 243 5
402 489 5
309 505 4
234 495 1
229 421 9
367 376 3
246 322 4
430 444 9
248 266 1
427 486 6
320 370 7
70 357 7
304 451 5
333 336 6
473 486 4
346 507 5
313 319 6
270 343 10
266 383 9
198 448 4
299 493 6
415 486 6
445 495 6
289 336 3
216 364 9
191 406 5
292 507 8
191 370 7
96 243 2
332 444 4
489 490 3
378 473 1
252 396 2
183 376 5
6 333 5
220 395 2
118 179 1
265 370 4
107 252 8
269 375 3
70 391 4
3 320 4
443 474 7
255 447 7
372 445 6
168 396 6
309 474 3
38 319 2
102 495 6
124 176 2
281 299 5
35 299 6
266 314 10
269 444 1
73 421 9
502 507 2
133 489 4
137 463 8
179 425 7
158 473 10
142 495 7
82 252 7
413 474 6
371 494 7
184 425 3
237 447 7
81 319 8
386 489 3
359 436 2
406 427 7
184 378 4
166 346 1
426 507 8
261 391 7
22 421 5
343 427 7
203 501 2
118 248 10
132 312 10
70 143 1
323 463 8
167 450 10
128 478 3
34 463 9
396 448 7
312 358 6
295 299 5
261 408 1
383 506 4
368 466 9
104 449 7
299 356 10
228 323 5
190 486 8
343 433 5
26 447 10
229 314 9
307 450 2
229 498 10
206 378 8
348 512 3
320 394 3
80 294 9
48 106 7
129 391 9
70 486 10
281 338 6
75 449 9
123 494 10
48 277 2
277 491 3
156 233 6
136 432 8
104 245 3
117 176 10
320 405 5
329 495 4
233 276 9
130 169 9
240 413 7
120 375 1
258 497 8
209 322 1
448 476 5
159 466 5
243 470 7
5 375 6
370 430 3
6 447 6
247 445 1
8 296 10
91 199 7
318 490 10
130 489 2
263 450 2
395 450 1
425 449 4
118 209 9
254 294 5
357 477 4
257 333 4
381 421 7
48 389 1
485 491 9
323 346 8
169 296 4
23 463 7
456 473 5
364 499 5
156 277 8
225 430 5
402 507 1
177 292 6
344 505 6
29 322 6
239 368 2
252 391 9
276 404 5
371 406 5
234 292 8
54 512 7
357 412 10
250 455 7
140 292 1
4 497 9
187 261 5
75 413 7
217 364 5
93 443 9
376 430 5
265 424 5
399 432 6
333 444 1
168 209 4
220 424 7
452 476 4
251 507 2
347 497 8
451 486 3
354 425 1
399 427 6
422 498 4
391 494 3
269 482 5
431 463 2
131 445 5
208 372 7
1 498 2
120 257 2
245 323 8
281 473 10
243 368 4
343 346 2
36 312 8
309 322 8
220 313 10
219 372 1
268 447 4
375 445 7
487 499 2
430 464 2
261 478 5
400 470 4
484 491 7
462 494 7
366 436 3
217 292 2
157 421 2
5 434 2
269 300 8
290 464 3
354 436 6
171 209 9
13 176 8
118 429 9
299 448 8
394 506 3
202 430 5
364 403 8
132 489 2
233 319 1
115 412 1
320 325 4
1 497 9
378 392 3
41 370 9
238 445 9
176 439 7
69 429 9
408 429 9
1 379 3
48 269 7
176 235 1
4 436 8
92 375 1
58 413 4
245 463 6
381 491 3
367 372 5
58 68 1
1 173 2
63 336 10
193 370 3
448 506 9
273 406 10
118 205 3
73 106 9
184 495 8
291 376 9
310 501 10
320 417 1
257 450 4
383 492 10
235 357 7
36 482 1
173 475 9
302 391 10
103 276 6
144 476 8
64 394 9
261 346 2
381 432 3
229 450 9
361 378 2
171 313 3
269 358 5
255 408 6
184 300 3
300 504 9
118 355 8
102 104 5
134 199 4
358 433 1
5 320 1
425 508 4
271 304 3
147 508 10
186 482 8
180 379 8
189 417 2
202 491 3
400 449 5
107 320 4
290 433 7
209 507 4
320 439 3
118 505 8
248 261 2
48 276 3
496 504 5
6 478 1
156 355 10
248 328 9
26 396 6
181 433 8
2 501 3
44 429 10
218 394 10
197 412 9
125 338 3
173 232 3
135 447 2
425 487 2
490 492 2
214 323 2
126 294 7
91 205 4
14 199 5
2 281 9
91 464 3
257 273 5
18 232 4
292 429 8
58 400 5
341 445 7
358 475 5
15 368 3
299 499 3
22 455 4
245 301 7
298 439 6
235 294 1
181 491 4
356 410 1
491 503 9
363 406 3
415 466 5
373 464 6
257 454 1
320 426 6
65 252 5
282 506 3
322 513 5
89 364 8
299 392 1
223 372 9
271 344 3
127 474 2
478 495 3
118 357 5
290 404 4
235 470 9
405 469 8
243 475 9
337 410 8
38 355 3
432 469 4
178 245 10
293 364 7
231 508 3
141 273 6
37 176 10
377 494 3
314 465 10
323 356 1
304 473 6
234 505 4
297 493 8
226 413 7
14 443 10
48 245 4
198 425 6
222 276 4
128 322 8
312 494 6
424 490 5
295 400 7
345 396 4
311 512 8
296 361 1
179 444 1
277 369 1
219 489 2
83 478 4
190 487 6
161 465 1
322 499 5
310 433 6
322 482 8
299 312 5
235 307 4
177 265 7
70 392 1
106 417 4
300 380 1
300 469 4
164 328 6
106 199 2
381 430 2
1 4 1
336 434 2
154 404 5
496 511 10
300 320 9
304 495 8
75 430 5
346 411 7
134 179 7
43 491 2
325 450 10
48 493 6
76 433 8
83 338 2
52 338 4
216 478 1
205 428 8
13 424 4
93 266 6
380 447 10
259 466 4
57 405 8
243 352 10
309 312 3
59 413 10
143 272 6
143 504 9
256 498 7
127 368 1
233 462 5
424 438 1
136 463 1
22 380 9
298 355 7
143 372 6
48 395 7
106 344 10
271 338 5
325 441 10
171 417 10
164 508 7
428 469 8
60 379 10
28 352 8
275 307 7
322 401 3
320 382 7
208 277 10
336 482 10
313 411 1
169 454 4
270 408 3
13 411 8
203 304 2
53 421 3
300 384 9
58 313 6
188 294 1
466 493 2
22 299 5
221 338 3
407 454 5
181 328 1
211 495 7
235 343 3
378 379 4
26 307 1
108 512 7
173 474 9
301 513 6
146 368 10
238 497 1
248 388 5
263 495 7
430 477 9
344 471 1
99 281 7
231 401 5
372 408 10
10 497 5
54 336 2
85 406 1
276 400 8
182 364 3
407 482 8
265 304 6
284 304 4
3 498 4
94 257 4
149 233 9
208 504 5
112 307 8
58 463 8
182 410 10
461 505 8
444 475 10
64 265 10
234 463 8
104 416 6
246 494 1
125 455 4
344 417 10
306 352 2
398 447 1
444 510 1
132 392 1
292 338 7
13 469 1
336 338 2
240 388 5
314 394 5
8 421 9
249 405 2
187 466 9
369 485 7
272 304 5
379 501 3
189 445 6
233 325 2
98 438 10
4 495 3
278 499 5
363 451 8
149 246 3
390 395 8
254 400 1
351 506 10
432 433 10
209 300 5
399 436 5
193 464 10
24 470 4
296 438 1
326 495 6
97 344 5
333 361 6
432 466 4
205 252 7
186 333 9
343 511 9
314 322 7
10 323 2
56 511 5
150 314 10
20 405 8
354 434 6
66 300 7
54 493 7
352 412 4
357 439 1
124 300 7
129 346 4
140 375 3
319 428 6
419 475 2
204 243 10
235 408 2
138 434 9
130 313 10
401 486 5
277 510 3
394 477 3
124 490 1
174 179 8
168 173 5
347 395 2
281 291 9
251 485 4
266 324 4
299 382 5
237 466 7
347 406 5
252 501 10
373 413 10
19 396 10
70 289 3
283 495 1
101 455 8
159 322 1
338 392 10
173 368 7
375 388 3
149 333 6
294 504 6
104 309 3
324 438 6
297 424 7
246 497 1
232 309 7
209 280 1
242 280 4
328 409 5
132 411 6
273 287 6
176 233 1
243 341 4
83 325 3
263 328 1
307 397 7
169 170 9
235 306 3
9 493 7
31 232 8
405 422 5
62 384 6
115 432 4
133 299 5
239 441 1
31 425 3
58 299 7
65 68 8
453 465 6
226 248 7
429 467 3
328 403 7
260 312 3
17 482 2
355 442 7
261 438 7
118 404 4
244 451 2
401 455 2
185 411 1
172 425 5
115 355 7
229 370 7
119 428 1
370 512 2
143 243 2
276 493 2
188 487 6
391 513 2
354 428 1
329 510 6
87 439 5
130 477 3
21 442 8
15 276 6
148 475 4
114 344 4
148 295 9
147 503 2
118 370 6
227 401 5
17 344 8
58 80 8
157 465 1
65 265 4
68 416 9
415 473 10
272 463 8
407 432 9
369 491 1
94 425 5
275 441 3
12 266 7
73 325 2
143 376 2
409 484 5
122 439 5
151 344 1
294 464 6
203 301 1
233 249 5
233 274 2
169 483 6
80 301 6
121 467 8
314 484 4
341 467 10
236 295 4
35 477 7
272 443 1
184 233 4
275 417 9
325 326 7
36 503 9
26 406 4
341 371 4
76 451 1
78 389 2
235 274 4
246 395 1
86 505 3
266 371 9
55 245 8
203 324 7
128 448 7
306 343 4
17 170 5
231 299 8
334 375 3
394 447 6
427 448 10
109 447 6
142 400 5
39 487 5
480 489 1
479 494 8
18 370 3
236 357 2
83 464 10
205 494 2
4 465 8
260 392 7
281 351 5
226 245 2
94 295 3
112 412 2
441 511 2
84 416 10
301 478 5
357 422 7
1 83 8
39 58 1
222 450 4
139 438 5
78 486 7
175 199 9
104 371 3
96 344 4
50 355 3
291 369 2
388 461 5
76 475 8
134 265 10
119 341 8
318 341 4
58 410 10
300 305 5
173 235 7
361 380 9
140 336 4
296 496 10
338 406 6
125 427 5
320 399 6
252 399 3
116 501 9
309 360 9
359 478 4
168 281 9
95 325 9
149 328 10
370 471 8
70 104 6
80 505 1
224 470 1
164 351 3
344 382 2
199 424 8
195 369 8
432 463 1
282 441 8
170 297 8
299 512 7
120 491 2
379 411 1
289 500 4
189 461 5
141 395 1
264 434 9
83 143 3
106 505 1
328 331 1
274 482 9
358 424 6
328 357 10
312 374 7
22 291 3
172 375 10
435 489 9
322 392 7
16 368 2
287 312 7
293 341 5
337 491 9
222 483 7
107 441 7
31 417 10
273 322 8
143 258 6
10 249 2
215 483 8
406 477 10
83 342 3
2 205 10
261 379 8
78 411 8
24 492 6
177 495 7
431 464 5
346 496 6
67 442 7
111 444 7
