564 1000
59 23
70 7
82 2
71 16
71 30
21 8
40 15
55 18
71 16
90 43
88 40
53 25
89 40
55 22
8 4
14 6
24 3
58 28
71 32
100 7
47 4
71 11
56 26
100 10
88 2
76 24
27 1
31 5
72 12
52 24
27 10
18 2
20 6
50 16
71 10
68 28
59 15
82 37
81 26
70 29
9 4
79 1
67 29
96 21
51 3
22 3
53 10
69 19
87 19
62 8
27 7
63 24
10 3
55 10
81 39
92 29
62 4
49 3
66 23
27 12
71 26
52 24
43 14
4 1
14 5
42 7
77 22
26 12
87 14
33 15
29 9
61 24
29 13
23 4
8 1
9 2
62 27
14 3
29 9
82 26
18 1
36 14
44 13
27 12
60 20
27 7
67 31
28 8
64 25
89 18
76 18
29 6
14 2
82 35
54 9
20 6
9 3
74 2
1 1
59 17
99 20
37 13
74 15
79 14
71 11
21 9
52 9
65 31
21 8
33 9
60 8
5 2
89 13
60 26
66 4
41 12
25 3
47 11
24 5
69 30
71 23
38 14
93 44
66 25
46 17
28 3
86 1
90 26
52 20
99 14
98 6
10 2
55 16
49 24
64 6
31 3
52 11
39 1
7 3
61 23
8 1
25 9
81 10
22 11
8 3
54 4
79 35
87 1
44 5
32 4
31 4
95 37
51 8
16 5
3 1
15 4
25 4
22 11
59 1
35 3
68 13
50 15
26 4
95 32
45 18
17 1
63 28
44 9
33 1
73 30
18 9
64 15
78 14
69 22
99 23
8 4
58 25
79 31
84 35
24 2
52 9
41 12
81 21
63 26
17 4
32 7
96 2
89 21
35 13
92 6
51 4
25 3
82 34
8 2
4 1
15 4
57 6
67 10
88 44
37 12
34 9
82 29
24 4
44 4
98 21
79 37
55 27
66 7
24 3
39 1
27 1
71 6
39 2
3 1
37 14
40 19
34 4
37 4
53 7
23 1
68 1
85 16
80 30
96 6
72 10
48 15
26 5
13 5
67 17
49 2
55 13
90 21
44 17
59 27
46 6
39 5
58 5
63 11
18 2
74 12
69 24
72 25
14 2
4 1
70 13
79 36
85 22
55 27
29 12
31 3
6 3
36 7
99 19
85 16
47 3
92 21
87 17
43 10
17 1
96 30
91 26
71 18
74 30
97 13
68 9
49 18
80 25
29 7
9 1
42 21
55 18
85 17
14 6
1 1
17 2
14 3
77 36
77 35
66 25
14 6
26 13
3 1
51 10
48 6
38 7
73 7
82 18
82 14
37 12
40 9
32 1
33 13
19 3
88 4
75 35
97 15
35 14
8 1
42 1
5 1
30 9
8 2
18 9
51 11
37 6
11 4
11 4
25 3
24 6
62 21
34 5
72 7
96 48
48 24
43 8
46 17
98 20
28 7
21 10
28 1
43 11
61 14
46 19
66 16
72 22
94 7
49 14
98 38
55 11
35 10
98 34
55 25
21 9
46 11
35 15
11 5
2 1
80 36
36 12
68 32
54 26
15 4
77 36
27 9
84 5
24 10
54 22
21 1
57 22
86 31
82 3
52 16
61 6
6 3
79 8
39 18
70 3
31 4
69 6
88 7
93 30
37 16
86 35
24 7
94 4
86 42
51 21
45 18
83 19
77 32
57 10
22 3
41 13
19 8
74 20
35 4
75 5
90 24
40 13
98 6
60 11
61 7
90 41
54 8
39 13
44 7
24 5
5 1
2 1
62 5
31 4
24 10
78 29
3 1
65 1
97 15
71 6
93 27
39 4
32 11
68 27
52 21
52 18
47 11
61 25
86 26
16 4
14 6
13 3
78 35
59 4
2 1
69 26
100 22
51 4
43 17
34 7
50 25
44 18
15 6
43 9
96 30
25 5
88 33
2 1
10 3
79 12
72 26
79 7
37 6
31 10
45 5
92 4
33 2
10 2
37 14
58 18
17 1
47 15
58 22
67 15
17 7
12 4
47 15
83 7
10 5
89 36
43 15
57 26
42 5
46 20
35 6
43 2
71 25
36 9
11 1
11 2
2 1
30 1
76 31
85 23
42 5
93 18
14 5
83 4
42 11
56 4
100 38
65 24
6 2
93 2
55 15
31 3
16 6
89 25
50 24
80 6
75 29
42 18
1 1
23 11
9 4
26 11
59 13
48 18
44 8
45 7
10 2
66 10
43 12
38 1
3 1
15 3
82 27
96 6
59 14
34 11
53 17
26 10
85 35
99 35
85 4
5 2
46 2
78 13
93 11
57 11
77 29
92 29
34 7
11 1
12 5
64 9
73 20
13 2
19 8
6 3
54 27
8 4
96 43
59 26
55 23
85 23
53 12
75 26
76 5
17 7
94 33
49 15
100 15
7 1
45 11
43 3
67 14
24 3
66 20
85 25
95 18
96 24
91 11
100 33
9 3
5 1
55 2
97 21
8 1
39 19
98 14
61 23
77 14
53 23
64 9
70 12
37 1
31 6
33 3
57 15
94 4
13 5
99 38
41 18
30 15
74 21
7 3
1 83 4
1 339 2
49 339 1
83 138 5
339 367 9
1 177 8
83 231 7
177 274 1
36 231 1
177 389 8
83 133 2
81 133 1
138 333 6
130 274 8
274 367 1
236 367 5
205 389 9
1 346 6
77 177 7
27 339 7
1 563 6
111 346 2
310 333 3
174 339 4
153 563 6
1 63 6
63 560 8
270 346 6
220 346 5
83 447 7
25 63 6
134 447 5
333 476 3
88 138 5
475 560 4
133 293 3
177 217 7
138 460 7
83 382 7
133 271 6
133 137 4
308 346 10
169 339 9
82 83 3
215 367 4
293 399 2
137 400 2
111 400 9
35 476 4
174 177 2
388 563 7
72 563 5
10 560 4
76 83 4
177 401 1
333 396 9
178 346 9
124 396 1
63 552 1
379 460 8
449 460 1
133 354 7
133 417 6
207 417 6
133 449 7
447 515 10
25 339 3
1 404 9
298 563 5
97 217 4
1 236 7
404 457 10
367 409 6
429 447 10
228 399 1
51 177 3
236 450 6
389 555 9
200 555 6
182 346 9
208 333 6
396 520 10
274 419 1
529 552 10
317 400 8
420 560 7
309 333 7
433 520 5
404 419 5
399 416 7
177 373 4
274 299 5
417 525 9
260 400 9
336 447 4
247 389 2
214 419 1
98 389 10
141 401 9
398 400 9
214 404 3
1 11 8
293 395 9
77 236 2
354 541 5
63 339 8
138 563 1
224 400 9
471 525 4
144 367 10
299 379 5
219 293 6
382 541 3
528 560 6
11 292 7
202 292 8
365 400 2
337 457 6
317 450 6
138 536 6
90 333 9
351 515 5
37 299 10
69 515 1
63 451 3
278 400 9
214 449 8
63 186 7
177 184 8
336 400 1
133 453 6
5 447 9
211 346 1
186 233 5
174 231 2
138 499 4
181 233 4
343 417 2
153 233 7
63 207 5
1 491 8
233 379 10
274 297 2
150 231 3
354 473 4
236 269 3
16 563 5
185 293 1
165 333 2
132 515 9
233 261 3
162 395 4
287 395 3
217 457 7
232 447 6
226 451 10
229 409 9
73 401 8
275 451 7
186 302 1
184 355 2
44 297 2
79 177 2
83 485 8
60 541 5
83 381 4
389 435 8
344 449 2
75 453 6
52 552 4
262 389 1
260 381 5
383 401 10
247 269 2
14 339 10
91 476 10
297 401 6
502 563 4
376 401 5
174 261 3
137 395 8
402 473 9
92 207 7
11 453 4
119 419 4
57 354 4
91 447 6
326 400 4
39 417 1
133 201 4
83 499 2
97 416 6
11 121 8
96 451 5
11 19 4
497 552 3
177 203 6
121 549 9
233 456 2
165 396 6
48 491 10
302 505 9
127 409 6
124 201 5
157 401 10
22 382 4
49 453 6
160 233 9
533 555 7
63 505 6
418 456 8
183 261 3
133 294 4
59 302 7
25 297 6
309 505 6
275 404 8
355 397 3
393 456 6
73 457 6
405 485 2
121 444 4
84 435 3
184 412 6
399 409 5
138 155 2
43 63 8
152 451 5
155 273 8
237 273 9
343 346 5
382 420 6
489 515 4
389 480 6
218 456 4
225 404 4
175 404 9
373 384 4
123 297 9
215 397 5
367 553 5
231 519 7
160 499 1
11 156 2
295 456 7
420 541 7
435 540 1
253 367 1
419 484 5
294 376 6
118 484 5
402 560 3
397 465 2
131 400 10
473 511 6
329 412 9
476 553 2
121 351 3
292 457 10
63 243 6
473 555 3
108 292 7
258 515 6
27 184 2
126 155 7
152 381 10
137 399 5
242 379 5
394 563 3
2 505 6
203 272 4
18 236 9
21 354 10
155 199 2
43 269 1
449 459 6
90 243 8
84 217 4
121 493 9
1 65 6
66 199 3
6 231 6
264 401 2
190 293 1
62 412 10
134 292 8
447 453 3
133 564 7
307 515 7
11 554 2
199 448 7
227 299 4
326 480 2
417 496 8
511 563 1
243 316 8
203 416 6
168 381 1
155 243 2
72 354 3
266 400 3
62 354 2
30 412 10
137 233 3
128 404 7
107 186 7
201 426 10
454 520 5
14 156 9
152 269 3
207 288 10
339 536 6
100 199 8
19 38 6
138 395 3
183 456 9
160 560 5
333 550 2
217 456 6
417 447 1
269 524 2
474 493 5
400 557 6
125 554 3
184 390 10
242 519 2
121 333 8
142 453 6
121 317 10
396 553 4
274 550 7
523 555 3
19 559 6
397 470 1
376 402 1
392 505 10
24 376 4
493 548 4
353 448 3
240 339 5
389 492 1
79 271 7
408 536 9
240 549 3
237 457 3
366 409 3
345 373 7
127 201 3
258 404 4
409 447 4
48 274 3
133 317 3
119 400 2
417 534 1
306 417 5
263 273 1
460 560 7
96 399 1
24 395 9
346 416 4
258 355 1
63 431 5
204 400 2
496 538 2
2 207 3
389 445 8
228 563 6
184 324 1
179 354 6
151 379 7
269 274 2
165 186 6
293 302 8
347 419 9
180 449 9
490 492 3
392 492 5
207 553 1
288 304 9
240 324 5
241 243 1
183 480 10
367 456 3
252 417 2
160 397 8
297 409 7
65 324 3
1 330 1
68 449 6
450 498 8
329 554 4
257 484 7
186 266 10
106 351 10
199 217 4
266 441 3
217 231 2
379 519 7
457 483 5
224 549 4
8 121 5
188 491 5
83 248 10
477 550 6
389 526 2
435 441 4
121 307 4
293 297 6
300 505 8
19 110 9
3 302 5
406 541 8
395 520 6
88 248 1
305 445 6
399 496 1
162 550 5
96 333 8
243 509 1
492 563 2
65 82 5
207 324 9
60 297 8
171 416 6
28 409 5
219 339 8
288 360 4
334 492 9
389 510 8
385 550 1
293 307 2
295 417 8
271 428 7
198 400 9
507 534 5
199 509 5
213 272 3
65 189 2
184 307 9
253 346 3
110 517 6
110 160 8
191 307 1
316 412 4
156 346 2
365 549 10
457 563 9
167 400 9
186 435 5
43 231 8
138 549 9
471 524 6
110 230 2
225 563 1
127 367 5
160 311 8
311 417 4
99 435 10
77 186 7
510 536 5
203 243 4
85 564 4
240 553 3
372 395 8
98 199 8
7 292 7
19 527 10
171 510 10
52 505 3
294 348 5
495 563 7
274 286 9
290 564 6
415 519 8
396 493 5
299 353 8
326 445 4
348 481 4
338 515 1
297 540 10
510 546 4
232 243 10
155 324 8
356 447 4
176 379 8
148 184 8
248 460 10
3 416 7
83 448 5
68 360 3
38 526 4
483 552 1
11 393 8
207 342 10
36 399 9
515 529 8
114 563 10
100 451 8
198 207 1
8 564 9
155 527 1
384 507 1
65 320 7
302 522 8
221 342 10
54 355 7
293 413 5
307 339 3
348 515 7
271 431 4
307 388 5
227 417 8
282 401 10
223 248 9
255 509 2
346 511 9
201 223 9
196 444 10
300 307 6
274 555 6
303 548 1
450 509 1
236 340 2
388 461 4
435 564 9
152 550 1
58 420 8
390 492 2
292 392 7
125 307 8
261 272 7
211 231 9
14 243 5
409 442 10
189 349 3
216 302 8
189 218 6
16 549 6
368 510 5
2 231 3
36 346 6
219 435 1
492 555 2
18 428 6
247 355 6
505 558 7
217 548 2
59 560 6
148 461 6
46 373 8
128 186 3
389 419 6
347 558 3
280 460 8
281 428 5
276 496 10
49 559 2
218 484 8
34 541 3
229 546 9
190 435 4
441 491 10
339 436 1
407 459 2
367 494 7
170 269 9
165 529 9
461 500 7
170 395 4
289 453 4
38 415 5
470 481 8
416 452 8
184 188 6
184 520 5
451 487 8
311 449 3
276 342 6
227 348 1
275 351 2
176 393 2
384 450 7
99 349 4
63 383 8
160 413 9
162 480 3
248 292 7
213 558 9
186 278 4
340 394 8
256 457 8
270 517 4
39 546 4
7 412 3
409 547 4
18 465 6
176 436 8
217 399 10
205 491 2
175 560 5
231 423 2
553 558 5
320 451 7
222 286 10
28 484 5
150 450 8
381 558 6
311 420 7
425 500 2
488 538 7
413 480 4
307 362 8
392 412 2
274 402 10
515 538 8
299 549 8
205 401 9
384 465 2
17 383 1
372 394 6
402 439 5
34 499 1
8 297 3
332 400 7
266 367 4
531 548 3
186 544 8
233 450 8
262 439 2
507 509 6
207 536 10
215 496 6
41 302 1
186 548 5
1 484 1
349 409 2
357 396 3
278 453 5
432 459 8
138 370 9
137 520 5
222 236 5
493 559 2
109 379 2
83 301 6
293 416 10
306 557 6
340 482 7
134 510 2
4 288 7
313 413 5
207 460 8
360 505 6
217 362 7
280 382 9
9 559 5
260 353 2
388 546 9
435 514 3
417 449 4
144 511 3
38 148 3
410 423 8
184 293 4
195 269 5
252 416 5
184 462 5
486 538 8
110 238 7
190 333 4
188 312 6
390 554 7
2 547 7
294 514 7
318 394 7
343 507 8
201 302 5
229 339 6
553 557 9
458 509 10
255 311 4
132 333 4
483 490 5
97 417 7
203 457 10
168 266 5
110 117 8
139 547 10
397 452 2
152 525 6
328 402 10
76 527 2
461 541 5
114 555 9
226 500 2
65 304 10
280 553 2
337 393 6
294 340 8
100 515 3
63 218 9
277 525 10
286 509 1
312 440 10
394 448 7
197 550 3
382 408 7
138 469 4
376 407 6
418 480 6
154 400 7
456 459 3
419 519 9
239 526 9
208 354 10
243 401 3
50 509 5
236 249 6
162 288 7
21 382 3
363 534 10
451 533 9
155 436 2
442 529 10
175 390 5
223 400 4
28 203 6
177 549 8
307 451 9
297 500 2
86 301 6
376 431 5
244 552 5
447 497 9
20 536 2
166 447 8
313 552 8
221 563 9
324 527 5
30 324 8
287 428 7
139 274 5
374 448 4
136 492 6
458 560 7
362 486 5
360 424 5
181 301 5
312 508 10
376 499 10
140 546 5
221 499 3
82 508 4
201 205 9
359 552 2
126 511 8
248 341 5
9 148 5
137 242 10
220 470 6
349 381 8
269 509 2
346 413 8
111 294 9
307 309 4
409 469 4
135 563 9
28 342 4
399 521 8
505 531 10
110 464 3
44 272 3
172 529 5
14 499 10
227 307 6
251 299 8
218 266 10
189 506 4
1 499 9
297 456 2
194 483 8
306 464 4
174 394 7
302 502 8
133 522 6
323 349 2
97 408 5
130 419 5
362 547 1
189 423 7
198 217 4
309 413 8
340 534 2
355 360 2
325 502 2
523 529 7
102 412 10
456 498 1
123 509 4
397 468 4
481 524 1
258 444 5
218 483 3
439 450 3
66 511 2
256 440 9
34 507 1
36 286 9
133 247 10
110 487 10
127 269 8
50 526 7
121 515 7
482 512 1
82 282 2
412 491 9
210 288 10
156 310 6
294 510 8
4 249 4
199 549 6
85 461 6
333 560 9
288 498 10
5 462 6
272 387 8
64 492 6
47 512 1
350 557 6
96 400 8
174 548 7
350 409 5
80 205 7
211 311 2
64 546 7
417 556 9
83 346 5
205 451 2
110 337 5
137 464 5
316 415 2
247 284 9
241 339 1
223 526 1
138 277 8
37 519 5
50 83 4
343 452 10
510 538 2
47 459 2
177 257 4
451 517 3
307 408 8
395 521 10
144 156 9
59 257 6
330 560 8
279 324 2
149 355 8
178 453 8
67 420 2
152 428 4
373 523 8
382 491 4
295 348 1
175 346 7
277 481 2
536 548 1
144 497 5
394 505 1
237 310 7
110 506 8
186 390 7
201 236 7
448 509 7
353 540 10
404 413 9
121 559 1
497 505 7
7 301 2
29 201 3
390 434 8
278 413 3
263 451 2
301 552 5
106 486 6
144 444 2
52 379 1
240 292 9
248 462 4
148 543 6
481 547 2
65 89 5
89 199 1
448 453 8
32 249 2
261 435 6
30 548 7
313 494 7
284 428 5
445 538 10
79 402 1
63 269 6
447 555 1
296 529 1
137 238 6
355 562 3
137 179 2
152 257 10
219 242 1
415 529 5
179 285 10
292 342 10
195 381 10
343 456 6
49 247 8
190 453 2
207 462 2
475 523 8
395 523 6
321 523 6
76 557 1
218 276 9
233 236 5
309 527 10
82 256 7
34 514 2
363 512 4
114 554 6
269 413 1
225 555 3
452 547 10
483 497 5
233 494 9
424 426 10
364 389 8
483 492 10
190 399 6
68 511 6
144 550 2
372 540 8
144 243 4
133 431 6
30 424 4
419 474 2
297 493 7
83 373 5
488 499 7
351 446 2
235 490 7
386 544 7
79 223 7
112 278 2
369 384 8
189 274 5
503 546 1
315 485 6
207 461 10
487 543 6
93 294 1
243 317 10
208 510 6
261 429 5
492 553 2
33 481 2
264 413 2
145 217 8
416 548 10
498 508 5
272 485 9
416 439 8
302 527 2
8 562 4
104 540 8
6 297 3
257 522 5
58 293 3
116 460 5
160 242 5
125 490 2
390 418 3
108 394 1
198 556 1
304 419 9
368 506 3
406 502 3
205 355 2
132 549 5
121 215 1
181 506 10
61 514 3
184 541 6
283 464 8
65 148 6
89 374 6
53 215 7
42 550 5
66 230 3
309 480 6
379 383 6
