159 1000
90 15
662 46
780 33
806 36
674 28
70 12
12 41
886 49
179 5
804 26
219 12
903 10
75 29
263 22
984 13
959 18
290 17
837 13
491 48
207 25
185 5
734 34
857 45
86 4
409 8
90 24
619 6
788 28
503 44
249 24
967 3
425 18
268 7
432 13
677 31
976 42
174 48
226 10
728 5
475 12
80 49
643 32
74 31
888 44
349 30
142 25
281 35
82 27
592 2
14 33
452 15
806 22
260 38
481 7
784 41
490 25
56 1
388 15
478 40
513 44
652 39
993 8
396 16
34 30
483 44
376 44
261 6
717 45
287 7
330 29
375 3
437 10
203 25
145 13
738 30
982 12
385 42
667 8
228 9
154 17
445 38
306 49
577 2
235 48
632 11
80 46
127 4
289 46
109 41
32 30
176 14
121 27
978 28
614 40
22 50
226 47
512 44
477 41
34 3
609 41
379 25
186 34
513 48
328 11
123 17
500 42
750 38
928 22
999 18
91 46
519 39
304 39
62 24
614 41
796 24
715 17
100 6
217 15
222 33
18 14
774 7
154 34
980 12
625 22
161 48
422 5
502 16
609 23
927 42
485 9
974 16
311 6
209 46
171 50
385 43
707 8
300 24
815 9
797 27
324 45
446 12
126 6
259 25
134 29
862 32
562 35
668 22
698 5
886 20
317 11
40 26
327 1
473 22
751 28
448 4
400 39
825 22
288 16
592 3
1 138 5
97 138 9
1 123 4
75 138 6
123 134 3
105 138 7
31 134 2
77 138 8
1 9 3
118 134 4
114 123 9
130 138 10
9 10 9
119 134 8
63 138 7
74 134 7
10 58 10
10 38 1
134 158 8
10 60 2
47 60 1
10 132 9
90 132 7
10 84 6
41 58 2
44 132 9
146 158 6
1 141 10
10 80 7
1 130 4
58 155 10
10 122 2
84 125 2
38 91 8
10 62 5
93 158 5
84 88 8
60 102 7
46 102 9
123 141 8
49 91 6
52 125 2
58 91 9
14 84 4
2 123 5
74 123 9
17 102 9
88 91 4
56 88 10
9 35 3
27 80 7
1 117 2
98 125 6
1 101 2
42 132 5
65 122 9
80 147 2
98 117 4
145 147 7
130 149 5
21 130 4
134 147 3
152 155 4
74 102 3
85 132 2
58 59 6
24 62 5
117 137 9
116 149 4
109 134 9
49 101 9
87 132 10
10 87 7
113 125 1
78 130 3
42 117 9
20 117 6
6 62 10
154 158 8
88 148 10
141 144 4
88 120 2
35 149 7
52 130 7
84 111 2
35 125 10
8 122 6
111 115 3
133 137 7
3 125 9
10 104 6
18 144 8
109 115 7
58 80 2
91 92 10
138 148 5
9 11 1
14 123 7
71 134 6
60 156 1
125 130 2
62 88 2
24 111 8
59 102 4
1 149 9
94 122 9
69 137 10
62 111 10
130 142 10
38 50 9
132 140 3
91 132 6
73 130 9
117 125 5
11 64 2
5 141 10
13 148 9
1 104 5
10 120 6
9 117 9
37 144 2
9 14 8
115 134 5
104 155 7
130 143 6
134 136 1
3 58 1
44 117 8
49 147 8
59 138 4
73 158 5
23 59 1
37 92 1
116 123 1
53 148 2
53 137 1
51 156 3
80 155 6
38 125 1
45 130 9
9 83 3
123 149 1
55 101 1
104 149 2
90 111 8
122 155 10
41 104 6
92 155 3
17 84 1
5 120 2
115 130 4
89 141 9
77 156 1
25 84 7
129 140 10
65 158 10
80 86 1
99 147 6
100 117 9
60 143 6
65 138 4
111 145 3
4 145 10
10 130 5
127 136 2
92 130 10
15 149 5
72 111 2
55 92 2
58 104 4
62 83 3
5 111 5
120 143 3
35 156 2
101 158 3
51 158 10
71 149 9
64 129 3
58 113 5
62 87 8
91 156 4
143 156 1
57 132 9
55 88 7
67 134 3
63 144 1
68 123 4
92 144 10
135 142 1
104 133 1
113 132 10
58 120 2
61 92 2
32 136 2
89 132 1
86 142 5
35 58 6
94 101 10
38 118 3
1 120 7
64 120 2
80 113 4
123 137 5
112 141 4
130 152 2
20 145 8
76 83 8
145 159 5
81 148 5
90 138 8
149 159 5
87 147 1
60 123 1
92 109 7
10 105 8
91 118 9
75 84 10
106 156 3
19 117 2
113 115 8
79 138 6
31 113 9
123 133 7
93 125 7
101 144 6
53 125 3
125 144 6
123 128 3
71 80 10
108 143 3
10 71 1
115 131 6
106 117 3
40 71 10
45 141 10
35 76 1
71 155 1
122 130 2
79 136 3
58 86 6
93 136 3
53 155 2
38 140 8
91 141 1
138 143 3
122 125 5
11 122 2
133 140 8
84 146 1
56 158 2
80 125 7
85 128 2
46 91 4
112 138 2
105 118 4
114 148 3
113 130 5
59 115 7
74 125 9
119 131 5
146 151 5
10 102 6
58 108 3
40 101 9
82 131 5
39 138 1
93 128 5
62 132 4
128 159 8
69 159 9
61 102 9
11 131 1
109 152 6
78 109 1
3 64 9
84 139 8
3 138 2
42 59 6
23 102 7
96 141 1
86 141 6
35 87 10
28 132 2
11 136 6
59 131 8
38 49 1
38 112 1
14 23 7
86 124 2
59 103 7
115 129 4
97 139 7
136 138 9
108 119 6
46 129 5
80 103 8
1 36 5
138 141 6
76 125 6
121 159 3
67 141 2
141 146 10
84 144 6
123 145 5
43 145 4
93 105 2
17 143 10
56 143 3
115 127 10
106 145 3
128 137 3
95 125 8
69 158 4
34 87 8
109 143 7
24 101 4
12 134 3
88 125 5
46 49 7
29 152 4
11 137 9
20 141 4
21 91 8
61 136 2
14 108 7
51 131 2
38 127 6
91 138 9
80 139 2
60 133 1
76 137 9
26 152 5
88 101 6
19 146 10
102 117 10
1 82 5
87 119 1
72 131 6
12 145 2
87 103 1
59 72 8
112 136 5
101 116 3
44 101 8
70 142 10
99 103 3
52 136 3
22 60 9
130 144 2
113 116 10
11 80 7
23 151 7
28 152 10
43 59 3
109 119 4
113 143 9
100 134 10
104 117 7
103 115 6
4 112 3
16 134 7
86 155 1
30 156 5
103 108 7
50 64 1
83 158 6
28 158 5
12 115 7
49 128 5
83 154 9
33 84 8
46 142 3
96 108 6
63 140 2
35 93 8
125 126 10
105 126 6
50 91 2
86 90 4
1 20 3
23 73 4
38 119 9
69 105 6
94 103 1
41 118 6
113 137 1
80 117 2
143 152 2
58 121 4
45 119 9
90 98 7
73 104 10
73 131 2
50 127 3
23 105 7
9 80 3
70 122 10
132 157 5
92 132 6
17 82 2
26 129 4
63 105 10
127 132 5
10 149 10
90 152 10
39 144 2
17 72 4
9 67 9
78 92 4
1 88 9
73 79 5
84 98 6
115 158 1
48 137 3
10 142 2
106 132 4
33 73 6
81 83 7
121 123 7
8 123 1
79 98 1
119 148 10
62 139 10
44 59 10
3 146 8
12 49 1
29 159 10
21 159 4
102 113 6
10 155 6
71 112 10
2 155 10
45 123 2
80 124 6
64 144 6
118 157 1
72 119 5
101 130 1
98 113 7
66 105 5
128 139 6
33 59 3
119 137 2
34 116 7
113 159 5
58 79 8
62 71 8
102 143 1
64 113 3
90 131 5
92 117 7
40 93 6
10 98 3
140 157 10
88 139 3
24 139 6
93 97 2
6 104 8
83 106 4
18 23 8
117 128 9
124 156 6
63 146 8
37 140 5
14 159 10
59 82 6
52 79 10
141 159 8
50 106 9
69 152 2
45 158 3
98 111 10
59 60 9
109 121 9
117 134 7
66 130 6
50 72 5
30 76 3
57 116 8
125 155 3
103 157 9
76 132 4
54 119 1
82 142 8
104 144 6
64 99 9
32 38 1
41 73 3
38 40 4
71 133 9
49 50 8
120 133 3
136 155 4
50 81 1
30 99 7
39 116 8
104 120 6
36 137 3
22 139 3
155 159 1
37 72 9
49 98 3
58 156 6
67 112 9
38 146 2
61 105 4
8 128 5
32 92 7
38 56 6
8 80 1
104 125 10
76 97 9
120 157 9
80 159 9
56 94 10
9 154 1
91 102 7
135 154 10
3 129 3
34 132 2
13 155 10
14 118 3
51 59 9
54 79 5
3 101 10
71 119 6
51 83 3
90 122 1
133 144 8
39 121 8
14 16 8
61 71 1
49 93 2
36 102 5
42 103 8
98 101 4
23 137 7
8 59 6
9 15 1
77 147 4
27 50 10
54 81 3
11 47 8
1 89 2
96 156 9
59 87 5
13 113 9
1 139 5
81 142 5
126 130 7
88 115 4
15 104 8
16 128 5
9 112 6
72 113 2
35 129 8
53 143 9
16 30 9
102 116 9
42 105 8
59 121 6
44 125 9
58 146 7
145 150 2
23 111 10
82 117 8
141 155 8
75 94 1
121 157 9
105 159 2
36 42 1
35 147 2
94 123 5
9 106 7
56 81 5
87 150 8
14 77 2
94 142 2
35 158 2
4 121 7
105 124 9
62 103 2
30 143 1
35 97 3
79 85 10
50 76 8
62 123 9
92 154 10
33 109 1
31 111 1
22 158 6
15 155 2
62 125 3
50 136 5
31 84 1
40 85 8
128 140 5
91 129 4
76 141 4
51 92 8
5 102 1
40 41 2
48 84 7
47 67 1
11 115 10
55 144 9
119 155 3
123 132 3
100 154 1
144 154 2
44 116 1
73 105 5
61 98 3
24 132 2
50 104 7
29 40 4
39 123 10
79 105 4
86 132 7
56 159 4
8 93 1
19 85 3
91 114 7
91 122 6
42 72 1
42 109 8
9 149 2
49 155 6
68 109 9
89 156 5
100 102 8
108 128 10
1 151 8
73 87 4
111 123 5
72 124 4
101 102 6
55 94 4
15 56 3
48 144 10
58 62 3
57 151 2
27 77 9
127 150 10
10 110 2
29 106 10
128 155 7
14 99 2
91 119 9
58 152 9
78 93 8
109 155 7
152 156 2
19 82 8
5 154 2
91 109 9
82 140 6
46 126 2
4 157 7
103 121 2
39 156 9
54 108 9
150 152 5
11 124 2
28 30 4
49 103 9
64 122 8
4 71 8
65 81 8
49 124 3
110 113 6
79 152 5
120 134 9
30 118 7
20 121 9
52 64 4
82 159 3
19 151 7
101 143 7
126 155 1
57 155 5
138 159 8
35 134 2
109 158 4
138 139 9
98 130 10
71 106 7
132 133 3
14 15 5
7 129 9
104 137 2
11 134 4
39 91 1
27 159 8
17 91 10
58 126 1
132 137 7
117 123 6
38 132 7
140 144 3
1 23 6
43 124 7
37 73 6
8 124 3
89 116 2
6 126 4
84 90 1
83 110 5
80 157 10
60 117 4
104 156 7
21 155 4
22 130 6
27 87 3
2 133 9
72 139 8
131 151 1
1 73 5
63 99 6
118 150 6
24 142 3
20 155 5
43 128 3
39 146 5
14 56 1
127 152 3
48 77 8
92 127 3
85 127 8
94 144 9
122 140 5
41 142 9
81 88 6
14 79 1
61 126 6
81 115 6
110 120 1
27 110 2
103 110 6
110 131 2
71 102 8
117 124 2
14 72 10
93 120 5
91 152 4
65 124 9
66 104 8
120 128 2
119 142 10
56 109 6
148 150 7
90 159 6
41 149 5
82 156 5
24 113 7
51 99 8
40 72 5
16 86 6
12 101 2
94 105 8
62 152 1
58 153 6
42 47 9
40 42 1
123 155 4
83 150 7
109 147 7
55 126 10
15 72 10
44 137 8
83 132 3
41 127 2
148 156 9
15 63 3
3 11 7
73 123 9
93 95 10
82 84 3
45 80 8
114 153 3
140 141 1
54 141 8
60 83 2
34 83 3
3 147 1
102 112 5
7 89 10
102 147 9
137 154 5
26 145 2
35 118 1
1 136 10
41 115 2
41 53 8
28 138 6
81 108 6
82 127 1
86 115 3
1 4 6
97 106 2
49 119 4
36 72 3
49 126 10
130 145 10
42 102 4
33 117 2
41 88 4
4 110 8
37 125 6
54 159 2
88 97 8
149 151 3
40 131 9
49 156 1
108 155 2
70 130 5
24 154 7
29 104 2
37 41 6
114 133 1
4 124 10
36 151 5
92 124 4
38 89 9
74 156 8
42 108 9
101 114 10
46 121 9
139 146 7
10 116 3
6 116 1
2 110 8
91 149 1
54 71 3
102 145 10
118 127 9
63 76 9
15 125 3
25 105 1
37 94 10
62 138 6
94 112 10
40 133 2
23 60 5
14 127 10
107 112 5
82 99 4
60 157 1
42 150 4
48 111 4
33 98 10
64 72 7
14 155 8
54 136 8
99 145 9
26 118 10
10 109 10
105 150 6
77 136 7
95 152 4
28 83 3
62 122 1
41 59 9
97 157 8
15 133 2
129 130 3
53 58 1
69 73 3
43 102 5
117 145 6
50 129 3
76 78 6
17 144 1
73 119 6
46 92 2
100 130 3
9 104 3
11 40 7
73 96 1
4 125 1
117 133 9
3 112 5
23 110 8
35 103 2
36 80 3
106 154 6
30 152 4
119 121 4
49 123 9
98 139 1
74 112 9
147 155 8
70 104 2
41 71 4
16 51 1
147 159 5
90 99 5
32 58 10
96 135 7
53 71 1
36 58 7
90 100 9
70 125 7
85 97 6
23 109 3
31 130 6
37 42 3
64 135 9
62 96 2
14 101 10
79 91 5
117 152 7
17 89 7
100 155 10
47 101 1
49 130 5
130 156 1
99 129 3
20 119 9
50 123 6
50 99 8
34 133 7
83 125 3
24 95 1
23 40 4
46 159 3
64 114 6
96 103 4
122 141 3
81 155 3
57 115 8
62 136 10
117 146 9
35 109 2
42 128 3
82 134 9
78 108 4
17 158 3
41 62 10
9 94 3
56 130 5
51 140 2
50 122 8
9 58 6
38 66 2
34 138 8
60 128 3
15 113 7
151 159 10
33 140 2
3 153 8
56 66 9
155 156 6
132 147 8
6 133 4
103 111 8
148 151 8
20 139 2
76 79 3
42 79 6
60 151 7
15 25 1
16 125 9
114 141 4
108 110 3
14 105 9
66 68 7
28 159 9
69 98 2
2 139 5
112 126 2
16 155 8
49 108 3
20 53 9
90 139 1
94 150 6
35 110 10
10 133 6
62 67 8
14 25 7
23 119 7
66 123 8
56 114 10
71 82 4
20 83 2
99 108 8
91 130 1
54 143 7
20 35 9
110 132 2
87 137 7
104 131 6
1 67 1
32 102 6
43 100 5
60 90 7
14 70 5
32 133 5
130 131 7
27 42 5
