695 1000
133 11
157 7
667 23
604 44
533 17
91 44
981 23
153 16
232 43
515 47
353 15
152 44
116 1
448 28
69 10
706 9
971 24
348 19
855 39
409 11
399 23
128 22
422 27
807 42
957 4
484 48
210 5
255 42
410 27
156 9
12 32
744 33
734 46
148 21
453 31
248 6
226 30
115 47
210 38
407 44
412 7
462 12
874 2
229 16
975 30
824 36
852 6
344 20
171 32
827 16
93 49
882 42
387 48
607 3
85 38
40 39
147 40
80 1
24 23
471 30
527 28
190 11
325 12
281 5
699 47
599 20
299 49
501 33
198 31
258 45
808 2
992 1
572 14
943 7
2 13
804 39
520 12
992 15
699 33
428 6
843 12
260 6
375 22
85 47
345 17
370 35
103 19
653 17
451 31
342 32
122 6
217 45
765 40
767 21
516 31
787 3
36 27
987 17
205 30
915 29
211 7
999 29
830 39
316 6
659 8
140 18
259 6
669 48
245 47
218 24
443 2
939 48
357 42
649 10
326 32
287 38
253 48
852 4
193 37
556 35
393 14
881 35
867 8
274 10
709 27
629 11
833 45
94 38
724 13
116 48
432 47
907 16
453 37
459 2
415 46
381 10
275 33
118 49
293 47
345 38
337 50
276 5
908 31
804 20
997 30
596 24
831 43
265 36
775 38
605 27
597 6
484 25
453 16
124 26
361 46
430 24
506 29
276 20
313 27
781 43
937 48
132 38
709 16
547 38
139 9
211 9
671 16
415 31
659 30
453 38
386 29
237 12
845 6
902 10
885 46
868 22
197 13
185 33
870 8
990 48
341 5
216 21
887 50
919 48
954 21
672 26
380 32
412 21
418 47
901 2
789 17
199 39
7 30
973 10
621 25
978 25
606 17
902 12
688 7
338 12
732 45
762 22
677 48
252 26
443 26
363 22
880 38
385 28
828 48
207 22
46 49
983 27
215 41
783 19
205 2
370 11
923 10
423 44
991 17
503 4
789 14
524 34
287 45
308 42
267 11
284 18
188 8
748 39
705 14
774 4
947 31
639 14
215 8
884 12
626 35
475 29
462 26
360 12
353 48
766 48
682 8
476 27
938 30
1 27
459 27
598 3
467 40
208 21
423 22
879 40
302 50
88 8
785 22
897 8
67 39
882 21
395 46
307 26
857 48
286 19
316 49
283 23
430 38
746 26
376 9
805 24
618 24
470 24
280 38
692 15
919 6
508 44
994 13
925 14
747 31
398 23
771 8
941 45
51 2
378 38
173 2
839 48
177 10
500 15
974 12
222 19
393 16
771 15
136 48
584 49
231 40
638 18
580 25
613 49
365 12
833 41
827 45
975 5
155 10
552 50
853 28
260 45
983 4
813 49
675 33
837 31
41 2
29 2
32 8
562 27
46 11
2 46
177 23
895 10
590 1
568 6
18 23
531 15
424 1
154 31
558 39
253 17
541 46
670 18
150 35
300 1
558 2
142 9
955 16
363 42
376 33
978 4
43 4
129 8
174 9
78 33
419 21
327 22
484 44
648 11
133 2
277 46
198 32
419 22
303 39
998 10
358 40
919 46
718 30
636 16
399 40
304 42
121 47
120 39
21 33
290 18
733 34
292 17
445 38
505 21
503 18
878 25
943 22
861 4
139 14
574 40
367 49
642 38
916 20
630 45
214 18
483 42
474 41
476 42
583 50
345 39
204 19
548 37
243 11
313 34
56 15
38 22
192 16
782 42
857 47
197 14
377 31
521 35
830 12
106 24
613 9
255 39
280 18
346 27
7 16
435 31
602 30
641 35
895 20
184 20
692 45
498 30
553 12
244 9
990 7
105 35
250 44
664 19
582 41
815 34
687 40
702 7
992 50
756 8
770 30
908 29
86 33
780 42
809 44
973 10
542 48
93 48
888 48
693 30
184 41
138 25
772 28
165 15
761 29
701 7
772 11
248 8
762 28
136 4
748 27
760 44
964 17
619 43
459 8
567 31
510 18
883 42
265 27
866 42
344 5
808 26
671 3
141 27
260 25
865 45
407 35
940 1
1 49
378 6
828 22
87 47
628 13
481 49
439 10
325 7
280 13
294 5
399 2
363 38
343 12
123 34
169 24
527 4
957 7
996 45
36 43
10 2
120 42
632 36
18 27
158 33
802 12
465 41
940 4
241 31
685 27
432 27
352 36
494 44
275 38
382 48
730 24
439 37
537 16
389 11
593 19
467 25
311 35
154 21
453 28
484 3
333 24
227 3
565 29
489 37
486 4
141 30
605 38
407 30
552 49
764 46
503 47
893 13
893 16
4 43
286 38
847 3
734 9
638 50
372 6
52 12
626 22
566 30
292 15
236 16
487 13
677 46
73 39
678 3
555 29
345 16
95 34
552 40
82 41
272 41
186 3
628 40
29 24
166 7
524 26
126 31
728 15
94 32
61 8
651 9
722 6
744 22
901 33
286 44
497 32
228 15
442 1
367 35
397 42
240 38
563 12
297 29
143 45
277 46
823 40
34 29
481 27
546 19
422 22
886 44
684 29
919 28
855 3
285 46
945 41
332 14
837 8
897 50
285 19
800 4
243 2
940 18
531 10
662 37
512 18
294 37
219 2
977 13
281 49
365 8
512 9
977 11
215 43
955 9
743 26
943 7
476 37
579 15
338 8
554 28
938 27
112 27
387 14
365 29
438 8
67 45
446 37
259 31
758 37
351 29
496 8
334 46
640 32
341 28
957 3
328 48
270 8
314 37
565 35
447 47
245 42
996 19
999 19
217 44
748 10
757 20
832 9
823 32
599 29
771 7
882 18
845 21
871 3
190 34
762 25
646 44
443 26
640 36
978 19
521 6
359 35
511 39
105 21
355 28
805 18
27 2
628 4
125 14
971 2
794 31
454 42
685 11
759 11
509 6
376 40
647 21
514 32
359 35
732 34
260 13
773 4
326 3
658 4
150 14
588 8
257 26
133 4
627 43
878 45
846 46
451 11
580 4
435 20
299 50
713 35
917 23
51 16
573 23
346 48
356 34
379 45
374 37
696 4
535 28
814 29
478 39
581 14
455 47
257 31
627 20
767 34
830 44
519 19
439 46
233 41
324 41
429 25
537 44
376 46
405 37
291 13
317 17
85 14
981 32
733 7
1 133 5
20 133 2
1 39 10
85 133 5
39 79 5
79 182 7
182 371 5
39 694 1
210 371 9
39 138 5
138 601 10
39 231 7
39 583 8
39 295 4
79 143 1
583 633 6
133 402 2
159 295 8
295 370 9
39 209 9
133 569 4
55 569 3
402 692 5
182 309 7
47 694 9
1 630 4
569 607 9
218 692 6
523 630 3
112 371 3
28 583 10
231 316 1
138 244 3
644 694 8
39 359 5
129 309 4
316 614 6
370 482 3
66 143 7
692 694 5
70 370 1
402 510 2
231 285 4
557 692 9
255 295 10
79 322 5
534 614 10
97 482 4
187 322 4
525 694 6
14 285 5
161 694 10
199 295 2
209 364 7
285 606 7
309 364 6
1 380 7
306 583 5
229 371 3
110 614 6
285 650 10
607 670 2
490 630 5
559 601 5
40 370 1
209 682 8
295 457 5
39 664 3
79 528 8
601 688 8
30 371 2
380 580 8
600 664 1
556 664 1
280 607 2
134 633 1
491 664 5
182 396 1
87 457 10
1 211 6
143 275 8
251 371 3
359 685 2
110 630 4
79 83 10
398 682 1
260 316 8
182 633 9
152 694 3
83 424 5
599 614 7
237 694 1
133 326 10
326 669 9
383 694 4
83 642 7
429 606 4
379 569 4
293 371 6
299 606 6
204 316 1
322 488 9
243 424 3
370 688 5
211 456 10
227 285 8
259 456 10
448 669 9
138 191 7
359 567 5
188 606 2
39 224 10
472 650 5
401 482 8
277 664 10
567 642 7
1 209 1
255 457 7
107 371 1
235 606 5
209 494 3
134 182 7
69 614 6
168 182 7
209 505 10
482 620 4
112 682 3
186 364 10
301 607 8
285 480 5
220 371 10
113 309 6
322 505 10
1 235 7
66 630 3
84 569 10
9 370 10
143 156 4
86 182 4
161 191 1
316 381 8
231 453 6
456 558 3
580 625 1
554 688 10
598 625 3
209 514 7
378 583 5
138 462 3
41 528 10
310 453 4
224 399 1
388 494 7
438 505 3
318 607 3
46 620 8
402 570 1
275 564 5
79 583 9
206 685 3
610 664 6
191 612 5
630 678 7
514 571 10
244 417 8
152 614 9
186 224 9
410 694 8
53 231 2
370 421 2
318 558 7
561 564 4
1 243 5
244 322 2
72 316 6
138 334 1
146 682 4
359 682 10
303 316 7
71 211 4
104 682 4
353 580 9
562 670 2
475 642 5
401 571 6
132 421 3
133 547 2
364 639 3
209 569 1
66 381 9
95 243 5
230 371 4
567 681 1
330 678 3
434 633 6
625 680 6
275 296 9
30 678 9
287 510 5
353 488 5
678 694 10
381 678 5
134 664 4
33 211 4
46 642 5
29 558 9
83 421 3
403 569 3
453 685 9
176 607 2
378 570 1
224 475 7
402 480 1
1 236 1
68 191 5
19 79 4
275 371 8
482 583 3
382 505 3
1 448 6
352 583 3
148 224 10
343 612 6
586 625 7
217 505 4
201 528 2
626 682 1
171 209 3
359 491 10
39 87 8
140 694 7
661 680 7
412 505 7
295 508 3
171 669 5
448 611 3
199 682 2
332 547 8
183 236 2
83 213 3
243 614 1
475 613 3
480 678 6
429 680 5
1 571 3
319 694 5
522 650 7
246 482 6
315 606 9
567 636 8
275 394 10
359 392 8
99 380 7
359 411 7
213 451 6
156 364 5
235 266 10
316 444 5
86 421 10
203 462 1
218 613 3
456 601 8
215 680 9
298 475 10
188 682 2
569 595 6
53 583 8
169 211 10
211 271 9
333 396 6
586 681 2
457 618 4
209 349 9
13 682 7
252 275 1
29 528 5
334 642 5
187 528 2
30 620 3
493 614 8
299 326 9
601 638 3
316 586 7
656 670 7
392 539 9
360 482 2
285 380 7
651 670 9
296 393 8
13 211 3
156 572 2
83 461 10
141 451 1
138 400 7
295 313 4
138 509 4
558 693 9
587 630 3
107 547 1
254 364 5
38 322 2
100 638 9
51 664 1
167 371 7
422 480 5
38 595 7
133 536 4
138 511 5
9 138 8
322 429 1
368 613 1
213 448 1
40 692 6
224 384 3
221 313 9
595 648 7
645 694 7
191 275 2
213 244 4
453 624 8
505 636 10
267 547 3
480 611 2
105 569 1
225 650 10
402 479 3
363 642 1
510 566 3
51 510 1
160 213 1
87 430 6
107 558 9
263 624 8
1 55 9
235 485 4
482 608 6
291 571 8
138 313 10
380 630 1
148 482 4
236 537 7
34 547 8
393 450 6
371 589 1
195 566 7
488 590 9
224 560 6
154 508 2
613 681 8
607 624 5
531 586 5
302 589 4
168 572 2
182 607 7
29 457 9
114 457 5
266 532 10
19 547 5
391 505 7
55 403 6
2 231 5
95 402 5
572 620 9
365 400 5
191 236 2
522 648 3
421 693 6
138 560 8
105 403 2
171 394 9
315 380 6
243 427 4
160 326 7
214 313 3
59 451 6
68 133 6
232 494 5
159 316 5
57 359 5
597 692 9
366 479 2
399 488 3
252 630 5
5 429 7
188 400 6
55 266 2
479 579 8
360 685 9
548 590 10
74 182 10
184 393 10
159 583 9
453 609 8
230 393 8
86 371 6
398 590 6
381 419 2
140 636 10
424 430 1
227 322 9
231 609 4
421 662 10
527 583 9
143 348 10
494 574 5
159 618 10
353 692 4
286 295 2
398 400 10
317 566 6
430 511 3
22 642 7
410 609 1
260 364 4
514 516 7
244 444 7
204 419 3
159 612 8
93 601 6
393 635 1
619 630 1
167 451 7
211 331 8
281 514 3
182 484 1
133 197 8
369 633 10
209 591 7
569 571 6
192 564 8
543 613 8
195 682 1
545 642 10
430 659 1
231 589 7
133 416 10
505 609 10
227 392 7
313 557 4
405 681 6
564 591 1
97 664 5
403 542 9
291 381 7
98 570 5
168 612 3
371 487 10
88 614 2
557 674 9
41 591 9
482 671 10
243 681 2
466 589 5
586 589 5
529 560 6
467 475 1
499 639 7
256 583 8
9 580 10
1 160 7
79 517 1
612 634 2
514 673 4
615 671 1
274 630 6
556 613 5
539 540 9
569 680 7
8 633 3
231 400 9
394 620 2
62 295 5
510 539 1
161 560 6
456 687 1
271 419 4
280 620 4
277 394 10
321 453 5
348 424 5
411 609 2
170 542 1
49 685 3
209 637 3
518 682 8
387 417 5
268 427 2
72 567 1
30 133 3
293 444 1
408 680 8
185 427 7
348 539 10
453 598 8
55 61 3
196 648 8
449 692 2
511 584 6
362 511 10
71 285 6
154 613 2
226 650 4
134 403 7
339 494 10
32 83 10
120 479 8
233 613 4
313 669 3
371 561 7
211 614 4
281 532 6
160 489 3
366 380 10
431 637 10
203 213 3
159 590 9
340 580 2
222 488 9
539 642 8
224 568 1
263 693 9
596 673 3
102 475 4
30 642 1
447 662 10
311 583 10
152 316 6
608 613 8
235 472 3
417 431 5
87 125 5
54 560 6
89 567 3
266 329 8
429 593 8
347 614 9
416 485 3
484 540 8
199 511 1
191 595 5
271 363 5
327 558 9
602 671 10
55 589 3
517 655 6
202 591 7
49 586 10
316 692 9
406 411 5
59 309 10
322 405 7
346 570 2
187 456 8
349 395 6
306 694 6
74 450 2
245 606 5
186 566 10
465 558 8
138 663 9
124 403 6
563 681 1
211 484 2
10 569 6
120 329 10
30 681 6
526 634 4
182 533 8
49 614 9
211 655 5
172 584 4
1 142 4
31 560 10
125 659 4
34 405 3
405 473 9
44 561 8
370 557 10
211 232 2
142 156 8
9 671 4
479 484 3
386 639 8
1 349 6
81 456 3
139 607 9
349 561 3
418 584 3
203 539 10
50 566 9
241 508 1
374 532 7
291 655 10
243 417 4
70 329 8
542 613 2
274 663 5
374 542 2
14 462 8
232 499 5
275 586 9
168 370 8
90 620 5
78 296 9
21 417 2
416 540 1
3 671 9
430 661 6
224 555 4
267 461 10
341 655 8
61 326 7
266 477 9
564 614 4
1 233 8
304 475 8
560 658 4
133 330 2
142 416 4
330 494 3
450 574 4
18 461 8
83 542 9
93 402 1
138 361 1
331 659 9
565 611 1
22 669 7
174 384 8
6 514 9
266 568 6
465 613 6
417 461 8
133 358 4
349 583 10
477 590 10
461 669 7
199 625 6
359 664 4
224 229 5
182 635 7
143 590 8
143 342 10
233 611 4
70 363 8
261 570 1
378 396 4
49 421 6
349 538 6
461 667 10
348 590 2
424 619 9
529 591 4
63 400 8
160 622 8
611 658 10
447 547 9
197 352 3
201 516 3
499 565 10
349 526 3
528 543 2
260 456 2
532 559 6
282 430 6
169 559 10
497 584 6
419 662 3
176 678 8
607 622 1
55 128 3
168 488 10
577 664 6
10 579 9
52 231 4
213 460 7
79 346 8
429 679 1
419 522 8
661 679 7
260 510 4
421 563 2
406 634 9
161 680 3
13 182 5
566 682 2
224 679 9
316 668 6
477 678 5
607 626 2
457 485 3
142 213 4
508 643 1
482 500 7
573 591 10
342 494 5
573 671 2
322 667 7
488 535 4
317 475 4
563 648 2
129 636 9
403 547 10
394 474 3
395 459 4
555 673 4
3 568 7
208 688 10
20 235 7
268 664 5
175 419 5
384 596 5
372 678 6
131 685 10
235 469 6
613 659 10
156 520 7
302 655 8
263 477 6
663 667 8
289 444 5
552 574 5
384 574 9
45 316 8
329 582 1
348 598 1
16 500 4
573 688 3
1 174 7
399 590 1
257 687 3
45 620 5
54 421 2
254 346 3
392 583 9
286 477 2
66 363 2
5 244 7
61 508 7
475 617 1
230 591 3
592 617 2
182 392 4
232 248 2
235 625 3
207 359 3
120 248 6
22 614 8
517 524 6
469 508 7
93 583 7
480 634 7
457 580 9
66 558 6
596 624 5
144 477 7
271 641 5
29 663 10
387 609 9
457 659 4
138 349 4
61 284 10
409 624 3
182 407 6
229 235 2
80 617 8
54 352 1
118 662 7
174 349 4
396 564 10
229 307 2
142 461 6
402 621 4
104 394 1
444 483 9
609 624 6
262 641 3
514 630 3
379 472 3
510 529 5
242 668 6
83 575 8
324 334 8
615 658 8
203 667 7
4 156 1
483 501 3
112 574 1
241 494 4
462 622 3
46 456 7
193 419 8
18 331 4
543 606 6
395 667 10
608 637 6
244 416 1
579 673 7
293 537 8
389 601 8
37 197 1
2 569 1
519 609 7
381 668 1
113 394 8
450 554 2
332 635 10
284 469 8
209 273 8
102 622 9
375 639 7
269 558 5
296 432 4
363 583 5
96 682 3
155 489 4
399 540 1
348 458 6
128 420 9
474 568 2
517 573 9
273 500 4
477 489 4
554 583 5
537 568 8
257 678 2
427 484 9
231 688 10
363 638 7
595 674 10
2 642 3
419 535 4
346 622 7
150 536 5
316 617 6
306 520 8
375 642 2
105 384 5
393 531 10
424 608 8
186 509 7
330 417 6
199 431 6
46 358 3
322 384 4
200 674 10
391 536 5
243 570 2
217 580 4
331 676 10
98 489 8
448 649 9
149 248 3
453 563 10
396 493 1
588 637 10
174 274 8
460 659 7
239 399 4
282 590 5
169 658 1
245 505 9
90 692 10
371 458 2
294 349 4
342 557 4
387 456 3
398 429 9
21 371 2
396 546 3
329 649 1
170 565 6
183 197 1
53 346 2
346 462 4
375 522 7
224 487 3
477 646 2
492 650 7
225 663 5
458 544 9
319 533 8
369 598 4
63 248 5
158 667 3
107 505 8
267 607 1
432 620 6
185 458 2
533 585 8
187 346 4
108 274 7
125 596 3
224 253 5
373 395 9
209 361 5
438 676 9
39 609 3
173 326 7
285 326 9
516 646 6
419 493 2
211 465 7
133 431 9
40 648 3
548 574 2
542 544 2
316 457 3
243 385 5
95 182 6
399 593 8
527 558 8
341 639 9
248 493 4
313 493 8
207 313 5
590 592 5
156 544 10
417 639 3
191 615 6
70 429 2
648 653 3
593 648 1
155 266 4
339 420 2
268 517 10
149 531 3
531 643 3
318 451 2
411 625 8
525 630 4
586 624 3
555 674 4
54 462 3
243 555 2
63 637 7
511 570 2
295 466 5
21 231 1
116 547 3
143 461 4
680 687 3
575 695 7
287 560 7
269 462 7
247 617 7
527 626 10
436 472 2
460 563 6
373 465 9
96 346 6
107 296 1
361 624 1
325 680 8
133 505 1
90 420 9
60 596 6
239 590 9
20 528 8
455 586 10
372 570 2
142 237 3
9 39 2
396 643 3
284 547 7
311 329 7
212 399 8
432 664 8
415 670 4
493 667 1
262 420 9
70 653 2
370 388 8
237 370 5
264 537 2
291 591 5
180 307 4
2 585 8
97 606 3
538 684 8
66 499 10
205 395 10
128 580 10
174 540 7
160 376 6
88 285 10
7 637 3
281 543 1
409 473 10
485 659 8
9 606 10
573 622 1
120 693 8
129 475 3
176 622 4
405 540 10
564 646 5
525 663 5
342 366 4
246 590 8
