69 1000
59 19
58 16
11 5
11 3
95 30
41 6
96 44
63 31
19 1
74 1
34 6
91 34
80 3
64 27
75 20
25 6
11 1
56 14
51 4
17 7
70 33
92 38
41 12
6 3
94 42
59 17
61 28
62 28
60 14
91 35
46 3
28 7
8 3
8 3
49 18
71 24
39 14
95 32
50 3
51 1
97 42
13 5
22 10
29 9
12 3
95 34
39 19
89 24
94 39
96 26
29 8
44 11
39 13
92 30
77 27
44 21
28 2
36 6
42 11
70 12
41 2
45 17
44 12
66 24
30 11
43 8
82 8
60 4
18 4
1 18 7
1 32 9
32 52 8
1 37 5
32 33 4
1 24 9
24 64 9
29 64 4
1 8 6
60 64 8
34 52 3
32 49 7
52 69 1
33 49 6
25 49 7
24 39 7
20 64 7
1 62 10
49 55 6
8 23 3
22 49 8
18 52 4
15 23 9
37 49 2
12 52 3
8 17 4
17 18 7
62 64 9
20 23 5
33 63 4
8 49 2
8 43 3
7 63 4
23 52 1
17 37 2
1 25 4
28 62 10
25 33 3
8 34 9
55 58 5
8 19 1
19 69 3
34 43 4
25 52 5
9 58 9
4 55 5
2 55 1
37 47 5
8 55 6
36 47 3
47 58 8
17 53 10
58 66 3
5 55 4
40 69 5
33 66 4
27 55 2
20 62 9
60 62 8
18 46 9
8 37 6
24 45 10
32 67 4
3 32 7
17 45 9
47 50 3
46 53 8
20 53 3
16 24 9
13 17 3
1 17 7
33 35 5
44 52 3
13 64 2
66 67 7
44 62 6
17 23 3
52 53 9
34 64 3
24 27 6
18 23 6
18 62 8
52 63 10
17 61 7
49 53 4
40 53 10
12 45 10
41 50 4
8 51 7
37 66 10
18 41 8
23 66 8
34 42 7
34 38 10
25 34 10
25 47 8
8 64 8
35 41 4
10 53 2
15 46 1
14 49 3
27 35 3
23 35 5
55 67 4
20 45 3
13 34 10
5 51 6
25 65 5
34 39 1
24 57 5
2 35 1
6 25 9
5 37 8
50 61 2
34 60 8
25 26 6
38 47 2
19 66 8
5 53 5
51 52 6
39 43 3
48 52 1
4 57 4
36 39 6
32 34 3
33 46 5
30 65 4
22 65 7
4 53 6
57 61 2
6 69 2
36 52 2
8 57 5
28 33 9
47 55 7
18 39 10
27 36 1
37 50 2
41 60 7
25 54 6
43 69 2
12 53 4
1 14 5
39 69 4
63 66 6
27 69 6
37 57 8
8 13 7
13 60 10
31 55 9
2 19 5
11 45 5
8 31 3
26 54 3
24 40 6
35 60 8
18 33 5
1 46 9
30 52 3
14 34 10
8 36 1
41 47 1
10 67 10
3 27 5
6 54 2
1 60 9
37 54 9
23 24 6
55 63 5
3 31 5
19 39 4
2 18 2
8 45 5
23 28 6
45 47 2
26 53 10
10 19 4
22 63 1
39 54 3
31 40 1
42 46 6
29 42 5
35 66 8
28 51 1
15 25 8
17 35 4
53 64 8
58 61 6
16 58 2
41 64 7
42 55 6
1 49 6
45 69 2
6 50 2
42 49 4
9 57 9
31 36 5
50 53 6
41 65 3
32 60 9
29 37 7
53 69 6
13 28 7
31 60 9
58 67 1
24 59 2
53 57 8
35 40 6
41 46 10
27 41 10
13 19 5
5 49 2
51 54 8
8 14 6
50 66 4
13 50 2
38 42 9
32 65 2
38 59 1
7 17 9
21 57 10
10 26 4
1 54 10
35 67 9
26 63 8
27 48 9
30 51 5
26 40 1
41 51 10
24 58 9
41 49 8
38 65 2
14 46 6
40 59 5
16 23 4
30 57 5
28 46 1
1 11 8
43 45 7
55 60 6
19 52 6
17 48 2
14 24 10
1 69 3
8 32 8
20 51 7
31 69 7
32 48 4
7 69 5
36 54 7
17 19 1
11 27 8
40 46 10
55 64 5
10 65 6
10 27 9
34 65 5
27 54 7
2 27 7
2 26 4
46 47 10
18 50 6
42 67 8
38 62 10
31 66 9
8 59 8
35 49 2
21 49 7
30 41 7
10 31 8
17 24 10
51 55 6
3 19 6
9 37 5
24 41 1
46 51 4
58 69 7
49 63 10
19 35 10
3 36 10
45 63 2
34 66 8
19 40 9
22 45 2
18 40 10
18 55 4
43 59 6
41 55 3
26 34 3
11 46 6
11 19 9
4 35 3
2 66 1
28 64 5
34 63 6
29 32 8
49 50 10
37 67 6
2 65 3
29 65 4
39 57 1
28 39 8
8 27 4
31 46 9
8 38 2
36 58 1
1 7 9
13 46 8
36 48 5
27 40 5
33 67 3
21 35 6
3 63 8
31 35 7
14 61 5
42 57 3
24 61 9
23 51 8
27 34 1
24 42 3
4 25 10
28 35 8
37 38 5
14 33 4
34 45 7
25 32 8
21 33 6
12 24 10
54 62 9
25 37 6
24 50 3
26 65 6
43 52 10
47 62 7
9 42 2
33 52 7
6 61 3
13 25 5
17 26 3
1 9 8
5 14 9
33 43 8
8 53 3
55 66 3
11 65 8
19 24 1
10 60 2
50 56 1
11 50 10
35 65 8
2 9 2
35 54 1
25 48 9
4 36 10
28 49 7
31 52 9
9 67 10
3 33 1
14 59 2
50 60 8
18 56 8
29 46 9
45 46 6
9 45 7
1 63 6
28 57 8
11 59 3
13 45 6
37 45 9
39 47 8
60 63 8
10 56 9
31 63 9
31 48 3
31 53 2
47 54 5
12 64 6
32 55 6
14 25 2
7 11 8
9 55 2
47 59 5
17 31 5
14 40 4
5 26 4
32 51 7
23 59 9
18 67 8
1 13 10
15 45 1
33 59 10
3 62 1
11 69 10
25 43 3
28 67 1
24 66 4
10 42 4
13 38 2
8 65 10
1 36 8
9 18 3
36 57 3
6 32 2
45 50 1
30 35 8
25 67 4
20 43 10
15 64 9
23 36 3
1 45 8
44 67 10
43 66 9
44 56 10
26 30 2
37 69 1
50 54 1
52 67 2
6 35 6
41 67 1
41 52 8
31 39 9
28 43 3
37 53 8
8 66 8
18 43 6
44 50 9
37 62 4
15 54 7
50 67 10
31 58 1
33 51 2
5 39 9
6 24 1
27 30 5
36 38 2
61 63 1
25 28 6
12 36 10
1 19 1
10 39 1
37 52 7
36 45 7
7 60 4
23 29 6
18 24 7
25 62 3
18 66 4
8 54 2
55 57 5
14 52 10
10 63 5
32 36 2
21 31 1
45 56 9
40 54 2
43 53 2
13 61 7
11 32 7
33 38 8
33 53 8
18 20 1
1 58 10
42 66 1
15 20 1
47 63 2
11 41 9
20 49 6
20 29 5
16 64 6
14 57 1
25 38 4
52 55 5
6 26 9
12 34 2
6 49 6
50 52 10
25 63 9
64 68 5
25 46 10
52 58 4
46 63 2
5 17 10
36 43 9
30 39 9
18 69 2
1 2 5
11 24 7
7 44 1
25 55 2
19 28 4
23 25 8
2 20 5
21 37 7
30 55 8
27 37 8
48 59 5
6 13 6
53 62 9
52 65 5
6 60 1
10 46 2
50 65 2
57 63 2
24 36 1
23 55 3
9 38 9
13 39 5
18 27 4
11 25 4
9 51 1
9 14 8
4 63 2
13 14 6
43 63 4
39 55 7
40 43 2
39 61 8
49 52 7
39 64 1
26 38 7
10 28 2
11 20 5
35 52 9
18 47 2
35 42 6
2 44 10
8 24 4
42 51 2
43 57 5
13 48 9
35 50 8
51 63 8
17 64 7
14 42 10
2 42 2
1 44 8
12 48 1
17 51 7
20 52 2
49 66 5
37 41 7
18 30 7
9 39 10
24 25 5
53 67 2
11 30 4
11 33 8
27 51 5
29 34 2
11 53 9
24 65 6
27 66 7
11 43 8
34 40 2
26 51 7
11 56 6
7 20 2
7 13 9
26 27 7
20 33 6
24 28 7
44 64 1
7 39 4
53 65 5
12 27 6
7 48 2
59 64 5
15 61 2
25 60 8
42 44 4
28 44 8
56 59 6
45 62 1
59 61 1
27 63 9
1 48 8
51 69 7
47 51 2
8 60 9
33 54 3
51 59 9
12 67 6
61 68 8
21 26 5
7 19 10
17 54 1
20 50 6
21 43 8
59 67 10
9 40 1
30 48 6
8 69 1
11 14 8
16 49 10
29 66 2
8 47 2
37 55 7
1 26 1
38 49 9
3 26 6
49 68 5
29 44 6
9 49 4
58 62 3
14 53 2
10 20 10
30 46 4
39 67 5
19 45 6
16 66 3
20 57 2
38 66 8
39 46 4
7 25 5
1 57 4
56 66 7
61 69 8
23 40 5
36 64 2
39 62 1
28 69 3
11 66 7
13 55 3
9 32 4
19 55 1
11 49 5
28 41 10
33 41 7
34 51 6
27 46 5
4 51 9
34 46 1
7 32 10
16 35 4
14 29 6
36 37 1
6 19 7
56 58 7
24 31 9
19 25 7
21 23 5
36 68 8
42 61 6
5 9 10
11 62 9
2 43 7
22 54 1
43 64 4
13 40 10
41 44 9
1 39 2
39 45 5
20 31 5
4 30 10
9 43 8
32 50 2
19 50 7
54 65 5
1 56 7
17 40 1
37 56 1
38 67 9
33 56 10
48 51 8
2 23 6
42 65 4
48 69 4
45 60 10
23 32 10
9 25 2
5 35 3
24 51 7
36 67 8
1 67 9
2 17 9
53 63 5
3 57 1
44 69 6
7 43 4
9 52 8
39 60 5
9 65 6
2 33 8
9 17 8
44 48 4
20 26 6
56 68 5
29 51 3
11 35 2
5 18 4
19 64 4
7 64 4
10 62 2
19 36 3
19 27 4
49 51 10
30 66 2
11 28 4
29 30 9
14 44 2
55 59 4
50 51 6
2 62 3
40 64 8
21 58 3
60 69 10
28 32 8
46 62 7
57 67 6
39 63 8
18 19 3
20 67 8
36 59 7
24 63 6
29 39 8
5 62 1
57 60 2
34 54 8
20 66 2
54 68 8
34 62 9
9 41 9
20 61 10
30 64 5
36 63 7
26 61 2
13 42 7
7 34 6
4 47 9
24 29 3
45 48 9
39 50 9
51 67 9
1 16 1
13 16 4
13 43 5
10 11 8
26 41 8
23 38 2
40 55 4
13 30 6
63 65 7
17 44 8
7 36 7
9 66 9
14 37 2
17 33 3
23 26 9
7 41 9
27 59 6
2 46 2
31 56 8
64 67 3
16 48 3
33 65 4
19 62 10
62 63 5
31 34 4
62 66 1
19 65 10
23 47 5
9 24 9
35 58 10
40 66 6
30 50 8
36 53 8
57 68 6
2 36 10
40 49 8
3 59 6
56 67 7
17 42 9
16 18 7
12 57 8
21 63 8
24 49 1
1 43 9
33 42 10
26 57 2
18 58 4
50 64 6
56 64 5
17 32 8
51 68 6
11 68 5
2 34 8
47 67 3
22 51 7
35 55 5
19 32 5
1 34 1
27 31 7
6 39 8
10 35 1
15 65 9
7 50 10
2 63 10
35 46 9
30 67 5
28 52 1
3 47 1
8 29 8
36 40 2
17 66 4
6 9 5
53 59 2
10 64 7
2 64 3
11 42 10
15 63 2
34 44 7
41 68 5
1 53 10
2 14 9
6 23 2
15 28 9
56 63 6
44 65 7
13 65 9
27 42 7
45 58 6
10 23 1
18 59 4
32 54 7
14 21 7
13 15 10
51 58 9
25 27 4
57 59 1
33 36 1
42 52 9
3 30 6
49 67 4
12 15 2
44 63 2
18 26 8
35 56 5
26 42 6
6 47 2
6 44 3
48 55 5
2 59 6
46 52 7
47 56 8
22 34 9
16 41 1
4 33 1
25 51 1
40 62 8
13 69 4
30 58 2
47 60 10
17 21 10
33 37 5
29 60 1
9 21 2
11 44 1
43 65 5
17 52 7
1 31 5
60 61 7
21 32 5
46 67 8
48 63 5
16 29 2
26 33 9
5 8 8
44 51 6
28 40 7
22 23 6
2 31 1
39 41 3
14 60 4
4 26 2
1 29 10
38 57 9
29 40 7
33 45 10
21 25 4
46 65 9
45 66 1
49 54 8
9 34 4
14 16 4
54 69 1
38 69 7
7 24 7
27 50 2
6 41 2
23 58 7
17 58 5
11 47 2
24 54 7
21 68 4
8 52 4
36 44 4
15 57 4
7 49 9
26 50 8
41 57 5
58 63 8
42 56 3
11 48 3
12 31 9
60 66 9
28 37 3
17 20 4
25 44 6
19 46 3
12 16 4
8 50 10
22 44 4
21 52 2
51 66 2
19 53 3
10 54 5
54 55 1
22 64 7
24 43 8
7 47 7
12 51 5
23 45 10
5 57 9
9 26 9
30 53 1
6 30 6
28 47 9
15 41 4
47 69 9
16 67 4
17 47 3
38 41 4
19 21 1
7 16 1
40 63 2
18 22 1
31 32 7
10 69 4
14 19 9
32 57 5
45 51 5
2 28 1
34 37 6
13 44 9
35 68 2
30 45 9
38 43 3
21 69 1
2 56 7
51 60 6
20 21 10
65 68 8
24 56 3
15 60 6
22 56 8
29 35 1
15 56 4
31 64 3
12 39 9
51 53 4
11 18 3
2 30 8
26 44 3
39 66 6
14 31 7
12 66 6
14 22 8
21 30 8
28 60 8
15 59 2
14 41 7
54 67 5
2 50 6
16 60 3
31 47 10
8 67 7
31 51 4
48 57 6
16 52 6
28 58 8
15 24 5
13 35 4
25 36 5
42 53 7
62 68 5
7 61 8
13 52 2
59 66 7
32 42 2
12 28 6
1 64 5
43 67 2
20 39 4
21 38 6
17 34 8
10 37 2
9 62 5
30 40 1
29 41 7
13 68 7
