369 1000
182 44
171 36
954 41
825 32
614 29
155 39
408 50
393 32
898 46
470 23
257 16
138 45
861 15
402 2
493 25
722 22
884 15
995 46
494 17
470 27
39 49
533 9
976 11
842 29
684 2
258 42
750 19
425 38
627 44
830 14
451 35
441 39
577 11
322 38
487 28
28 48
808 12
995 33
534 43
250 2
410 50
361 46
420 2
11 16
916 23
569 30
747 1
467 48
375 3
359 49
401 3
887 25
140 11
272 33
160 2
518 23
341 7
427 23
620 5
842 36
334 26
550 40
389 28
540 21
708 6
230 8
140 37
801 40
814 4
863 23
42 50
767 20
864 11
832 31
909 7
100 20
729 14
604 39
288 43
298 27
28 6
951 43
939 20
291 39
7 43
63 28
847 23
576 13
319 40
362 13
603 20
947 4
680 8
757 15
621 29
464 36
609 5
128 24
219 47
588 36
712 20
863 27
957 27
425 49
125 32
79 25
562 32
433 39
38 11
281 29
232 19
434 49
931 13
13 35
156 39
596 2
671 33
273 31
162 13
262 33
627 3
455 12
627 36
507 17
758 5
71 34
201 21
989 35
307 17
588 15
780 13
295 26
404 36
439 32
803 3
985 32
945 43
97 50
202 40
329 19
291 44
446 9
374 35
426 35
286 30
320 4
95 32
170 29
552 42
842 22
465 21
823 28
311 13
288 3
376 9
661 9
901 32
703 12
855 41
282 33
440 27
422 22
602 17
799 9
3 36
545 2
467 16
122 2
25 29
395 31
37 39
524 27
677 43
302 9
704 46
253 36
232 23
92 18
474 12
852 39
951 43
726 27
815 24
374 1
684 45
216 44
893 5
260 26
788 31
880 31
552 24
43 42
759 26
648 43
899 24
759 26
187 27
2 39
91 41
989 49
392 40
767 50
460 2
139 27
366 3
951 4
127 1
904 16
802 18
316 21
543 38
56 27
634 7
731 11
596 48
402 44
511 30
136 45
429 10
459 47
174 13
572 50
180 3
444 2
710 13
84 7
673 26
680 26
215 50
916 29
73 34
364 11
40 35
752 18
311 35
657 9
623 21
623 50
79 1
113 39
668 42
347 41
99 5
261 36
563 7
865 19
307 40
550 10
841 37
619 19
316 2
723 11
487 14
175 4
828 31
978 36
603 41
81 18
405 15
215 35
631 47
138 49
781 28
131 36
113 48
23 46
706 2
139 12
810 22
201 26
576 28
705 47
614 2
925 45
810 21
146 22
562 19
297 44
590 9
627 16
529 39
943 40
318 49
996 45
757 7
795 2
913 3
330 2
565 43
554 27
247 25
481 46
849 13
242 14
485 23
363 49
492 29
583 11
54 8
297 11
151 13
835 37
328 18
787 37
837 11
36 18
345 36
685 6
824 12
737 39
408 1
518 13
895 2
965 25
531 27
395 22
379 29
372 8
999 19
582 35
388 26
78 13
873 7
485 42
59 18
888 11
301 11
204 21
228 3
240 33
431 42
722 8
854 38
814 19
487 6
665 2
873 41
822 33
372 39
368 6
874 39
164 22
515 34
405 22
115 35
453 5
58 27
832 43
61 35
998 49
474 35
678 33
421 28
296 24
907 16
315 40
400 39
308 14
384 17
959 26
975 37
533 40
180 14
167 47
853 43
179 5
790 18
418 23
90 2
1 69 8
69 242 8
5 69 4
1 147 4
69 274 2
168 274 5
1 221 4
69 263 10
242 341 6
147 263 4
254 263 9
1 354 9
43 69 2
121 221 10
88 354 4
302 341 4
263 334 6
124 147 9
263 268 7
210 242 1
263 301 7
69 351 1
220 242 3
69 224 10
81 351 7
1 29 3
7 263 2
238 341 1
224 353 3
299 351 4
69 166 8
36 221 10
301 319 8
2 301 4
69 88 9
188 341 10
69 189 5
120 221 4
29 47 8
280 353 3
29 176 9
211 353 6
147 329 3
50 166 7
65 147 7
69 104 5
152 274 3
97 341 4
230 354 3
286 341 3
147 160 3
176 196 8
135 274 8
104 218 6
69 266 3
19 224 9
23 166 9
166 254 10
28 353 1
83 353 6
166 311 3
160 274 10
108 341 8
88 279 7
79 189 9
268 364 10
218 219 2
263 324 10
59 166 2
242 360 6
224 305 6
103 351 10
189 272 2
121 324 7
166 354 1
196 218 7
175 341 2
9 351 3
78 301 1
47 140 7
124 242 7
73 334 9
148 254 8
94 140 7
266 333 2
21 311 9
208 354 1
29 194 8
140 274 7
140 325 4
173 279 3
125 242 6
196 311 4
81 176 1
75 329 2
11 360 4
266 330 9
264 325 10
5 364 5
239 254 6
51 242 9
80 364 1
330 363 2
296 334 6
222 224 3
182 330 9
194 305 5
1 84 9
122 263 3
82 221 2
114 263 9
242 363 4
103 334 10
1 248 9
165 279 9
132 319 5
244 254 4
274 278 5
15 325 4
233 341 9
162 319 7
311 325 1
46 353 8
242 366 10
92 196 9
257 263 10
123 140 9
115 278 5
1 98 9
52 254 7
57 166 3
254 344 2
162 278 9
278 294 4
45 254 1
268 350 1
58 242 2
2 354 10
121 294 6
233 294 3
198 268 6
160 359 7
88 141 10
224 246 10
139 330 7
329 330 2
52 360 5
46 351 6
312 351 3
194 278 1
215 278 10
323 325 8
37 266 3
242 265 3
40 218 3
256 363 6
90 325 8
94 333 5
216 263 5
177 263 8
59 278 7
43 140 8
11 354 10
104 296 4
180 278 7
154 329 10
271 324 6
234 334 8
50 84 2
218 311 3
157 189 9
177 325 2
43 221 2
18 248 1
57 160 9
65 353 8
16 294 6
160 224 8
194 329 5
69 94 4
104 151 5
4 294 7
184 350 10
194 322 8
79 363 2
247 265 7
94 318 6
359 364 2
175 218 3
284 325 7
82 354 4
268 306 1
218 326 6
180 296 10
9 311 9
122 364 4
254 319 1
176 317 2
138 263 10
306 322 7
141 195 2
266 337 1
230 319 5
22 324 6
140 266 8
166 306 3
235 311 9
43 151 4
148 294 10
29 84 1
329 357 7
305 309 10
50 350 5
37 329 1
216 337 4
151 180 2
118 151 10
228 274 8
334 343 9
109 311 6
29 213 5
58 322 8
339 357 3
265 275 5
183 322 1
88 309 9
141 213 5
1 189 10
48 219 5
330 353 10
22 344 3
297 360 8
196 305 4
10 329 6
173 309 4
196 353 2
184 305 7
84 345 1
25 329 10
47 94 1
274 356 1
96 265 5
88 270 2
104 171 4
180 348 6
261 345 4
311 366 5
334 357 1
318 362 6
74 84 4
336 357 8
263 311 7
45 176 4
132 364 8
102 362 10
164 333 10
69 113 5
105 265 7
263 283 5
151 303 9
121 248 10
14 324 9
147 152 7
229 254 1
39 248 2
239 366 2
104 238 3
270 318 6
66 322 2
81 343 7
169 194 10
234 246 3
221 354 9
55 366 1
266 273 2
31 147 5
325 338 5
160 246 3
139 366 2
104 176 8
100 344 10
37 351 10
127 357 2
88 362 1
165 213 7
209 306 3
47 116 3
298 337 6
168 318 10
315 318 5
53 176 10
159 294 9
232 343 8
299 324 6
239 306 5
6 319 7
309 345 3
97 303 9
140 213 3
1 197 3
140 352 4
197 329 8
182 357 1
25 238 6
27 180 1
66 113 9
265 312 2
136 341 2
246 276 10
44 221 3
194 307 1
72 116 7
192 319 10
113 280 10
349 363 2
1 193 8
157 352 3
150 345 5
176 337 10
88 262 9
197 359 8
37 348 2
114 276 7
151 289 10
94 291 3
141 247 8
271 274 9
171 178 1
27 276 7
215 263 6
191 248 8
163 242 10
13 318 2
133 151 6
147 221 7
38 359 3
58 317 5
21 152 10
80 141 7
325 368 4
60 348 7
75 218 1
96 343 3
238 272 1
156 166 10
139 329 6
270 351 1
189 211 9
104 244 10
16 291 3
312 352 5
211 366 10
276 282 5
270 280 7
19 246 1
118 337 10
147 234 9
196 207 4
81 333 4
207 356 4
192 354 10
195 355 4
45 197 5
271 362 4
260 355 7
56 341 7
85 301 8
279 308 1
229 352 5
234 256 2
274 360 9
29 119 1
338 361 8
162 317 5
104 155 3
196 213 10
235 338 5
1 326 1
114 334 6
107 268 10
88 287 2
84 243 4
256 330 8
144 211 2
119 121 5
25 275 9
296 318 6
101 274 4
283 307 9
267 307 5
140 329 4
47 321 2
68 362 9
311 365 6
9 243 1
23 343 6
63 218 9
141 249 7
60 360 4
113 248 5
128 171 8
38 354 7
3 193 6
2 338 9
178 195 5
354 368 5
247 278 9
196 319 10
356 367 3
79 141 4
142 338 1
254 280 4
162 308 10
201 256 1
94 178 7
176 353 5
218 318 6
280 294 9
85 249 7
180 238 7
18 367 9
243 366 2
33 98 3
92 272 4
14 275 9
261 330 3
62 84 4
64 166 3
94 342 2
208 357 6
263 306 5
253 278 2
201 325 5
314 329 4
117 121 1
113 166 8
26 280 7
88 350 9
21 322 6
241 344 10
166 366 7
47 82 3
134 307 9
62 362 2
274 342 6
167 193 7
248 287 2
296 307 5
142 367 8
155 195 9
271 361 2
237 296 4
206 333 5
145 322 7
59 353 1
226 283 2
208 334 7
171 334 7
287 360 10
47 135 8
273 321 2
27 355 10
246 272 1
317 354 4
112 274 5
132 279 10
73 247 4
234 324 5
77 256 2
297 345 10
154 356 2
66 289 3
264 350 8
224 275 8
189 302 8
224 354 10
98 140 1
159 180 10
211 318 2
319 342 1
98 357 4
211 269 8
294 359 2
199 266 6
166 273 3
62 312 9
135 176 7
219 368 8
114 254 9
210 266 3
157 243 2
75 301 4
49 330 10
4 279 1
192 302 10
66 368 7
274 333 9
173 247 2
326 327 3
116 242 3
323 361 7
324 361 10
29 94 2
213 345 8
8 244 1
239 343 4
10 152 1
13 265 5
158 196 9
269 319 10
308 341 8
106 213 2
176 261 4
113 169 10
317 342 7
196 337 1
249 293 7
74 311 8
178 296 3
113 116 10
141 242 2
149 218 1
104 181 10
91 302 8
249 268 9
219 294 8
9 275 5
121 355 6
53 121 2
149 242 2
78 309 2
95 266 3
116 303 8
169 291 2
133 166 7
139 342 6
109 327 5
113 340 9
25 343 6
144 350 4
225 318 4
193 282 5
37 262 4
60 356 8
99 311 2
77 291 2
282 284 7
303 335 2
34 317 10
213 282 6
88 236 5
279 324 9
113 291 10
69 249 6
68 326 1
138 256 9
238 343 10
29 180 4
242 248 7
44 275 1
104 246 7
164 280 7
115 213 4
345 350 6
135 248 1
152 247 7
134 194 7
94 316 3
107 367 7
81 155 8
58 363 2
176 245 8
282 327 10
269 309 8
166 321 1
111 296 10
4 94 5
19 194 7
139 316 1
25 280 6
261 328 1
42 359 8
49 325 4
321 366 9
77 248 8
54 296 9
116 224 2
141 209 8
36 152 8
243 355 9
229 248 2
28 98 4
121 193 5
19 269 9
171 174 8
183 342 10
317 355 4
234 287 3
293 319 5
304 364 6
1 137 3
116 365 4
126 180 10
262 338 2
95 254 10
114 160 6
25 322 8
17 318 2
162 284 6
298 356 6
176 361 8
26 269 7
69 305 8
218 356 6
47 341 9
151 296 6
226 359 5
212 266 3
21 224 9
189 315 4
324 355 9
9 247 4
124 169 8
219 238 7
177 284 6
30 262 5
275 285 2
238 335 10
268 274 4
70 330 8
202 294 4
151 300 7
206 274 10
136 354 9
274 285 9
23 305 7
84 151 4
328 352 2
16 195 8
50 152 2
96 209 3
187 274 9
160 196 4
244 322 4
77 350 6
97 289 10
219 226 1
307 340 4
306 352 5
324 348 8
57 283 5
315 350 5
313 351 2
211 337 10
239 274 6
285 322 9
309 310 1
104 312 9
242 314 9
20 285 1
250 354 5
250 315 2
219 302 7
244 364 4
170 314 9
193 265 10
221 227 6
157 302 1
237 344 1
102 317 1
167 294 2
65 155 3
307 308 3
133 311 4
178 265 6
8 284 6
317 363 9
234 367 10
308 320 10
84 177 9
223 243 10
2 209 7
1 359 2
88 193 7
324 338 3
184 344 5
113 147 2
152 335 8
245 251 3
116 218 8
180 345 2
15 367 1
55 285 4
19 338 3
178 250 6
289 356 1
177 252 1
63 291 10
300 368 1
85 350 8
88 167 6
133 213 1
88 312 5
113 319 4
295 360 3
294 356 10
215 219 6
221 282 5
88 248 5
302 369 6
162 194 7
219 307 4
139 166 1
147 282 7
140 348 6
113 175 2
147 198 3
38 318 8
112 340 3
25 169 10
94 220 4
195 335 9
126 282 6
195 356 1
47 280 5
335 342 4
198 248 3
26 368 8
100 176 2
207 312 6
1 272 2
176 327 5
194 296 9
60 137 6
58 296 7
241 262 6
63 174 4
221 302 5
49 317 2
91 276 6
198 350 10
263 295 6
126 248 1
348 365 1
251 343 1
119 194 7
84 88 7
180 311 4
147 177 3
220 315 2
252 293 8
272 275 8
234 244 6
92 194 10
98 205 5
167 365 1
33 359 8
341 369 9
275 361 10
174 348 1
209 293 5
14 306 4
19 94 7
82 335 3
266 275 4
84 251 1
211 242 5
346 357 6
270 328 1
219 327 2
48 196 9
218 276 1
266 305 7
70 310 2
162 369 9
88 229 6
17 280 6
10 176 4
181 251 8
133 220 3
137 348 6
16 248 8
202 311 2
178 224 7
232 312 10
85 296 8
122 135 10
88 284 9
122 242 6
158 350 6
48 272 6
231 302 4
116 160 1
126 284 4
98 189 3
16 317 10
270 295 2
114 354 3
36 252 10
142 308 4
45 310 7
46 171 5
223 247 10
243 274 4
319 367 3
178 284 10
94 170 7
245 257 10
95 194 5
37 94 5
59 302 1
336 337 4
188 343 4
19 342 1
193 356 6
10 302 10
112 363 9
219 267 8
285 328 2
263 265 6
111 365 8
1 346 8
103 177 1
219 242 10
114 250 3
193 194 9
28 325 10
224 316 2
14 205 7
116 221 2
84 108 7
229 296 8
216 362 4
152 322 8
29 99 10
337 361 9
189 244 10
121 317 5
99 113 9
61 245 2
252 312 2
271 326 5
119 296 6
152 316 10
236 369 1
106 248 8
249 354 2
167 322 3
198 310 9
211 350 9
75 167 6
197 264 6
98 322 10
132 245 7
25 121 9
137 322 8
96 350 5
29 167 4
90 367 6
89 324 5
88 244 9
328 357 10
97 227 4
177 312 9
264 342 3
273 279 3
125 296 3
116 195 3
86 328 10
205 221 1
99 255 8
248 344 1
20 98 1
164 285 4
264 343 6
37 166 9
155 204 10
229 310 4
182 251 1
218 272 5
281 367 4
285 338 7
110 195 7
109 272 2
158 369 5
166 176 1
134 283 1
252 331 9
158 308 10
100 194 4
13 252 7
147 241 7
142 181 6
208 302 9
16 359 4
242 291 2
197 331 9
239 249 1
149 344 6
112 262 6
14 328 7
78 337 6
63 305 2
28 234 1
270 312 7
107 219 8
96 365 1
116 318 6
33 147 1
30 226 4
169 275 4
263 343 8
213 318 3
170 333 8
109 320 5
319 369 6
178 252 2
107 262 2
89 219 9
284 304 5
87 242 3
263 338 4
336 361 2
273 369 1
1 140 6
140 287 8
2 327 4
116 358 2
221 358 8
309 328 5
6 324 8
291 347 2
262 267 10
144 347 1
211 364 3
229 359 1
119 258 7
87 275 9
76 257 2
170 366 1
173 355 10
287 311 8
84 343 8
74 207 7
10 282 2
188 348 3
98 178 1
275 294 6
246 361 6
248 312 3
101 252 8
217 257 1
96 224 10
209 331 2
269 330 9
26 356 8
177 194 1
198 301 8
147 249 1
99 188 4
147 357 1
85 324 8
297 359 4
113 325 6
14 268 1
325 342 5
270 344 6
82 113 2
170 255 9
155 329 1
112 198 7
23 137 10
105 194 1
24 224 10
38 177 3
257 354 3
43 325 1
31 244 9
68 160 1
255 318 1
88 172 9
284 322 3
132 178 4
140 188 4
276 356 3
143 265 8
160 275 6
168 249 3
181 248 9
180 221 6
48 188 3
37 355 4
155 366 9
137 318 1
278 357 9
323 341 6
109 178 4
113 300 6
180 319 8
294 353 2
