969 1000
652 23
426 44
292 30
464 10
507 46
184 2
974 38
802 19
773 40
93 9
345 21
743 23
801 15
129 42
213 9
12 49
371 18
975 37
370 23
614 39
145 18
659 13
66 28
526 18
291 7
564 12
885 15
520 28
677 19
821 16
902 32
779 28
285 37
689 8
585 49
908 39
578 28
164 3
524 4
47 4
197 8
981 27
374 22
542 9
774 3
688 26
803 10
642 7
48 15
58 32
411 12
817 49
319 44
329 30
235 30
993 24
332 30
706 19
274 24
421 41
769 17
105 8
875 5
618 10
925 37
909 44
890 36
29 7
923 29
402 25
101 32
174 44
174 5
739 14
177 2
905 16
848 28
177 28
605 32
57 18
419 46
448 36
333 6
265 42
683 44
350 25
927 28
578 41
386 44
793 15
873 8
836 48
14 45
279 30
359 34
613 42
20 5
80 17
335 20
256 4
41 28
989 47
720 49
104 16
695 5
351 42
488 27
347 8
476 46
309 33
687 20
444 41
294 19
933 38
326 24
881 1
695 35
489 14
278 38
665 28
380 31
661 37
423 9
678 10
713 24
105 24
671 21
927 21
400 4
914 16
676 24
103 1
868 45
560 28
987 17
599 21
159 38
117 18
954 33
114 31
519 5
586 19
300 2
952 9
598 15
160 1
189 6
512 39
203 2
115 37
409 40
667 4
508 10
92 40
897 15
436 15
939 46
559 4
327 14
277 35
685 44
733 8
456 31
428 45
864 27
710 28
640 2
816 20
529 19
836 3
490 50
192 24
830 34
615 5
560 18
217 26
947 15
89 24
604 50
847 11
805 8
170 33
726 40
136 21
504 48
657 15
451 3
189 32
860 24
342 46
209 14
668 7
410 33
129 42
427 18
779 12
407 17
288 26
982 20
258 11
999 5
397 9
706 48
384 32
531 41
483 37
467 42
861 46
589 5
612 44
294 16
744 49
292 18
72 16
72 15
965 50
290 5
836 42
223 6
436 4
723 31
448 41
374 1
208 46
634 2
196 44
744 16
887 34
408 21
770 44
464 39
419 14
870 34
196 41
495 38
224 22
77 43
272 22
940 12
167 27
134 4
351 39
579 49
675 45
606 49
9 25
522 17
573 11
896 20
217 25
152 26
552 39
920 25
35 36
807 12
149 2
66 16
850 22
641 42
671 33
797 10
492 18
655 9
471 30
61 36
82 26
457 46
229 23
367 43
189 17
390 45
87 3
493 42
89 18
318 6
96 42
947 34
788 40
841 18
598 32
814 15
250 50
737 38
41 42
878 3
223 23
703 24
505 46
256 50
985 29
398 35
987 10
647 7
432 11
852 29
668 11
418 39
135 7
696 49
225 5
405 38
1000 50
15 19
746 48
71 49
224 23
545 48
98 39
115 24
861 37
430 7
541 14
769 20
290 25
542 28
786 43
175 48
778 40
253 8
493 10
819 6
179 13
126 36
50 37
608 14
213 2
735 28
358 12
562 39
565 37
669 47
389 25
249 23
911 4
574 29
977 21
911 5
377 22
706 50
317 10
124 33
34 24
773 5
610 15
193 33
380 26
975 19
65 3
152 49
656 8
522 2
883 17
391 41
393 25
944 13
705 6
99 14
817 14
215 16
595 11
740 9
635 33
316 27
215 13
757 29
811 23
254 3
925 40
261 25
205 30
538 1
829 37
693 43
255 38
40 8
770 13
442 33
453 20
923 23
747 19
949 5
441 36
23 47
514 35
414 20
411 40
679 48
696 27
476 28
271 45
743 48
916 5
284 14
599 18
220 1
224 19
779 17
927 46
57 19
997 2
952 1
285 7
956 30
28 8
979 31
321 1
161 41
277 46
251 25
81 9
136 24
464 44
464 26
192 11
29 23
110 30
206 20
611 29
642 13
605 10
940 3
276 36
236 49
22 30
603 27
629 40
56 12
723 1
815 2
980 37
458 17
228 25
836 14
686 17
470 10
460 26
902 4
997 22
24 42
589 34
720 46
884 20
674 40
98 31
180 6
451 15
186 42
839 23
41 6
577 37
881 37
384 27
151 17
356 3
311 24
26 23
328 14
766 19
515 20
996 44
434 46
37 29
694 28
991 28
358 35
627 23
884 29
66 20
518 13
504 17
78 15
690 49
534 44
123 40
939 32
583 25
221 26
541 27
695 22
708 10
937 18
141 39
418 18
110 37
310 49
418 18
283 25
864 35
597 11
410 24
471 18
935 27
526 50
207 7
614 47
201 45
299 25
921 19
114 34
289 27
818 25
904 11
569 29
358 17
552 30
468 44
128 44
304 15
814 21
71 14
283 20
238 12
270 16
132 45
599 14
969 41
120 26
966 29
260 24
928 40
190 30
155 36
825 30
541 35
42 16
882 28
405 18
389 6
928 14
45 12
695 26
693 22
613 34
831 23
998 29
275 2
475 24
150 50
395 11
39 44
26 49
875 14
371 15
974 25
839 14
184 17
177 39
121 31
791 9
155 24
860 15
567 37
435 37
35 42
57 37
419 27
280 27
481 35
431 38
616 18
184 32
676 33
189 49
187 22
359 22
591 26
286 34
280 40
512 48
174 49
687 16
945 5
196 30
217 38
614 41
904 5
449 17
945 8
189 31
210 12
394 20
11 12
489 45
875 36
377 25
179 22
562 36
523 46
653 26
560 32
932 14
368 17
90 7
931 12
829 28
191 36
293 35
920 29
210 40
25 27
880 13
755 9
584 41
446 1
905 38
679 19
133 11
689 11
271 17
264 46
115 33
743 12
40 26
120 8
242 43
111 4
589 47
11 3
601 28
863 17
2 33
480 28
812 29
618 17
834 27
60 2
144 41
162 43
775 42
440 23
109 37
119 9
697 16
746 2
575 24
600 28
864 45
623 19
338 49
124 47
800 45
645 7
28 32
634 19
618 44
266 28
1000 34
296 29
151 31
218 20
145 34
363 3
716 26
31 48
706 44
164 6
212 8
686 14
923 2
82 13
36 8
852 31
583 5
101 28
341 19
120 4
489 9
231 14
390 18
59 31
770 45
345 20
538 7
208 7
477 13
224 5
599 41
637 9
840 17
18 23
98 3
841 28
192 11
500 32
58 40
325 16
69 49
637 39
674 19
809 6
445 18
911 42
997 46
949 46
484 41
195 2
148 19
82 30
676 32
901 35
955 6
675 5
132 44
460 18
260 9
788 1
871 14
9 21
374 28
730 2
200 26
313 13
655 17
50 40
2 34
799 31
759 48
690 6
823 16
690 43
155 11
232 18
107 29
818 21
219 8
503 16
934 16
945 44
60 48
136 28
231 20
592 32
556 41
405 36
214 29
295 4
415 15
226 38
248 33
837 8
593 35
553 14
494 31
20 22
615 17
186 43
955 45
700 2
745 48
82 37
711 7
430 8
332 20
558 29
399 18
634 3
872 35
194 48
349 26
604 48
433 49
208 1
86 18
957 34
254 11
995 41
725 34
435 25
556 35
876 20
273 31
110 24
756 48
89 17
188 32
197 33
317 45
583 34
338 28
204 3
555 42
720 12
41 4
160 10
636 46
503 18
393 3
600 3
826 38
115 46
476 38
501 36
240 46
504 49
626 45
269 38
560 35
163 43
579 22
94 5
908 41
283 4
565 27
650 6
220 4
301 6
277 22
971 18
495 4
10 50
525 7
861 11
620 13
362 37
648 8
357 23
269 36
273 17
347 10
817 25
159 15
180 31
154 35
437 27
914 49
556 19
641 6
985 5
767 22
357 49
299 20
733 12
840 42
276 21
733 12
741 11
264 33
676 19
156 20
900 20
434 5
620 35
477 13
14 6
485 32
709 11
575 43
659 43
415 49
224 44
764 13
812 30
568 3
257 2
155 26
105 25
965 41
767 26
688 47
382 48
697 1
706 48
108 39
74 42
444 18
85 24
138 44
735 37
217 39
635 5
698 4
247 5
305 44
273 1
282 2
900 19
375 25
171 7
938 17
927 34
303 49
893 20
613 29
254 39
761 38
429 16
226 19
705 8
520 12
878 10
101 11
925 19
207 14
642 5
130 16
217 29
563 37
873 43
593 19
160 14
700 16
690 22
568 6
372 20
317 8
631 6
106 17
142 1
931 6
482 43
596 35
679 9
736 9
369 13
321 49
874 7
728 7
88 50
507 28
859 30
730 12
905 45
222 14
823 10
483 28
570 48
309 2
210 12
871 4
20 17
797 25
235 44
473 44
351 45
326 28
264 8
701 45
677 33
182 41
419 4
617 17
640 34
533 23
860 31
789 32
86 44
773 32
530 50
800 25
939 11
844 40
30 33
854 19
299 48
510 27
570 37
223 31
223 28
241 15
951 36
379 7
536 42
666 44
651 5
195 8
522 22
91 34
374 43
248 45
1 717 7
668 717 6
159 717 5
217 717 6
717 863 1
1 450 9
1 582 5
1 912 1
6 582 9
130 912 7
1 679 10
450 914 10
1 232 4
1 365 1
265 679 2
450 453 7
289 453 7
63 863 9
223 912 7
1 196 8
637 717 7
196 469 5
450 868 9
21 232 9
868 969 10
372 450 5
354 969 8
240 582 4
450 778 2
450 763 3
1 209 8
89 582 2
336 912 6
232 458 7
458 903 5
266 679 3
209 807 9
13 365 8
531 679 2
305 469 4
853 868 7
548 717 8
450 646 2
450 963 4
209 485 4
761 963 10
288 485 9
113 365 5
603 763 7
679 712 2
227 458 2
334 912 2
519 912 5
86 807 5
102 196 8
459 582 4
485 728 1
485 918 1
86 778 3
468 868 10
728 799 9
324 807 9
482 582 6
26 209 4
485 844 8
453 683 5
209 726 3
192 963 10
153 969 3
534 683 9
402 726 2
114 450 4
464 717 1
778 803 3
508 914 10
645 728 9
146 232 6
347 969 1
1 965 10
255 912 4
469 964 7
534 903 2
410 778 5
46 918 1
621 903 1
98 679 6
350 712 1
274 914 3
738 964 6
192 726 2
925 964 9
87 803 3
683 806 10
495 918 2
726 825 6
264 450 9
1 773 6
114 196 10
390 485 6
699 806 10
199 806 2
365 368 6
1 48 7
725 969 3
367 582 4
411 844 4
247 485 6
644 763 5
48 54 7
679 748 4
748 755 5
740 912 8
50 964 7
377 825 3
209 758 2
53 807 2
360 918 6
48 735 8
589 963 7
469 909 7
232 481 6
559 778 2
582 594 1
629 803 9
481 754 7
537 755 1
196 513 2
368 576 8
312 582 5
754 772 1
483 594 8
48 773 6
547 806 1
748 871 8
502 582 7
469 908 3
326 969 4
370 646 5
1 474 1
239 469 5
364 683 3
364 582 2
575 863 9
651 806 3
61 763 3
204 474 4
763 883 6
173 513 1
86 582 4
460 469 5
513 580 9
458 742 8
593 712 3
515 806 6
33 683 7
313 450 7
376 580 4
351 576 9
81 580 4
803 818 7
947 969 5
646 951 7
1 340 10
633 871 2
125 951 7
81 646 7
368 828 5
834 914 4
146 778 10
365 486 8
709 735 2
5 582 5
630 799 1
368 552 2
92 712 2
340 577 10
207 908 7
112 646 6
209 767 8
486 873 8
458 682 1
417 778 1
474 717 5
494 844 4
469 516 8
276 868 6
679 948 5
103 755 8
319 818 7
772 895 7
668 948 7
285 576 10
895 953 2
209 329 10
551 755 6
442 969 6
679 727 7
404 807 8
618 807 5
795 799 1
54 738 2
453 917 6
221 748 10
458 707 8
149 735 1
224 828 9
481 811 5
314 895 5
576 806 6
675 717 4
472 807 7
904 948 7
242 917 8
497 580 2
46 679 3
267 918 3
552 707 7
450 944 4
748 873 5
485 896 1
127 778 3
365 549 3
179 951 7
141 368 9
637 844 7
707 883 1
168 883 1
485 776 9
385 717 8
73 871 5
192 896 7
569 918 7
552 915 9
13 481 4
49 914 4
188 580 7
48 884 10
310 908 10
693 763 2
185 683 4
453 883 10
253 340 10
580 947 3
458 939 3
749 807 7
633 947 2
373 549 8
684 748 8
262 368 4
48 454 3
844 944 2
338 964 1
249 918 5
446 868 4
381 772 9
553 873 2
828 939 1
750 951 5
225 552 1
340 777 3
292 481 7
279 763 9
340 631 7
365 503 3
270 755 10
280 903 1
741 969 6
568 735 10
532 577 1
242 963 1
549 813 9
360 884 7
798 873 3
734 742 7
167 513 1
341 903 4
48 303 4
481 933 2
482 933 10
196 784 5
458 530 10
611 912 3
937 964 1
758 858 9
555 594 8
513 924 7
97 915 2
333 773 9
426 717 6
162 726 7
327 513 6
303 860 2
541 903 8
329 787 10
551 742 2
402 486 1
938 939 8
522 908 3
777 870 8
196 681 7
85 646 3
318 329 5
232 392 3
565 772 4
800 944 6
387 458 7
87 908 5
285 883 9
742 928 2
55 549 3
54 210 6
707 956 10
411 965 5
368 631 6
454 504 8
828 909 1
353 863 10
217 883 1
315 469 1
294 755 2
65 915 1
800 895 7
516 798 4
615 947 1
814 965 4
748 773 10
164 776 6
520 965 3
287 806 10
481 708 6
605 777 5
468 883 10
508 947 7
863 886 5
683 754 8
334 504 3
150 806 3
52 924 8
341 908 2
444 863 3
206 758 8
828 914 6
191 948 1
787 857 1
352 776 1
196 608 10
552 928 2
549 624 7
388 450 9
286 807 7
48 857 3
222 738 8
516 743 2
574 772 10
667 871 10
266 799 2
343 857 4
416 963 5
323 964 6
265 844 8
578 708 8
276 458 4
426 912 8
317 928 5
921 933 9
726 957 9
76 918 6
516 578 6
729 863 6
185 624 8
1 177 5
873 956 8
859 917 9
655 844 10
509 735 2
302 825 6
450 746 9
692 912 7
387 857 10
44 646 1
611 726 4
157 948 5
726 829 10
427 504 10
485 664 4
337 947 3
580 885 6
701 939 8
586 914 8
469 511 2
485 744 2
748 844 5
247 758 2
328 947 7
285 763 3
857 858 4
529 580 5
618 631 2
48 630 2
240 914 2
819 860 3
818 947 5
608 906 10
302 624 2
903 927 1
444 773 9
944 957 7
62 608 7
643 944 3
323 758 3
287 868 2
518 726 5
206 918 3
715 799 5
130 896 9
772 924 2
458 961 6
576 906 2
693 956 3
474 963 1
743 770 9
504 564 1
366 631 2
408 912 10
694 857 2
183 717 1
337 787 5
141 738 8
152 908 7
442 681 2
56 758 1
397 863 10
701 803 3
564 640 3
376 486 1
68 469 1
246 906 5
798 823 9
718 828 2
298 742 7
27 728 4
157 773 9
408 909 7
45 896 3
54 396 1
396 525 5
436 578 2
320 727 2
54 934 7
211 956 3
358 577 10
754 932 4
379 885 5
507 829 7
576 782 9
593 799 8
679 806 5
811 915 9
305 823 7
612 964 10
886 906 9
744 788 1
181 504 3
281 798 9
578 754 5
792 813 4
210 858 4
284 788 9
340 744 4
628 886 6
230 630 3
844 902 6
526 885 4
191 755 2
392 799 4
873 892 1
825 956 3
326 906 6
807 828 1
226 928 6
862 917 3
229 871 4
502 969 1
303 447 1
917 922 1
214 516 9
70 578 5
681 742 9
526 927 1
303 340 3
844 863 6
528 763 2
211 969 2
120 594 1
197 712 2
142 511 6
69 939 3
788 830 6
617 870 2
821 934 7
598 679 9
298 594 8
236 504 8
501 939 7
543 825 8
1 3 6
620 863 7
356 776 6
716 813 9
525 830 1
256 787 3
454 947 3
3 319 3
813 912 1
3 237 7
844 883 3
555 664 1
353 552 3
445 746 6
765 844 2
651 728 8
291 450 5
352 503 2
491 902 3
682 776 10
1 608 1
312 928 3
654 683 8
108 365 8
581 594 7
744 869 9
759 806 4
115 177 6
744 914 1
157 237 1
58 319 3
85 953 8
601 844 4
220 788 5
795 869 9
818 921 6
515 727 4
396 776 1
321 392 7
56 454 10
882 961 7
303 767 3
549 831 4
564 595 10
309 806 3
96 712 10
237 828 6
412 738 10
863 950 8
809 892 3
587 682 2
323 963 7
208 830 10
670 951 2
157 681 9
256 742 7
177 600 7
196 916 2
538 683 8
244 934 10
631 813 1
843 870 1
462 712 9
353 683 1
631 720 1
746 768 8
646 682 10
391 768 3
215 885 3
44 735 1
236 917 4
480 868 10
230 447 4
766 939 2
3 53 5
100 921 5
116 754 8
3 542 5
537 884 8
483 767 5
435 964 10
783 784 8
106 939 6
64 896 5
273 770 8
578 635 9
451 717 8
767 823 9
244 453 4
579 681 6
128 921 10
504 623 7
818 903 8
414 758 2
209 578 7
807 908 6
823 827 1
7 906 9
26 767 2
762 818 6
365 670 10
879 906 6
187 806 10
196 424 4
365 516 6
558 623 2
577 644 1
245 549 8
772 868 2
465 727 7
450 463 6
171 921 2
517 679 2
440 950 8
551 871 4
627 777 2
664 790 6
303 597 6
357 474 5
426 582 6
215 828 8
630 784 8
623 958 2
813 952 6
89 906 9
389 580 1
48 336 1
544 818 1
661 708 5
693 823 8
844 968 9
626 956 6
802 869 2
423 813 1
798 910 2
530 687 2
29 869 7
621 738 3
439 530 7
54 957 3
223 768 4
608 886 9
405 504 10
551 767 7
220 768 10
226 932 1
754 953 2
486 774 1
504 640 4
187 803 7
263 806 5
28 48 5
835 868 6
3 537 6
733 772 7
459 580 4
462 503 5
101 932 6
417 807 5
922 958 9
338 896 9
768 950 4
671 969 9
578 831 5
7 963 1
735 886 5
322 928 7
172 597 7
295 870 10
506 884 7
373 922 5
453 765 1
209 307 10
179 932 8
178 474 1
921 957 2
60 368 8
450 897 7
556 885 6
648 932 1
533 806 7
623 657 10
438 608 4
392 654 4
946 963 3
235 790 6
763 891 1
654 737 9
20 897 4
728 743 7
658 948 5
530 965 9
3 736 7
332 735 6
827 890 7
659 933 8
189 892 1
111 336 3
348 549 1
139 897 5
469 613 6
226 670 2
736 962 8
639 743 1
3 707 2
340 849 4
680 890 1
404 963 4
312 902 1
164 486 10
564 939 3
593 953 8
767 967 2
196 792 7
440 858 3
849 865 5
248 782 10
759 773 1
473 870 10
549 929 7
184 818 3
371 707 5
581 737 10
285 631 10
600 653 7
719 726 6
270 746 5
361 577 10
297 903 8
459 884 9
73 896 9
874 950 1
329 922 8
298 962 10
486 527 10
5 48 3
303 376 2
196 887 5
54 226 3
54 486 4
582 818 2
369 895 8
633 744 5
613 726 7
155 788 6
576 630 4
439 726 6
799 891 9
830 915 7
644 923 9
237 365 1
121 830 2
272 869 8
368 649 4
743 809 5
101 895 3
101 908 10
618 803 6
265 799 8
751 916 5
565 653 4
594 708 6
528 939 8
93 857 6
86 463 9
807 892 8
522 965 5
623 964 2
213 909 5
737 782 4
573 871 5
228 908 4
409 939 1
96 890 9
340 357 1
473 683 3
803 840 1
897 929 9
400 708 3
811 916 10
635 822 3
655 909 1
220 886 5
223 944 8
768 790 7
474 662 3
64 951 7
657 957 4
548 708 3
370 965 8
849 883 1
53 579 9
594 636 3
221 803 7
396 518 3
11 657 6
766 806 8
201 768 2
454 742 7
183 967 2
829 937 5
824 908 4
392 784 1
797 902 8
146 209 1
153 754 4
228 844 10
511 792 5
303 661 5
174 319 10
659 813 2
233 908 8
701 947 5
523 743 1
258 679 2
837 865 6
165 640 10
511 778 5
547 670 10
222 957 10
190 582 6
449 640 9
542 803 8
820 827 4
396 711 5
256 726 3
549 562 5
430 623 3
453 967 6
915 960 2
166 918 2
21 909 10
646 909 8
921 960 3
388 910 4
359 844 8
390 957 9
465 635 7
150 636 6
310 792 5
138 525 1
716 792 8
507 912 5
48 876 10
185 226 10
399 933 7
431 635 4
201 788 9
430 906 9
207 623 3
282 915 3
689 863 1
662 700 1
441 960 4
482 857 10
236 450 6
265 307 1
768 818 6
824 953 9
626 950 6
44 640 6
362 929 3
636 759 2
484 600 6
541 712 8
368 446 7
625 962 1
516 918 10
191 376 2
460 883 9
483 953 2
892 932 3
696 844 8
148 681 5
54 610 3
76 968 3
1 271 8
511 744 1
270 933 2
122 736 1
586 777 7
448 504 9
633 924 6
610 833 3
271 831 3
488 653 9
144 947 7
788 868 9
442 903 1
154 336 3
579 840 10
934 945 5
537 656 9
14 962 4
682 818 2
368 577 10
155 458 9
470 912 9
562 959 2
427 828 4
12 542 10
165 564 4
248 947 3
107 876 7
508 679 6
700 943 4
762 945 10
450 524 5
250 813 6
285 513 5
479 504 9
735 768 9
458 663 7
407 924 10
193 728 8
286 806 9
309 537 6
560 712 4
530 928 3
209 942 8
809 914 3
687 918 1
126 765 2
711 891 8
424 507 2
679 891 9
687 853 8
521 763 8
515 958 9
101 799 1
788 799 8
498 743 6
446 469 2
167 840 7
838 891 2
247 759 1
658 763 4
281 767 1
447 795 2
64 681 1
280 953 2
312 594 9
846 896 6
442 947 10
458 848 3
78 542 10
604 748 1
749 902 9
525 792 8
658 951 1
768 914 9
303 327 2
518 968 5
638 917 5
180 657 3
159 952 1
485 509 10
534 806 9
627 682 4
897 933 7
486 782 8
707 870 9
542 552 9
819 944 4
634 896 8
72 927 6
3 186 3
776 930 1
636 810 8
848 962 1
513 918 5
552 776 7
744 815 4
247 542 7
742 861 7
636 787 5
363 649 6
784 953 2
782 896 8
196 411 5
357 711 6
303 765 7
516 930 3
492 635 6
226 229 10
442 967 9
446 909 5
74 663 5
164 922 7
540 735 10
480 869 3
542 625 4
487 909 9
177 807 3
774 873 7
