715 1000
16 5
70 17
50 17
69 27
17 8
25 5
79 13
77 27
65 24
58 28
36 2
73 13
24 3
74 32
30 3
15 6
17 3
15 7
53 3
33 9
85 4
35 3
24 12
73 3
90 32
56 20
26 8
11 4
59 3
90 11
3 1
19 5
52 20
1 1
2 1
16 4
20 10
30 14
9 1
85 9
10 5
91 3
40 7
60 22
20 9
40 8
92 38
65 4
17 7
59 29
25 3
67 25
65 9
86 40
59 21
26 2
46 4
35 7
42 19
90 30
64 11
79 20
49 22
82 34
14 2
3 1
57 3
14 4
48 13
53 8
44 11
51 6
86 15
100 3
2 1
80 37
65 13
63 5
100 47
8 1
96 7
93 12
96 18
82 32
23 7
90 16
16 5
50 5
100 48
84 13
70 3
46 11
87 42
89 28
33 6
63 4
80 30
75 10
57 8
61 29
27 5
11 5
36 14
10 4
46 22
5 2
43 11
69 1
85 17
11 5
91 22
17 4
7 2
73 14
56 16
73 18
11 2
13 6
54 5
68 11
10 5
38 8
65 4
42 3
28 12
54 21
77 22
86 34
31 13
6 3
88 3
39 14
3 1
19 6
32 5
85 14
44 4
86 1
78 31
78 27
32 10
6 3
25 1
86 32
2 1
78 13
79 31
36 15
20 4
17 8
24 5
27 2
85 18
32 3
99 15
94 39
32 1
47 9
42 19
35 3
51 16
50 14
8 4
20 3
1 1
14 1
82 5
15 2
72 3
54 9
2 1
9 1
21 3
40 6
90 37
72 20
19 6
50 15
71 13
71 12
33 15
66 31
40 20
52 17
9 4
16 4
23 5
19 5
1 1
77 21
52 6
72 11
15 6
61 23
99 27
4 1
78 24
71 17
58 1
99 13
15 2
9 3
88 5
45 18
10 1
26 5
77 30
65 1
60 27
67 28
29 6
5 1
66 7
33 13
9 1
83 33
43 20
76 31
32 14
9 4
3 1
48 16
99 26
22 5
77 34
100 38
78 18
72 18
6 3
85 39
3 1
78 39
40 1
44 20
66 24
37 8
99 20
63 28
57 1
34 7
48 20
52 17
89 32
10 1
88 23
94 18
95 10
4 2
94 9
61 21
65 11
86 28
6 3
96 14
16 7
52 6
79 22
71 23
32 6
18 5
71 30
47 3
89 30
18 8
23 6
18 4
84 38
89 42
9 3
5 2
61 29
76 8
12 4
9 3
87 11
45 20
17 8
93 11
49 9
41 16
29 12
12 5
31 8
8 4
51 16
52 2
13 2
2 1
48 5
54 7
41 16
48 17
12 1
50 22
26 8
24 8
6 2
52 13
35 17
12 1
65 17
40 5
19 9
15 2
70 34
72 12
50 4
84 2
15 1
28 12
5 1
51 23
98 28
74 5
24 5
94 11
2 1
81 24
89 11
87 40
8 3
20 6
54 26
81 15
39 4
7 3
32 8
37 18
13 5
5 2
96 1
2 1
57 22
97 27
60 18
69 18
96 12
67 6
75 1
38 5
78 13
60 10
17 7
6 1
100 23
8 1
37 12
65 17
1 1
65 23
85 37
94 31
7 1
59 22
9 1
46 20
69 15
49 10
29 14
99 5
22 8
15 5
27 4
25 9
40 17
81 5
7 3
74 37
35 12
31 15
80 26
53 10
61 5
65 16
13 5
88 4
27 7
45 12
67 5
48 19
14 4
5 1
28 9
93 38
81 8
23 8
98 46
68 33
65 8
12 2
29 4
71 23
78 21
1 1
49 19
81 5
24 11
96 13
96 40
85 42
6 2
29 5
85 25
92 28
47 22
22 2
35 11
94 46
39 14
51 23
23 2
82 9
87 37
40 10
63 25
14 6
43 17
61 16
33 13
64 9
5 2
29 1
57 22
64 8
82 22
32 14
63 28
53 26
69 31
80 14
85 40
29 5
50 3
61 26
23 2
8 2
44 12
42 1
66 32
49 22
64 27
64 14
82 1
78 16
81 15
20 3
48 24
31 13
22 1
66 22
82 30
13 4
65 4
56 9
41 16
73 3
10 3
2 1
73 15
33 12
9 2
89 26
9 4
65 2
2 1
83 14
21 8
53 9
9 1
33 4
57 16
6 1
54 11
92 39
19 4
19 1
38 10
84 18
63 17
13 3
90 36
8 3
6 3
13 5
96 16
84 33
90 13
30 2
10 4
79 39
2 1
60 16
89 11
54 13
50 14
20 4
16 5
66 1
64 10
86 17
77 5
10 1
45 11
33 9
43 12
73 31
78 17
65 9
64 20
38 19
56 22
57 26
62 16
73 2
45 19
28 8
71 7
30 14
37 6
8 1
97 7
94 32
18 8
90 24
94 1
32 3
77 20
80 20
38 14
4 1
5 1
20 2
56 20
20 8
77 37
69 25
55 17
60 3
20 10
32 4
79 27
75 19
100 37
11 1
31 10
98 45
91 22
13 2
56 16
67 7
64 21
42 20
79 36
70 27
52 10
16 2
90 29
53 13
6 3
32 5
97 41
10 4
85 5
74 29
34 15
71 4
19 4
43 17
42 2
56 28
65 29
23 11
11 3
27 3
92 32
87 13
49 10
15 7
8 3
87 19
57 3
59 13
79 26
5 1
4 1
1 1
24 11
9 3
61 30
23 9
1 1
74 15
52 25
87 10
44 8
37 18
46 14
57 16
83 14
62 13
52 26
55 19
40 11
55 9
77 2
35 17
55 10
1 1
47 18
23 7
84 38
100 11
91 37
34 8
10 5
56 3
30 15
79 37
71 26
58 20
69 32
79 35
45 6
93 12
1 1
99 43
71 35
11 1
87 7
43 11
56 15
63 1
34 14
48 19
99 22
99 21
77 32
81 25
94 34
67 23
86 9
85 17
95 15
67 10
93 45
68 19
70 35
46 18
68 18
32 7
74 11
33 9
46 18
93 19
90 37
61 5
14 4
4 1
95 24
42 9
89 20
99 20
2 1
32 11
66 16
100 29
20 1
43 14
33 9
96 40
13 4
73 36
95 46
93 12
85 21
62 15
25 7
8 3
59 27
90 5
68 16
100 20
63 4
49 17
32 15
3 1
29 10
31 5
42 11
19 1
60 25
41 5
81 15
82 30
73 5
48 4
47 10
45 15
77 23
18 9
1 1
36 9
20 5
95 27
57 1
11 3
77 17
32 5
6 1
78 30
85 15
68 19
46 2
7 2
70 6
1 349 5
349 619 3
1 698 8
535 698 2
619 632 6
349 363 10
1 406 7
353 698 9
363 492 7
349 519 9
109 349 8
349 468 6
363 391 5
202 619 7
70 492 10
287 632 5
406 666 6
468 506 6
389 506 7
1 94 5
94 231 2
214 406 7
94 248 3
94 461 3
461 465 2
364 506 6
543 698 8
506 697 3
435 666 6
6 363 4
591 632 7
464 465 6
406 519 2
101 632 9
107 231 7
207 231 4
209 632 1
349 383 9
246 506 9
155 468 8
383 425 1
231 610 1
349 695 10
619 641 8
61 248 1
409 695 6
182 632 9
468 469 1
231 627 4
465 577 4
231 714 6
610 647 10
203 349 2
383 466 10
26 714 7
419 519 1
560 698 10
225 610 6
193 406 4
469 522 4
316 468 6
340 468 9
170 492 4
231 651 10
425 698 4
231 359 2
427 610 7
210 519 5
625 651 3
654 697 2
363 429 3
414 697 5
379 698 2
94 216 8
522 628 10
469 712 1
130 714 6
285 641 3
363 366 9
383 398 4
445 466 5
447 461 2
522 591 7
566 577 1
526 666 5
424 697 8
209 248 10
5 391 10
174 647 2
406 561 10
102 695 4
108 651 8
591 641 5
341 366 2
173 398 6
268 714 5
157 231 7
466 624 1
218 231 9
285 429 8
174 697 8
130 366 4
94 569 9
6 628 7
391 539 10
231 548 6
404 695 5
283 429 1
461 583 3
248 300 5
697 707 5
475 591 3
571 697 6
342 425 7
526 610 10
308 468 8
277 569 8
94 98 10
231 446 10
450 647 6
357 461 2
20 300 10
354 610 1
64 628 5
300 650 2
554 591 10
461 536 9
380 712 8
509 548 8
342 624 7
676 707 8
150 519 5
329 569 8
536 548 3
514 624 6
216 291 9
248 288 2
466 618 10
492 626 2
173 666 2
378 627 9
46 548 10
567 666 4
425 657 7
538 583 8
380 577 6
26 610 7
13 651 8
370 627 7
597 628 7
257 618 5
369 647 6
539 612 7
547 651 4
374 519 6
578 618 3
429 451 7
283 522 7
506 692 7
166 657 7
248 298 9
19 626 10
226 398 5
372 451 8
398 675 4
141 692 10
377 425 6
244 583 6
165 569 2
632 653 10
171 577 8
543 666 6
653 705 5
98 704 4
62 216 3
291 682 7
359 564 9
356 714 6
15 406 6
225 451 2
15 429 7
70 647 1
264 398 4
355 666 2
179 641 6
231 296 6
546 569 5
179 704 3
110 519 1
675 683 6
67 666 3
151 446 5
597 683 6
195 647 3
532 577 5
647 664 8
343 461 3
58 291 9
52 383 3
425 539 9
275 692 2
469 586 9
324 349 5
209 641 6
332 705 4
194 583 4
120 626 6
406 425 5
683 705 1
475 698 8
475 641 1
560 628 7
598 682 6
525 698 2
278 564 8
157 695 2
298 392 10
178 666 6
67 465 3
305 366 4
312 461 4
54 446 5
296 338 5
16 657 3
571 627 3
202 664 7
249 650 8
359 425 3
598 610 8
583 629 4
446 597 1
94 110 5
528 714 10
577 615 8
417 657 4
540 666 7
491 597 2
398 610 4
432 626 5
103 624 5
363 510 1
288 401 2
59 591 3
409 657 2
522 652 3
1 546 7
300 700 8
517 714 7
227 704 2
263 627 4
367 577 8
444 548 4
560 692 10
157 615 10
404 651 10
408 707 2
273 682 2
561 651 2
583 590 2
323 468 5
140 647 2
196 506 6
395 632 10
282 695 3
155 465 1
190 468 9
492 684 2
256 629 1
536 545 5
476 522 1
406 651 3
299 597 9
611 705 2
62 624 10
32 451 8
494 664 5
569 674 9
267 674 1
315 338 10
612 681 2
442 704 5
383 704 3
583 598 1
1 686 8
480 647 3
42 647 1
451 618 2
546 693 7
334 492 10
56 683 9
248 506 5
551 598 8
98 618 9
391 512 1
480 546 7
322 359 10
156 548 10
147 686 7
259 536 7
467 522 4
591 655 9
506 657 5
290 675 4
44 363 4
34 590 5
182 349 10
250 597 5
62 349 2
229 651 4
147 590 9
248 648 8
543 704 5
272 468 9
124 586 7
153 597 5
68 539 9
291 712 8
231 392 4
31 591 1
1 21 2
137 296 2
472 657 8
296 365 4
455 652 2
610 626 3
406 446 1
231 465 8
575 577 1
552 698 7
133 296 8
546 586 7
234 700 4
398 595 3
295 657 8
115 291 1
14 714 6
366 683 3
121 510 1
598 601 9
228 628 8
1 383 8
24 548 6
520 597 5
586 596 3
364 545 6
45 536 7
534 546 3
294 707 1
145 398 3
383 527 5
110 368 1
601 657 6
568 648 10
406 640 8
392 574 7
598 667 9
41 595 3
432 682 3
492 604 10
490 648 4
391 577 9
118 586 5
623 632 10
98 296 10
92 586 2
597 709 10
585 705 7
500 597 10
79 548 5
657 696 5
273 693 1
21 170 4
647 712 1
536 697 3
633 651 8
300 663 8
633 647 8
165 577 8
574 577 10
407 574 10
18 618 1
486 546 6
176 546 6
444 695 5
1 232 10
157 359 3
145 425 3
345 564 6
674 708 9
493 686 8
344 368 8
586 626 9
581 583 2
58 696 8
115 577 8
21 618 2
316 577 6
337 595 9
359 411 1
218 561 6
326 666 8
629 642 1
182 545 1
62 231 8
203 712 9
590 689 5
415 469 5
94 615 4
159 527 2
564 597 6
639 651 4
14 536 2
564 613 8
128 674 2
411 576 6
216 254 5
622 663 10
247 510 6
278 641 4
200 231 1
564 713 7
58 110 7
652 680 8
197 681 6
596 613 8
27 595 4
206 708 2
504 596 2
510 575 1
545 695 1
107 709 10
640 709 3
451 697 1
396 545 5
31 366 9
456 569 3
278 506 2
317 652 10
301 692 7
447 612 10
133 713 5
347 713 6
536 635 4
153 522 4
322 635 3
1 255 1
323 664 3
190 591 3
519 695 10
484 641 6
255 461 4
239 675 10
191 232 4
261 709 2
512 559 2
16 597 4
68 651 1
291 549 2
255 398 3
145 216 9
3 425 2
177 461 3
497 698 9
550 583 8
561 618 10
110 664 2
178 708 8
169 216 10
636 640 10
53 652 1
363 701 5
90 653 5
664 683 3
487 536 8
457 628 6
653 710 10
177 615 9
471 624 1
216 488 10
110 294 3
41 596 10
267 469 1
236 575 8
255 333 4
601 620 2
134 620 6
94 377 1
439 651 6
497 641 10
509 627 9
136 333 1
80 288 4
264 583 7
74 667 1
382 383 9
648 702 7
512 626 8
110 701 4
685 710 6
53 619 3
27 708 8
266 702 4
472 641 9
352 714 6
26 647 7
377 507 5
39 624 10
496 652 1
101 338 1
641 649 3
432 695 9
660 700 5
299 710 3
621 712 1
94 466 9
298 601 2
435 695 1
324 333 6
368 392 1
35 704 9
255 345 6
366 618 2
536 560 1
634 640 10
252 492 8
398 688 6
198 583 2
6 640 10
150 697 4
401 549 6
368 582 6
55 649 3
341 627 10
225 650 6
561 635 1
453 697 6
425 609 9
265 519 10
346 713 8
237 519 5
185 700 3
97 359 2
598 621 9
99 512 1
331 349 4
172 254 1
91 546 6
342 692 4
4 559 5
364 591 4
318 398 3
24 469 4
336 666 6
254 576 5
439 688 10
254 305 2
164 232 2
254 552 2
219 712 5
477 560 8
232 366 7
237 635 10
597 689 8
119 683 4
296 695 8
408 548 2
234 692 6
306 647 1
59 651 3
539 577 5
214 628 1
495 649 10
54 596 10
32 680 3
175 586 4
136 714 5
21 690 9
23 429 8
541 680 5
435 590 5
569 691 8
254 573 1
433 652 10
221 710 5
409 586 2
655 670 8
358 598 5
173 552 4
582 615 7
288 586 4
562 714 1
262 300 4
378 597 9
366 474 9
291 635 8
367 609 1
85 708 8
197 545 10
248 573 10
416 539 10
262 425 7
639 688 6
443 569 2
473 705 2
561 712 4
580 627 10
456 546 8
429 486 10
53 359 1
110 147 1
198 701 2
243 657 2
480 624 6
355 559 5
269 653 4
583 597 7
586 607 4
108 510 5
255 270 7
548 697 1
376 700 7
214 647 3
363 583 5
308 507 7
109 486 8
96 702 9
261 704 1
33 539 3
667 668 8
672 691 5
484 632 1
598 604 3
270 433 6
33 512 7
282 618 7
270 491 7
349 490 5
582 625 4
544 610 10
647 682 3
379 425 10
105 692 5
231 257 6
291 634 7
661 674 3
564 609 7
449 629 8
186 601 3
619 631 4
100 270 9
164 698 7
74 248 1
63 506 2
586 602 5
245 406 9
91 466 9
255 636 9
213 618 10
87 612 7
391 462 1
173 548 1
243 425 7
308 465 5
70 609 6
18 597 9
446 638 7
480 586 8
363 664 10
505 631 5
322 383 8
198 429 4
499 586 9
170 429 3
235 597 8
142 690 4
559 651 7
79 655 8
141 612 7
545 642 1
631 696 3
398 508 5
449 650 1
484 545 8
465 659 10
466 693 2
462 619 9
178 490 10
555 670 4
21 312 9
610 692 4
211 627 4
366 657 5
288 561 6
140 666 3
596 616 3
567 601 8
414 690 1
443 670 5
656 701 4
272 446 8
296 389 1
119 366 5
248 565 10
578 695 3
383 607 4
131 389 7
482 701 4
478 549 3
155 624 5
682 692 2
339 486 4
96 631 8
306 510 2
216 493 4
14 574 5
358 366 1
327 559 1
465 573 2
268 392 4
72 527 9
425 672 2
294 435 5
18 433 1
112 569 7
147 683 2
123 634 5
338 366 4
388 690 9
123 690 8
53 591 2
255 699 1
305 544 10
275 411 8
492 710 5
437 604 6
376 466 10
401 429 3
116 624 9
406 693 7
410 675 3
599 616 5
383 415 9
305 604 9
338 461 8
230 510 2
321 640 4
377 421 3
88 653 10
174 368 5
461 689 8
28 421 7
486 610 8
247 536 7
488 666 7
288 341 9
338 374 5
42 697 6
536 584 2
262 625 3
591 592 4
506 699 1
583 675 3
278 298 7
126 359 1
170 577 1
457 583 3
288 528 2
298 616 6
291 618 6
4 363 9
519 641 3
412 528 8
538 666 7
451 561 2
429 700 6
286 469 5
439 549 2
312 315 4
311 446 10
42 712 2
19 595 7
445 465 1
351 609 2
368 491 4
425 548 1
301 465 8
460 664 4
94 426 3
476 569 6
331 674 9
73 670 4
152 564 8
213 613 5
231 616 1
266 598 7
558 681 1
105 383 4
481 507 5
279 701 9
118 507 10
391 628 4
187 257 9
209 672 3
596 635 9
101 714 2
626 659 2
35 392 5
533 702 10
194 298 2
634 685 7
376 696 7
212 486 7
1 681 3
21 270 7
147 384 5
196 584 9
573 632 6
277 638 9
491 662 4
465 493 8
298 702 6
596 597 3
521 710 3
348 629 7
546 608 5
384 455 7
672 676 2
438 691 9
216 640 4
443 491 3
168 392 9
113 315 7
461 628 7
235 421 1
595 661 7
254 257 6
58 642 7
640 641 10
552 598 1
162 374 1
425 704 2
389 699 7
204 569 7
164 597 1
436 713 2
315 383 9
170 345 5
352 691 1
522 584 6
349 549 9
429 475 3
452 636 10
159 661 3
79 707 10
204 575 1
228 492 6
264 666 2
11 709 2
352 576 7
533 705 8
353 686 2
256 333 3
166 602 6
243 597 2
574 645 3
186 300 4
190 655 5
120 699 2
583 666 1
110 192 2
170 349 2
222 469 10
312 637 5
363 604 5
141 597 1
232 651 5
182 586 4
167 598 5
294 692 3
192 392 7
53 661 4
165 510 4
3 595 4
252 270 6
511 655 1
50 312 8
186 406 7
232 528 7
425 507 8
197 508 1
389 664 7
366 675 4
363 592 2
193 626 3
376 561 8
117 421 6
98 681 3
448 692 6
244 615 6
188 493 10
212 642 1
269 640 6
615 707 1
374 598 5
213 528 7
383 616 3
81 490 7
61 490 9
661 700 8
44 636 5
309 368 6
137 574 10
546 663 2
461 505 8
345 678 1
465 507 3
195 522 4
603 667 4
248 641 1
455 708 10
130 693 8
110 315 1
4 698 5
355 544 10
216 608 2
93 695 5
359 647 4
350 604 7
264 486 10
76 700 5
224 583 1
431 462 8
362 582 8
476 653 4
19 624 6
33 465 4
496 705 6
273 522 1
38 421 2
93 608 1
35 374 3
453 615 5
512 555 3
221 592 8
106 705 3
163 170 6
539 691 10
63 433 8
337 368 7
555 660 3
255 670 4
418 627 7
217 469 10
206 628 9
255 390 3
399 561 2
390 706 8
517 690 3
255 257 4
363 426 6
612 652 7
264 674 9
280 674 7
423 697 9
391 401 9
464 620 5
555 631 1
455 576 9
277 634 1
176 398 2
21 146 5
28 597 1
351 512 4
620 710 8
549 694 7
354 634 6
32 668 8
431 666 9
327 625 2
141 254 10
435 626 2
117 675 8
2 604 4
320 664 5
399 694 9
255 418 1
457 561 1
312 372 2
145 672 1
353 391 7
258 604 7
214 377 1
584 625 4
298 394 5
536 606 2
414 704 6
395 613 2
200 682 6
470 689 9
512 708 5
