348 1000
88 19
30 10
28 13
99 21
78 27
37 13
17 1
72 5
80 11
31 3
66 6
32 10
93 1
48 5
2 1
48 23
81 16
29 14
76 6
53 13
99 11
4 2
65 10
82 13
88 2
42 18
18 9
48 3
61 2
62 8
87 15
84 35
27 5
85 31
83 34
64 22
48 17
6 2
50 3
91 42
17 2
13 5
49 22
47 7
76 31
54 6
8 4
51 5
86 38
36 7
24 6
2 1
18 6
12 4
84 10
60 25
38 15
58 26
60 2
8 1
12 6
30 6
37 16
54 22
55 11
19 5
19 7
96 47
40 12
4 2
70 6
73 33
72 16
20 10
30 14
74 3
11 4
96 42
40 13
66 12
82 21
44 11
97 27
94 36
26 13
73 29
53 19
52 6
67 3
5 1
34 9
20 6
99 34
50 15
91 4
96 48
79 27
10 3
27 2
83 15
14 7
74 15
56 11
51 17
89 41
6 1
14 4
10 1
55 21
19 9
35 3
81 26
2 1
40 9
6 1
85 29
70 3
27 9
16 7
35 10
97 28
52 19
42 7
57 16
34 2
3 1
27 2
22 3
3 1
100 50
78 1
69 31
93 31
24 10
100 6
47 8
29 6
87 25
53 22
74 18
13 1
78 39
11 2
83 35
98 13
84 38
26 10
74 13
45 20
89 1
28 3
59 25
28 8
3 1
7 2
32 10
3 1
6 2
54 2
5 2
14 7
20 5
98 21
21 3
71 21
35 6
23 2
29 6
42 4
47 6
70 14
74 19
76 20
85 41
10 1
98 14
60 29
15 1
46 1
89 21
86 42
43 21
79 32
60 23
41 17
46 8
40 15
79 6
43 2
68 25
65 8
46 10
60 26
28 5
17 6
56 6
77 6
58 5
77 5
8 1
80 6
83 33
46 21
93 3
65 3
37 14
11 3
9 3
74 1
13 5
47 23
46 18
50 7
39 19
92 6
4 2
89 12
37 6
95 6
21 8
72 33
35 1
12 5
2 1
50 12
12 3
78 32
60 8
44 16
59 19
5 2
1 1
91 26
65 10
33 16
70 12
22 11
38 13
1 1
93 30
99 29
64 7
52 26
70 15
75 33
70 23
46 19
85 38
89 20
76 38
1 1
3 1
94 29
15 5
63 11
44 10
54 7
77 12
90 38
94 4
8 2
68 13
86 27
67 28
16 3
52 17
47 22
34 7
8 3
52 12
31 11
21 6
31 7
22 3
26 7
43 19
37 1
84 27
75 27
68 26
73 9
96 24
16 7
48 6
96 6
57 12
76 32
91 39
10 4
100 35
46 20
82 18
42 19
87 40
15 5
98 32
1 1
48 2
87 23
85 16
94 7
56 20
57 1
59 15
68 7
73 20
82 17
19 6
65 32
24 7
87 23
43 8
12 3
28 3
89 18
78 37
34 10
5 1
68 32
40 8
61 14
49 10
18 4
12 1
72 15
73 9
93 3
10 4
15 2
71 5
88 32
39 5
57 1
9 3
87 31
78 16
21 10
86 22
16 7
14 5
36 3
98 26
93 14
64 7
61 15
96 44
66 7
75 19
1 125 8
1 254 8
2 254 7
235 254 6
1 120 4
92 254 5
92 120 6
204 254 10
1 119 5
119 233 8
101 254 7
59 254 9
173 233 10
254 259 4
1 101 10
119 168 4
119 173 10
101 336 6
73 119 2
44 336 4
1 43 3
43 98 10
77 168 10
164 259 8
43 340 5
168 284 3
155 173 5
98 189 6
1 6 2
298 340 10
101 160 10
160 338 1
125 150 4
28 120 2
99 173 3
150 208 5
101 313 10
37 259 6
54 254 5
39 120 3
66 125 8
163 173 2
284 346 1
85 336 4
19 119 6
96 189 10
12 313 4
48 254 1
68 160 1
125 276 5
6 233 7
6 198 2
98 259 9
98 328 8
55 233 3
259 263 2
158 189 2
233 295 1
174 259 1
254 277 5
120 267 7
190 346 10
179 254 9
118 263 5
119 341 4
208 249 10
100 119 8
120 151 1
113 160 6
160 287 10
1 292 5
52 284 1
1 168 9
254 316 5
199 287 9
150 204 6
6 125 1
151 266 6
151 292 1
98 128 8
61 328 1
87 119 8
283 313 9
94 338 8
43 274 5
56 340 8
6 40 3
287 306 7
202 208 5
62 168 8
38 173 8
2 6 4
40 101 5
250 254 6
43 310 7
169 254 5
61 189 5
26 313 7
138 266 7
280 346 4
137 204 8
128 330 3
160 198 6
100 128 2
292 310 2
5 310 8
83 160 7
6 75 1
33 160 5
95 306 2
168 322 1
60 336 4
2 204 10
30 266 9
189 299 2
266 335 9
43 100 7
11 168 2
119 228 9
233 241 5
189 258 9
296 346 1
168 339 4
150 267 7
101 194 2
6 126 7
49 277 3
99 233 8
96 160 6
101 111 4
144 258 9
27 75 7
146 341 5
250 263 10
211 276 1
48 151 9
76 173 8
228 300 5
105 340 4
208 247 2
80 128 9
188 198 2
173 298 3
21 173 2
234 258 6
43 192 9
6 210 2
230 287 4
111 131 1
205 336 4
105 168 7
155 189 8
6 248 8
267 269 4
126 192 1
194 274 1
158 313 3
154 306 7
131 209 3
205 266 4
224 322 10
222 341 4
194 299 6
50 247 10
101 308 4
303 330 8
204 304 7
43 174 5
74 263 10
92 111 8
259 336 4
134 192 10
126 323 6
43 203 9
275 336 6
113 241 9
136 174 7
4 335 8
128 162 2
241 319 10
94 277 6
203 341 8
32 210 9
73 277 4
63 259 8
6 227 9
56 249 5
123 203 6
99 316 5
316 344 10
267 271 7
27 131 7
6 61 3
305 336 7
61 184 10
256 292 10
297 338 3
126 133 4
259 308 7
119 301 4
238 274 2
141 277 3
82 192 3
161 276 8
108 247 9
171 316 8
6 292 10
66 330 3
268 346 3
119 120 3
18 316 10
108 248 3
37 111 4
101 291 4
136 341 3
61 203 2
151 172 7
128 230 6
192 220 5
166 269 7
245 247 7
117 274 10
39 133 3
119 344 1
316 345 1
100 317 10
161 322 6
137 299 10
100 117 10
155 277 3
208 345 5
45 210 3
172 277 5
263 313 9
9 125 1
90 233 5
323 338 10
61 101 4
210 307 10
308 332 8
259 265 7
241 323 6
9 230 10
91 316 4
175 307 2
198 315 6
144 254 2
160 292 9
16 307 4
5 162 6
193 249 6
43 326 1
254 326 1
10 313 9
299 344 2
57 328 10
37 313 1
37 341 8
191 345 7
61 302 3
100 305 4
18 335 10
172 344 2
75 328 2
150 317 3
190 299 10
253 267 9
298 299 8
61 263 9
326 345 5
334 344 1
131 271 2
43 248 2
254 256 4
220 330 6
133 208 7
160 303 2
120 331 2
25 61 7
99 120 7
106 305 5
167 274 10
300 313 10
75 210 5
228 286 10
172 299 2
118 189 10
56 172 4
11 256 9
270 328 5
205 228 3
23 295 10
220 331 9
271 343 6
90 343 7
17 247 4
109 323 6
248 299 1
133 234 10
227 287 9
101 249 7
125 170 6
75 113 1
33 248 4
282 301 9
14 254 4
50 227 10
258 265 9
115 326 5
85 184 10
100 304 9
93 310 4
46 274 8
170 232 1
213 344 7
117 336 9
136 267 8
267 287 8
86 256 7
190 265 9
75 331 10
85 98 7
49 286 10
148 208 10
158 286 6
196 269 2
57 160 7
153 220 1
165 271 6
74 258 10
2 210 7
160 210 7
33 247 8
151 308 9
8 220 2
154 298 5
204 339 5
246 256 7
203 336 1
64 209 6
167 267 6
238 340 3
105 269 4
248 333 9
128 160 8
126 132 5
98 241 10
131 238 5
173 265 3
103 204 9
52 247 9
120 301 6
24 174 9
31 333 6
75 342 3
255 301 6
168 328 6
128 208 9
314 331 4
150 230 4
140 316 3
41 286 6
98 286 6
85 305 3
29 258 10
127 227 8
311 319 2
87 346 7
66 317 10
326 330 4
108 209 7
160 249 7
160 251 6
100 331 4
319 338 10
6 180 8
121 234 9
210 240 4
71 276 3
223 317 5
172 279 7
116 170 1
29 284 10
193 335 8
66 151 8
99 198 3
1 323 5
55 310 5
183 228 4
31 256 8
49 168 5
174 241 10
184 345 2
215 265 7
108 184 4
162 248 7
194 247 1
111 204 1
101 331 10
71 301 5
46 279 2
204 344 8
96 180 5
99 204 5
167 302 3
252 343 5
52 228 5
6 11 9
276 339 7
142 210 10
112 341 1
114 220 7
144 174 2
180 203 8
173 286 7
104 302 4
120 233 8
21 113 7
116 331 3
148 210 5
234 336 2
11 84 8
91 335 1
266 315 2
17 328 7
17 133 4
16 333 5
240 338 4
109 249 8
174 177 10
269 307 8
146 315 4
1 225 1
269 284 5
279 284 4
75 177 3
163 344 1
304 328 8
101 138 2
37 220 6
79 113 10
180 302 3
84 107 7
271 325 3
258 340 3
84 276 1
192 346 3
5 325 4
200 249 6
22 184 8
23 299 7
131 190 3
146 301 5
18 295 7
192 343 5
150 253 8
78 336 5
231 286 1
180 259 1
29 308 2
104 317 9
247 332 8
133 168 2
203 293 9
220 236 5
7 248 9
194 302 10
297 342 5
256 315 1
5 344 6
96 251 6
99 133 1
138 260 3
44 131 4
219 266 6
208 307 5
40 303 10
245 303 5
40 329 8
162 253 4
6 89 2
263 296 1
131 174 8
49 269 5
227 345 5
293 307 9
145 220 1
25 209 6
79 230 6
191 284 4
107 279 7
172 220 10
43 323 8
79 335 9
89 328 1
84 263 5
98 319 5
54 227 10
38 302 5
125 168 8
132 247 3
192 259 2
132 269 4
170 318 6
128 259 8
217 306 10
3 260 5
16 308 5
117 266 4
10 339 6
298 324 10
71 89 2
17 316 8
40 344 7
96 249 5
111 341 6
91 190 3
184 281 1
213 316 9
35 180 5
198 289 6
184 340 4
182 291 4
23 253 1
64 131 5
11 330 8
77 138 10
142 303 4
276 304 8
67 336 1
143 174 7
107 113 8
230 264 2
251 290 1
3 238 3
89 148 2
340 343 4
63 98 5
174 187 3
94 328 9
113 336 5
265 308 8
128 293 10
17 150 9
184 307 3
232 236 2
195 274 2
17 335 6
105 113 2
102 240 8
117 205 2
150 339 8
180 346 4
121 290 5
151 341 4
84 108 4
160 257 1
101 229 2
50 331 5
210 299 9
304 305 9
247 253 9
34 346 9
184 347 8
284 318 3
86 271 6
107 313 6
37 338 10
117 329 7
286 320 9
185 319 1
110 160 7
257 259 4
128 251 2
86 227 2
107 111 10
136 281 7
211 333 9
157 317 5
43 231 5
342 345 6
108 186 2
209 344 9
159 257 2
113 310 4
223 346 7
35 119 1
11 206 10
78 344 3
19 150 6
236 267 6
184 249 2
11 316 2
86 172 3
91 345 7
44 204 8
43 152 5
189 279 1
180 335 4
126 215 4
107 137 4
50 168 10
174 287 3
254 269 4
236 274 8
180 343 2
100 210 7
269 325 4
185 258 9
19 148 1
89 257 7
170 263 10
34 189 5
13 170 4
177 311 2
43 45 6
174 246 2
150 303 3
108 162 1
305 332 2
265 327 9
222 301 7
30 340 4
102 266 10
318 327 7
176 194 9
128 286 8
40 220 5
258 268 6
238 301 1
11 69 3
157 198 6
313 329 7
225 234 10
85 203 6
11 103 2
125 152 5
206 328 1
107 228 5
37 232 2
261 307 10
189 207 10
76 345 8
101 325 1
4 75 7
258 291 5
249 300 10
225 333 4
198 313 3
260 282 2
238 321 3
84 253 2
246 317 3
305 330 5
203 285 1
45 69 9
98 130 7
281 296 2
77 247 1
206 226 3
104 285 8
113 232 1
43 170 3
149 303 9
93 190 4
57 117 7
255 321 10
82 327 7
51 192 2
168 247 4
238 279 2
84 131 10
125 138 9
143 321 5
271 320 4
101 274 1
117 187 2
216 301 10
236 336 3
295 298 9
181 263 6
78 324 2
344 347 4
84 258 7
172 207 3
255 340 3
45 58 8
147 267 7
250 302 6
205 230 6
261 329 1
134 295 10
41 313 9
48 323 8
266 321 2
249 298 6
95 228 7
4 227 7
115 347 3
75 130 10
173 220 3
164 184 4
160 168 2
90 319 1
56 324 4
38 132 10
160 170 10
227 318 6
62 282 7
91 289 7
208 271 5
108 225 1
111 309 4
168 274 2
206 333 4
55 205 10
289 294 2
252 257 7
169 282 5
108 151 9
229 259 3
113 196 6
125 200 6
84 320 2
40 189 8
89 287 10
299 314 7
269 320 5
137 192 5
63 231 4
234 346 10
246 266 6
230 346 7
52 322 10
77 251 4
138 190 3
92 232 7
118 131 3
190 193 8
320 325 9
122 307 5
29 346 10
148 287 4
274 294 1
88 207 2
96 315 6
6 243 10
230 310 10
101 316 8
177 292 7
104 220 6
250 271 3
284 332 1
267 280 5
65 265 1
113 299 8
84 220 1
277 311 10
22 249 2
296 306 4
180 230 7
126 160 8
256 319 8
69 212 1
98 231 1
113 263 9
186 326 8
104 281 3
313 322 8
32 226 7
118 198 9
206 305 10
81 173 7
299 321 2
194 201 5
112 229 8
319 347 5
118 339 2
121 205 10
35 148 1
317 318 7
123 310 8
315 327 6
93 294 4
165 200 1
4 307 1
232 281 10
175 236 5
245 310 9
60 331 4
187 337 8
137 207 8
292 308 2
307 344 1
3 172 3
77 323 3
211 315 8
107 210 6
224 301 3
3 295 1
168 337 8
257 328 4
47 347 9
47 267 7
173 266 4
257 327 9
240 346 4
14 198 2
165 230 1
120 210 2
113 303 1
104 125 6
180 340 3
130 144 6
40 148 4
171 200 5
233 248 3
318 320 2
135 267 10
9 240 10
259 318 10
299 307 3
98 290 7
115 284 1
208 296 5
208 233 1
290 332 3
171 347 1
138 232 10
89 206 10
63 307 1
203 238 9
40 192 7
231 240 7
260 309 6
108 277 4
113 200 10
103 128 10
200 306 8
234 345 8
128 172 3
91 111 5
241 342 10
113 192 10
44 322 4
196 323 2
274 340 1
267 315 9
233 332 5
59 84 9
47 180 9
7 240 6
327 334 6
296 310 9
273 303 2
207 280 8
100 253 3
137 193 3
212 278 3
31 204 2
33 225 5
35 340 4
256 291 3
123 207 7
12 205 10
207 281 8
227 303 5
103 119 4
33 111 9
71 236 5
40 117 10
246 277 7
99 137 1
264 323 4
136 232 5
284 340 5
212 276 3
137 282 10
1 126 10
152 204 10
286 289 10
279 304 4
160 230 9
56 284 1
87 208 4
202 251 4
264 275 8
131 284 6
132 293 6
148 212 7
332 344 6
40 90 7
131 205 7
236 254 4
141 332 6
132 254 7
197 344 1
35 292 10
88 317 2
28 119 10
36 296 1
249 252 4
122 320 4
194 277 7
20 131 7
86 174 8
342 346 6
252 296 10
319 332 4
171 342 1
75 85 5
213 277 5
210 303 6
206 329 8
207 244 7
248 264 3
45 219 3
189 253 8
236 348 3
197 248 7
209 313 8
23 304 8
129 257 1
183 244 9
14 232 4
59 275 9
218 302 7
193 253 1
306 318 1
192 313 4
239 267 5
40 107 5
196 264 10
48 248 4
238 292 8
38 294 5
175 323 2
160 197 8
294 307 1
186 287 5
160 281 1
294 319 3
80 286 4
234 320 8
138 265 3
159 251 4
265 268 3
217 279 7
107 251 9
305 328 2
23 294 3
84 298 4
87 107 10
61 246 2
11 92 10
87 174 7
159 335 4
188 249 7
302 327 2
72 263 3
38 257 1
148 159 8
6 124 5
190 249 9
212 336 7
98 246 5
103 113 7
61 268 10
230 231 6
43 226 6
251 278 6
166 317 7
158 314 6
291 337 9
168 285 3
81 256 6
122 348 4
138 156 2
286 313 1
89 266 2
18 337 2
189 312 5
84 205 2
229 240 7
61 103 3
115 193 3
85 207 2
100 138 10
65 343 8
63 212 3
28 286 4
132 215 3
202 296 8
280 294 4
139 276 7
187 258 2
112 190 9
89 321 8
99 302 9
266 277 1
