284 1000
678 25
850 31
778 36
821 26
274 27
26 8
45 30
725 34
455 5
130 24
157 40
675 15
669 4
841 6
443 30
932 5
405 23
941 49
322 6
89 3
397 44
23 38
971 24
71 8
7 32
983 18
190 29
996 47
634 20
609 17
658 12
282 42
37 7
676 18
597 8
932 25
529 14
875 19
162 35
37 29
365 7
594 27
526 24
784 41
261 17
453 46
847 30
575 4
437 30
158 33
508 15
489 25
608 49
9 10
459 6
188 4
173 34
288 17
260 45
470 47
175 35
319 31
629 1
501 42
381 30
225 47
202 37
855 35
898 27
769 18
594 26
401 20
262 45
749 23
293 49
756 32
796 4
360 2
995 37
914 42
718 45
81 41
185 3
523 24
249 6
118 15
981 50
672 10
353 12
419 16
315 35
841 12
912 33
174 22
193 7
488 29
325 44
689 7
688 16
214 49
326 4
234 33
439 29
12 24
927 31
568 23
317 10
841 23
819 6
909 15
275 17
380 19
757 29
65 3
525 10
961 30
503 24
170 4
321 31
764 18
85 7
85 27
139 49
81 30
324 40
206 43
233 8
702 26
693 33
837 19
865 49
26 16
715 26
679 22
327 6
853 24
154 30
622 49
899 19
347 5
658 36
417 37
169 18
955 13
211 34
580 35
952 40
132 34
881 40
178 23
634 43
842 32
54 13
220 2
794 31
342 48
79 30
98 4
997 4
786 46
530 22
462 42
804 4
110 20
717 14
143 35
437 40
546 1
316 40
344 45
254 34
246 41
959 34
790 6
638 46
56 47
301 4
190 12
32 44
368 27
951 18
854 30
917 17
189 19
294 26
32 35
67 26
142 14
209 38
850 45
619 24
660 47
823 47
418 12
844 30
526 34
566 32
906 1
147 8
529 1
138 19
464 25
331 41
999 48
929 41
291 2
759 34
715 5
730 31
534 45
707 43
217 7
489 46
941 29
102 50
438 42
914 10
691 34
164 44
285 42
536 6
316 43
609 19
754 48
352 6
81 49
520 9
865 14
90 30
66 19
962 20
319 48
921 2
126 9
333 42
559 1
342 21
961 8
610 48
304 20
512 11
454 7
771 30
840 34
765 19
900 1
477 12
885 25
996 31
279 4
268 28
568 35
12 46
789 47
981 8
621 47
136 16
895 39
88 8
179 18
832 25
934 34
598 13
516 18
717 41
591 6
172 6
277 36
476 42
729 10
531 24
153 23
702 9
366 47
45 37
906 8
871 41
29 48
488 30
301 20
516 9
889 37
652 47
815 14
1 107 6
107 182 6
107 128 4
107 276 10
110 182 6
199 276 4
206 276 5
128 159 10
107 114 2
19 182 4
159 283 9
196 276 2
34 159 4
159 184 5
159 276 4
1 146 7
114 208 4
71 208 10
114 220 7
128 264 4
122 128 6
149 220 3
158 220 3
12 114 4
107 227 3
227 228 2
110 114 6
1 195 5
107 249 10
67 227 6
184 276 9
220 248 4
78 264 6
182 221 3
1 106 6
267 276 6
140 208 6
114 253 8
237 249 8
247 264 3
89 182 2
68 220 4
15 184 1
221 261 2
220 224 3
159 241 3
68 146 1
62 276 4
37 261 1
21 195 2
106 116 9
183 224 5
107 261 5
116 283 1
228 282 6
128 258 5
140 221 8
112 221 5
218 241 4
240 282 9
214 228 1
207 248 10
98 159 1
202 248 2
112 228 2
50 227 10
67 128 4
139 195 6
40 128 10
64 107 1
114 264 3
126 248 2
58 282 3
65 220 8
181 195 4
113 264 5
116 142 4
182 195 10
145 184 5
212 253 7
121 253 2
138 248 9
14 249 1
114 247 8
142 280 6
76 106 4
109 227 1
218 228 9
145 208 6
116 221 9
36 228 2
107 197 2
114 218 10
220 262 9
218 258 3
25 218 1
114 134 6
39 134 5
2 114 5
173 218 10
2 184 8
57 184 9
212 241 2
33 280 8
146 262 8
236 248 9
66 247 2
247 252 5
80 224 7
89 262 9
26 283 7
186 283 1
106 168 2
168 176 10
5 159 9
114 215 1
208 210 5
113 262 1
142 235 6
249 261 9
46 184 4
214 253 5
133 282 4
34 215 10
94 224 1
2 221 5
134 214 8
158 248 2
276 284 6
129 195 8
171 264 2
107 119 9
128 219 5
30 218 5
278 280 9
116 204 8
230 241 5
158 224 3
1 174 4
228 283 3
106 211 5
249 282 8
106 111 9
12 247 3
117 258 5
177 211 10
69 262 4
184 244 2
36 247 8
216 220 1
1 183 3
78 219 1
196 228 7
93 195 1
59 106 10
182 243 8
106 161 4
1 129 4
168 250 10
248 263 3
107 202 10
195 204 1
114 276 9
188 248 5
132 243 7
21 168 10
88 128 2
134 242 6
24 159 2
15 253 8
264 268 1
9 142 7
30 235 3
18 220 3
32 197 8
86 268 7
130 243 10
226 243 10
205 253 2
15 242 8
184 241 4
35 263 6
234 283 2
208 236 9
118 215 9
1 280 5
47 263 3
56 219 7
100 215 9
176 261 6
248 261 4
247 271 10
204 244 1
227 256 7
209 252 10
249 256 7
4 128 3
18 241 8
69 252 3
221 253 5
103 261 9
171 276 4
195 237 3
7 219 10
155 282 1
116 262 4
31 256 3
17 119 5
221 232 6
161 227 5
151 284 5
244 264 3
214 261 6
159 244 8
228 262 2
169 221 8
107 176 4
17 116 8
104 210 3
25 250 4
1 93 2
114 278 10
144 227 6
268 276 4
91 268 10
54 261 5
189 243 2
175 220 5
17 244 4
165 184 9
228 243 7
115 116 1
184 259 1
205 284 6
72 259 2
259 263 2
179 218 1
111 263 5
180 278 4
183 204 3
114 192 3
230 249 4
150 159 2
52 192 5
161 211 1
183 263 1
62 192 3
173 176 4
195 255 2
140 184 2
190 210 1
150 228 5
73 142 6
187 208 2
110 262 10
1 119 6
69 242 7
185 247 8
187 276 2
19 174 2
105 261 4
85 249 10
134 167 1
159 164 3
42 146 3
96 134 6
69 282 1
216 252 6
148 176 5
113 220 5
202 254 2
197 248 6
42 119 7
79 248 7
90 215 7
116 189 5
79 210 1
178 250 5
174 228 6
40 243 8
44 248 10
165 250 6
93 138 8
142 143 4
19 142 4
189 274 7
45 189 6
114 255 9
79 159 6
142 249 3
127 243 9
184 232 2
171 189 5
169 197 8
1 211 8
81 143 6
143 219 4
70 143 3
88 192 2
142 227 7
93 232 5
218 252 4
82 244 7
59 114 2
261 283 10
106 213 7
116 167 2
23 252 2
189 204 6
232 239 10
1 213 8
82 210 5
55 239 6
254 266 2
17 236 5
47 219 5
5 247 4
93 174 3
45 278 10
142 268 4
11 116 8
93 114 3
213 260 1
186 192 2
83 161 8
95 192 1
164 276 4
128 246 2
66 221 2
138 184 2
235 259 1
219 244 5
42 204 10
99 218 7
175 189 10
81 246 5
264 278 5
84 215 4
42 219 7
248 274 2
81 242 10
35 208 3
213 226 3
12 128 9
182 247 3
57 227 1
89 220 10
167 243 7
85 174 7
83 93 4
128 249 4
201 264 8
146 192 2
30 202 10
73 282 4
193 259 2
180 282 9
64 232 3
167 229 5
108 204 6
247 262 1
202 216 8
208 248 3
241 255 7
158 168 8
167 226 10
56 119 3
22 216 7
116 159 1
34 213 9
85 107 8
220 252 4
208 284 2
134 221 8
216 221 4
113 249 5
234 280 8
128 189 7
113 129 9
41 114 5
174 227 1
26 161 4
94 159 8
31 237 10
48 218 1
210 258 3
20 262 9
192 201 1
210 213 2
221 239 4
159 263 1
106 245 1
221 263 6
61 262 10
172 284 4
98 210 4
4 106 10
3 243 8
211 231 9
182 250 2
130 266 3
13 210 5
146 153 8
24 174 7
90 111 1
114 205 10
95 167 6
153 172 10
114 252 3
155 228 1
58 235 9
81 159 1
92 256 5
129 164 8
1 46 10
71 216 9
139 174 8
129 266 6
111 275 6
178 184 1
164 214 4
215 230 4
128 276 2
53 227 2
5 182 4
233 282 10
63 230 7
188 263 6
254 284 3
1 219 3
165 237 10
27 189 6
5 243 2
209 242 2
210 272 3
32 183 9
111 206 8
161 214 7
42 244 6
55 242 3
59 282 5
117 246 5
119 177 9
93 207 5
225 259 4
34 174 6
69 224 6
114 246 2
46 65 10
94 282 10
65 80 1
108 255 7
43 207 2
87 239 10
64 261 5
229 236 6
173 204 8
197 274 9
85 241 6
45 229 5
54 204 1
116 194 8
195 200 8
8 134 2
157 272 9
183 267 3
231 264 6
182 210 5
164 280 5
90 262 2
109 146 9
228 275 10
83 220 5
87 182 2
19 268 4
73 219 5
180 272 10
143 259 4
89 168 2
99 194 3
182 189 2
119 128 2
153 268 5
162 205 7
87 264 8
189 192 8
158 215 1
165 243 5
89 258 1
188 220 9
105 129 2
157 250 2
45 207 10
163 264 10
76 224 4
90 259 5
9 248 10
194 227 8
80 235 5
243 258 3
192 278 5
128 280 10
205 236 3
2 261 1
256 275 3
137 210 7
111 231 1
71 278 8
226 249 7
6 93 9
102 242 9
142 207 10
142 264 6
60 201 3
65 187 10
73 116 2
151 174 10
221 231 4
208 260 9
1 128 1
140 262 8
67 164 10
106 177 4
274 280 9
154 272 4
106 175 7
74 134 9
136 283 10
93 263 7
27 161 3
3 252 4
211 249 3
54 263 6
161 176 6
237 264 10
106 261 3
229 246 10
42 271 2
226 263 9
9 252 3
66 219 6
124 153 1
5 242 1
2 253 6
151 197 5
209 260 4
27 184 7
134 218 2
187 216 10
160 258 5
138 222 6
188 244 8
1 197 5
60 280 3
46 70 4
142 211 8
198 242 5
56 245 3
146 189 9
120 224 9
91 159 2
54 222 3
222 243 5
101 218 7
117 159 2
11 255 3
2 200 7
14 237 8
66 280 4
195 221 5
45 93 10
107 210 2
65 281 2
133 205 8
74 274 4
30 159 5
104 282 9
173 216 9
155 174 2
131 220 5
138 172 9
215 216 7
81 177 2
142 233 10
126 184 9
252 262 4
118 153 1
46 153 2
132 260 1
111 280 6
137 247 8
150 201 7
177 275 7
170 243 3
112 239 2
230 264 8
26 187 7
70 77 5
191 267 2
93 250 4
111 226 2
66 174 7
65 140 10
232 244 5
129 280 10
143 264 2
71 280 4
55 202 4
80 159 9
186 208 1
222 262 4
176 205 3
9 241 2
129 182 8
5 264 5
206 228 8
174 202 5
161 274 7
216 258 9
201 252 8
210 254 9
140 160 9
41 207 4
85 129 2
139 176 7
153 255 3
19 239 6
65 195 2
233 264 9
161 189 10
146 238 10
120 247 8
46 216 9
119 271 10
176 206 7
42 256 10
182 224 6
109 187 10
57 221 1
151 249 9
127 214 10
256 283 4
146 241 8
239 241 9
14 176 7
134 250 10
97 174 7
136 254 7
189 196 2
105 192 10
109 216 6
77 276 6
139 262 2
26 206 2
68 256 2
46 270 5
143 244 5
130 258 7
46 235 3
177 210 9
1 225 6
11 230 1
71 272 7
1 187 9
266 281 2
45 225 6
63 224 2
153 278 1
244 247 10
210 284 9
14 227 5
98 267 2
105 221 1
164 200 3
143 227 4
255 265 1
84 233 6
107 131 10
10 174 4
50 208 2
134 164 4
97 228 1
221 224 1
138 252 2
231 271 7
99 231 8
111 224 10
236 275 9
84 172 10
70 92 9
47 245 9
77 231 6
77 195 10
142 272 1
70 128 6
124 138 2
80 112 7
56 246 4
202 271 9
227 231 9
129 131 4
93 227 1
76 146 4
210 281 2
263 264 5
246 251 6
59 265 2
140 209 8
184 209 2
103 250 9
183 221 3
109 230 8
128 150 7
153 161 2
21 275 10
140 238 1
134 282 3
78 258 8
225 268 8
172 236 9
118 159 6
96 220 10
121 218 6
95 254 2
183 226 10
180 219 4
239 253 6
161 278 7
4 232 4
173 220 2
105 264 9
74 153 4
49 226 10
239 254 3
130 205 2
56 128 3
1 168 10
137 150 8
46 144 9
5 116 5
150 208 4
225 264 9
234 252 5
202 236 10
230 266 7
143 282 6
96 195 8
156 278 6
71 106 2
152 176 9
46 106 1
160 171 5
26 284 3
128 183 8
168 236 9
183 276 2
244 246 3
164 176 7
142 241 9
21 266 8
65 131 6
126 218 2
212 252 5
77 265 6
32 114 3
143 221 6
107 225 2
146 217 5
240 244 10
27 143 6
44 153 3
139 187 5
254 267 3
3 281 4
222 267 5
216 236 3
131 159 3
127 250 6
107 281 1
53 272 7
7 116 4
207 249 1
115 205 10
207 280 4
111 270 6
189 276 5
97 280 10
207 220 7
16 274 5
177 232 9
242 282 10
165 280 4
198 271 8
71 150 4
258 266 3
206 264 4
181 254 9
104 228 1
195 202 3
32 217 5
266 284 2
12 174 3
103 271 4
34 142 3
161 229 3
12 244 10
185 221 2
246 283 10
216 265 4
158 247 6
46 212 9
103 202 4
95 271 9
180 253 3
66 275 1
224 263 8
13 248 8
212 232 2
89 146 2
40 271 8
92 169 7
175 211 10
69 212 3
246 275 2
135 221 8
22 182 7
31 260 5
128 213 9
68 236 1
150 245 9
192 253 10
65 208 5
92 137 4
188 239 6
114 150 8
119 238 6
127 249 5
111 128 10
126 211 5
55 225 9
187 261 10
115 142 8
192 224 7
229 255 5
168 269 5
158 265 3
149 207 9
42 106 1
95 228 5
243 271 6
134 174 4
183 200 10
19 164 1
61 215 8
143 188 10
248 283 2
121 176 9
92 112 4
215 260 2
131 172 4
142 271 10
102 187 6
135 164 5
53 137 9
173 205 4
80 260 5
140 207 8
111 268 8
238 283 7
194 200 6
171 208 9
179 239 5
132 224 9
104 236 1
60 281 6
101 183 10
1 118 4
182 280 1
117 243 2
97 231 4
1 231 1
28 140 9
227 258 7
193 233 9
31 160 3
150 173 5
32 271 8
184 261 9
84 269 4
210 223 3
118 204 10
70 189 1
18 184 7
172 202 10
14 204 6
184 272 10
48 246 7
140 179 6
180 271 8
106 244 7
229 263 3
217 251 7
93 147 9
65 194 2
112 242 10
266 267 3
160 235 3
135 205 3
191 227 5
54 137 4
256 276 9
91 212 3
193 232 1
236 284 6
133 220 8
116 243 8
109 160 2
141 143 2
65 192 10
106 200 9
23 176 10
53 150 5
229 273 5
150 258 1
88 266 8
13 197 6
3 111 5
17 212 5
173 228 8
173 239 4
226 251 7
227 251 9
74 258 9
172 173 8
151 226 2
80 125 9
213 233 7
85 228 1
27 112 1
196 243 2
91 261 3
192 255 7
55 93 6
125 265 8
82 267 9
106 271 2
220 254 7
168 173 8
1 270 2
65 266 4
102 176 1
28 177 6
164 281 7
147 174 4
5 171 9
182 268 8
33 159 6
128 255 10
190 207 3
74 212 7
63 182 3
227 266 2
140 159 3
35 228 4
114 250 6
10 284 3
111 176 9
173 227 8
90 184 2
65 238 1
81 112 1
119 133 10
171 242 1
205 269 1
154 202 7
88 129 10
156 200 6
218 273 10
82 271 7
13 269 7
1 135 3
168 211 4
81 217 2
31 246 7
53 219 4
131 240 6
241 264 2
134 283 6
93 231 3
225 236 3
34 222 8
201 221 3
76 262 7
203 261 9
215 265 10
249 276 8
247 257 5
43 201 6
143 184 3
118 280 6
