846 1000
489 44
214 23
517 39
167 29
836 14
731 35
720 26
511 14
395 40
114 19
652 43
801 43
160 13
879 8
948 17
398 7
587 16
299 32
432 44
616 22
427 48
230 6
246 47
539 24
252 23
463 13
448 6
428 29
695 23
804 32
488 46
350 20
718 24
730 33
422 1
841 22
457 43
690 48
942 25
443 23
880 15
95 9
32 3
794 22
674 19
448 36
360 27
445 39
66 3
321 16
961 4
785 2
656 47
455 33
754 35
765 34
370 32
863 13
291 45
618 31
109 17
247 12
343 2
426 17
501 48
268 43
673 38
608 16
281 12
95 50
563 14
789 38
342 7
729 28
194 45
818 37
871 2
534 18
422 46
722 42
778 40
652 12
413 28
865 30
14 31
809 22
435 11
59 39
919 14
574 41
68 43
969 19
286 2
985 21
7 31
811 32
858 40
857 41
982 34
807 15
426 17
841 15
594 8
423 22
540 25
637 8
567 13
859 17
990 16
126 33
195 22
948 34
834 26
225 44
827 1
277 23
891 12
736 10
898 46
466 23
18 47
721 19
319 15
567 18
907 41
51 33
117 30
380 13
448 27
825 15
905 14
310 6
31 43
605 49
955 31
930 50
656 21
551 34
454 27
802 47
870 41
473 16
957 32
371 12
711 39
199 21
69 1
296 1
337 21
585 32
922 46
882 44
397 10
666 8
814 9
627 46
112 4
460 5
869 34
543 6
365 21
71 12
322 50
772 9
509 18
510 8
357 22
197 15
703 38
231 10
760 12
225 9
772 35
390 10
607 4
282 45
821 5
264 20
466 28
378 34
94 45
618 3
54 18
890 23
848 10
217 48
990 5
496 30
372 7
437 21
719 38
60 23
466 39
721 24
474 34
952 2
852 11
501 33
129 36
910 16
818 20
861 33
276 34
662 43
835 20
468 48
557 7
598 33
475 35
924 12
950 22
226 48
13 2
775 19
580 7
498 10
28 31
343 41
793 46
767 11
417 20
325 19
903 50
644 50
116 24
115 32
324 2
264 5
618 29
999 23
22 7
324 19
604 46
855 23
649 17
446 3
350 50
82 23
544 28
119 14
559 34
558 1
612 17
581 16
250 25
913 13
343 46
243 41
349 30
358 46
363 18
713 1
244 33
992 34
613 7
138 45
855 13
34 47
128 5
138 21
837 21
24 20
518 18
531 35
926 32
265 19
431 34
743 19
790 30
262 7
169 16
234 6
164 12
890 17
157 29
799 2
269 45
753 41
340 23
42 40
621 27
604 20
563 11
843 21
104 38
170 45
641 21
307 20
85 42
524 18
790 49
669 19
815 18
30 29
215 40
737 14
315 37
693 33
229 46
373 27
287 7
39 7
174 11
624 13
720 34
220 11
928 49
635 21
141 49
755 45
353 47
824 2
616 46
868 31
917 40
32 45
416 19
53 43
394 36
565 24
805 40
97 25
698 30
437 12
344 21
210 31
116 35
272 38
688 26
770 42
700 34
996 45
809 48
273 30
226 23
891 36
553 41
757 2
848 8
48 39
382 21
41 3
910 49
531 12
93 12
754 3
337 20
173 18
407 7
513 48
953 37
70 35
425 39
997 34
984 13
440 17
242 20
40 5
35 50
494 41
469 28
847 9
341 29
974 2
926 20
14 50
53 38
819 18
84 49
798 28
991 11
553 31
625 24
210 34
684 21
622 44
409 22
135 27
881 47
566 23
40 37
809 22
774 41
820 6
172 4
900 33
530 32
138 2
958 48
454 40
171 35
580 47
815 32
872 15
474 32
980 16
584 6
358 11
636 7
526 36
388 21
592 11
464 35
839 4
21 10
872 17
386 21
673 9
834 28
17 19
340 46
672 38
269 34
1 46
616 33
342 18
877 12
625 23
518 22
358 32
536 34
990 2
526 48
918 25
872 31
869 7
75 5
563 23
49 9
327 19
63 36
723 22
210 22
491 47
729 16
627 27
726 45
367 1
688 27
424 43
277 21
95 18
865 28
4 20
930 26
857 10
335 38
665 4
433 40
239 22
33 17
266 16
859 42
212 4
86 31
962 25
599 43
918 21
224 3
985 3
817 39
945 35
39 34
80 28
165 29
878 18
617 35
648 28
70 9
886 39
323 16
33 44
517 17
25 25
943 23
94 35
79 38
25 37
953 32
842 43
277 13
228 11
622 40
483 13
703 24
507 26
506 44
743 40
780 25
417 22
317 21
116 25
858 10
218 29
767 44
624 5
306 29
878 23
841 41
158 45
927 13
918 42
125 21
714 11
117 29
931 16
415 9
270 25
488 21
570 8
378 35
306 37
209 28
228 19
796 42
113 49
837 32
968 34
770 41
666 14
244 47
202 12
188 17
451 43
244 29
586 7
876 47
999 25
15 43
544 3
955 16
773 35
388 9
807 39
877 23
279 38
735 49
532 4
415 46
610 50
396 18
248 48
727 31
311 2
292 33
907 47
595 3
357 14
331 19
399 10
763 21
814 35
234 34
384 50
373 1
976 25
872 10
113 38
784 32
70 17
778 13
977 39
70 29
342 35
79 41
993 35
760 41
378 43
866 10
689 32
79 9
883 27
488 5
607 30
484 31
842 40
909 13
561 9
525 37
313 8
454 23
109 37
386 13
933 2
972 34
630 5
46 21
601 26
915 6
267 31
527 24
149 5
986 24
387 34
594 8
746 26
162 42
520 36
986 43
670 27
956 30
257 37
931 34
75 38
163 32
957 31
71 37
140 22
723 2
441 26
457 45
78 28
714 3
940 38
740 49
954 6
757 22
705 48
15 10
147 50
878 10
51 35
352 20
345 21
578 37
352 38
480 5
780 25
796 21
374 16
40 28
549 5
58 17
414 3
346 32
100 40
693 19
622 26
354 25
600 35
525 26
985 5
344 22
660 3
26 5
786 14
283 18
559 18
90 42
121 44
470 25
985 39
283 8
674 10
401 2
607 38
209 2
268 3
153 24
712 50
268 48
113 11
950 20
697 48
906 17
115 12
175 14
510 45
146 12
687 20
762 21
685 14
94 15
751 44
933 21
801 27
144 31
664 42
417 50
378 50
208 1
399 22
993 34
61 5
996 31
445 30
766 1
625 23
712 10
993 32
402 14
901 22
182 44
858 16
297 43
228 33
171 24
355 49
801 49
868 47
921 32
956 47
618 6
687 4
765 36
876 33
696 36
808 50
445 46
259 19
644 45
24 25
847 28
671 22
25 28
38 11
220 9
735 33
105 22
27 31
270 39
49 33
38 36
625 40
862 6
279 27
820 32
958 49
17 17
225 41
35 7
670 5
461 6
219 43
468 16
27 38
171 27
268 15
838 29
102 44
937 49
520 8
908 19
348 20
310 30
54 29
201 24
239 27
524 44
657 9
293 14
774 9
811 13
531 28
335 21
529 17
623 44
533 29
440 20
81 47
62 34
987 50
82 6
181 34
466 13
462 4
205 6
867 27
449 49
761 31
267 23
112 16
843 41
957 34
427 27
899 10
127 22
424 33
514 35
971 1
634 49
598 16
387 14
131 34
845 27
513 13
602 38
125 12
187 35
970 48
592 36
562 4
342 25
598 29
575 43
473 43
124 33
500 19
864 31
268 44
440 33
550 43
423 37
321 11
618 40
1000 7
366 5
435 34
580 48
543 32
753 40
50 8
905 28
154 18
797 42
197 28
480 26
396 48
234 47
546 27
889 10
957 31
553 21
106 6
800 36
877 1
211 6
937 14
649 9
712 31
382 19
974 37
138 6
885 19
532 32
644 19
976 13
587 23
798 14
646 31
952 22
338 9
516 9
494 6
326 5
153 6
1 362 2
1 190 5
362 783 8
362 472 1
472 570 2
224 362 10
1 10 9
212 570 9
10 327 6
10 171 2
171 313 1
171 285 7
313 454 6
10 392 2
285 845 3
472 586 2
472 810 2
250 362 8
161 570 2
285 453 5
10 284 7
510 810 6
453 815 5
313 780 9
232 392 9
185 586 9
490 586 4
154 190 8
313 351 7
92 783 2
446 780 6
284 549 4
594 780 3
323 586 6
1 167 7
398 815 2
313 416 5
190 684 10
570 723 8
500 815 3
741 783 8
1 472 2
1 445 9
190 454 8
472 833 5
43 780 5
445 634 2
720 815 7
772 815 8
472 504 10
61 684 9
606 845 5
36 327 5
10 377 5
193 723 1
113 392 3
29 313 5
180 586 6
190 231 7
294 377 5
231 813 2
167 360 5
158 833 6
177 190 6
289 723 6
472 715 2
171 445 5
10 390 1
103 549 4
313 719 6
445 480 4
374 445 9
480 602 7
362 742 5
265 480 5
390 810 10
656 742 1
624 845 7
283 377 5
53 472 4
351 391 9
79 377 10
392 460 8
470 715 7
211 549 3
387 391 10
445 534 8
445 659 7
297 360 1
160 453 8
586 802 7
1 637 5
410 723 6
402 719 9
280 454 10
10 533 3
167 479 9
29 479 6
669 723 7
677 845 1
445 562 8
472 836 3
292 377 10
109 534 2
193 479 5
376 479 3
82 454 5
479 608 2
487 602 1
392 423 5
68 783 6
554 562 8
327 491 7
284 715 8
31 360 8
340 454 3
7 10 7
810 813 4
59 659 3
249 453 5
302 659 4
591 810 8
313 597 5
385 392 1
255 833 6
373 416 2
76 637 6
10 653 10
210 390 9
360 606 5
285 463 3
250 377 10
570 736 6
541 815 1
167 189 6
190 263 10
210 263 6
310 570 2
307 392 9
150 504 5
313 315 8
196 742 7
421 637 9
491 654 2
627 684 3
769 836 3
167 642 10
608 750 1
506 723 9
385 423 6
603 836 1
377 541 10
802 817 5
167 509 5
182 460 5
659 813 6
581 719 8
327 833 3
602 818 8
415 445 3
692 817 8
315 812 2
396 653 3
821 833 4
818 828 5
92 454 3
684 833 4
311 828 6
171 564 4
163 549 1
454 510 5
390 488 9
193 750 6
262 472 6
517 818 7
362 623 5
510 701 5
327 700 6
23 802 3
750 812 1
338 510 9
580 684 9
31 654 1
301 533 5
217 362 7
317 391 10
284 766 7
413 723 7
636 653 8
518 701 9
562 840 4
432 802 2
659 811 6
460 686 9
513 840 2
390 708 6
450 623 2
557 708 7
289 783 10
231 341 5
564 750 8
278 817 10
335 750 7
377 388 10
315 811 4
603 684 6
1 572 7
510 526 6
315 441 8
598 634 4
618 684 3
181 472 10
707 813 5
99 549 5
262 570 10
488 526 7
198 509 7
601 736 7
388 576 4
72 802 4
392 406 1
328 445 5
509 625 6
1 275 7
637 683 4
715 811 8
226 634 9
465 818 1
334 576 4
416 689 5
143 570 3
618 719 8
680 840 2
263 388 1
540 659 7
767 810 2
263 752 2
90 742 7
183 189 10
366 752 8
267 445 5
750 799 7
623 781 4
99 285 2
608 636 5
105 510 2
388 427 6
8 608 3
13 811 5
45 836 6
89 719 7
460 623 4
463 558 8
353 683 6
533 720 5
541 736 3
657 845 7
505 534 2
487 719 9
341 558 10
47 171 5
449 488 4
148 491 6
424 606 8
653 801 1
264 708 8
313 398 10
256 780 8
553 689 10
391 616 9
244 398 1
683 778 3
450 689 3
586 833 4
1 341 2
558 672 10
377 781 1
290 377 2
361 818 4
430 720 4
10 422 10
352 586 8
221 526 3
74 388 3
377 671 8
390 651 4
802 807 5
77 549 7
347 810 6
7 836 5
684 733 5
396 780 4
455 781 2
232 526 4
349 509 4
122 653 1
251 608 1
92 167 6
654 693 4
468 504 8
231 501 9
628 817 6
714 802 2
61 810 5
573 684 3
129 752 9
445 691 3
509 753 3
150 811 10
460 529 3
623 833 2
90 701 4
392 541 9
46 840 3
52 572 6
584 659 6
313 658 9
662 753 6
701 779 4
58 813 6
577 623 9
758 818 8
543 783 8
714 845 2
129 653 1
433 780 10
116 313 10
643 733 6
217 423 2
343 391 2
819 836 1
312 812 7
696 818 5
720 735 2
672 754 4
341 419 1
445 460 10
64 689 10
49 693 6
116 341 2
138 597 2
190 353 1
14 754 3
244 362 2
376 836 3
534 568 8
93 654 2
617 708 5
1 378 7
199 392 2
307 636 10
348 733 6
230 845 5
244 683 2
313 353 5
170 653 2
499 742 8
313 346 4
63 766 6
708 763 9
148 360 7
285 489 7
353 602 1
576 813 4
349 445 2
373 817 9
562 805 9
126 683 3
510 815 6
88 398 2
510 783 4
4 818 4
174 686 5
524 812 10
328 811 10
149 779 1
360 844 10
289 642 8
298 558 4
284 546 10
736 796 6
327 776 2
322 501 1
717 815 7
479 838 8
669 733 7
666 813 5
185 637 8
364 654 5
454 479 9
324 813 5
237 778 2
510 638 8
241 723 10
392 418 8
40 570 4
313 754 3
546 750 4
516 634 4
147 719 5
654 714 4
433 828 10
535 752 2
55 189 7
415 776 4
693 732 6
363 733 8
50 346 5
485 510 1
549 760 6
189 480 8
130 637 3
664 836 6
218 509 9
284 645 10
719 809 10
566 693 4
88 606 4
245 546 6
174 418 2
652 708 1
199 509 6
315 534 9
497 693 2
426 802 10
608 668 10
396 460 8
637 811 3
702 812 7
276 360 1
304 668 6
398 500 6
623 803 5
466 714 3
460 534 2
723 813 2
10 710 9
60 327 8
368 564 10
319 360 10
189 288 1
608 725 8
608 690 1
419 745 10
394 719 10
8 715 3
436 572 7
281 351 3
103 526 2
122 684 9
623 760 6
489 646 3
220 441 4
101 608 8
578 778 6
378 669 5
357 568 2
351 541 9
379 723 8
460 846 3
136 418 1
371 689 7
491 663 9
658 791 8
93 472 6
15 564 6
10 385 2
642 673 5
723 809 7
301 460 3
188 285 7
719 766 7
407 460 9
418 623 10
612 791 9
146 691 4
315 473 3
423 618 9
337 778 6
318 776 3
283 558 2
576 737 4
258 463 1
126 658 8
87 190 4
492 690 8
656 811 2
566 828 3
294 828 8
305 385 8
197 504 8
658 801 1
702 763 9
368 715 10
407 472 2
668 711 10
515 570 4
484 796 10
303 541 10
778 827 8
769 781 4
648 799 8
491 510 5
572 645 7
257 779 4
365 807 9
417 572 2
704 807 4
359 445 9
429 807 3
314 796 2
725 825 1
489 766 8
398 570 3
544 737 3
464 715 7
187 683 8
546 589 4
57 745 9
65 501 4
275 365 10
619 780 6
365 470 2
488 548 2
234 653 5
1 662 6
809 831 9
427 621 4
634 670 4
226 406 8
470 743 3
480 491 9
61 416 2
642 765 6
573 776 6
326 353 6
499 549 4
365 753 8
460 628 5
585 846 7
392 787 8
618 693 5
157 827 9
184 799 6
659 683 10
578 597 10
263 431 5
85 690 4
419 444 7
623 688 1
413 669 9
701 714 9
465 509 3
144 572 1
171 254 2
501 577 5
549 750 9
449 621 1
211 427 7
441 463 9
763 778 5
377 632 6
511 628 10
431 643 3
152 488 1
557 653 4
280 284 1
559 796 4
176 628 7
219 406 10
231 771 8
563 634 2
388 568 10
578 753 9
611 811 7
339 570 5
70 562 6
640 663 10
321 441 5
171 282 7
192 732 9
391 422 4
427 811 4
745 826 4
16 827 8
327 434 5
139 653 1
160 406 6
587 654 4
269 360 1
487 725 5
343 577 10
397 765 9
77 754 1
176 745 9
608 689 2
189 672 6
337 643 7
55 427 10
333 693 7
228 360 6
715 771 2
325 385 5
464 833 10
282 719 8
103 643 9
388 510 1
653 817 10
642 677 7
391 490 4
362 612 6
212 684 5
504 745 1
85 645 2
616 769 3
608 610 7
419 783 8
244 723 2
406 487 5
130 616 2
351 519 6
614 677 4
30 662 6
143 659 1
281 743 9
137 708 3
653 791 1
558 732 4
688 828 8
81 341 3
577 648 7
416 750 1
526 541 3
282 797 9
568 787 8
489 602 6
119 735 2
280 801 6
427 552 6
520 778 9
637 678 6
117 742 7
307 431 6
249 445 6
523 700 5
801 827 2
34 608 5
475 616 9
589 759 2
508 763 9
203 645 5
576 838 4
355 602 6
632 688 3
269 431 8
16 642 9
392 751 7
285 313 4
562 668 10
496 552 5
648 830 2
97 805 9
327 726 10
203 787 7
199 606 5
178 725 7
443 519 9
586 688 3
672 706 3
310 801 10
414 771 3
750 845 10
142 577 6
130 602 10
391 494 7
763 833 1
129 670 2
432 668 4
459 733 4
646 727 5
423 691 1
114 791 4
315 735 9
363 710 6
458 625 3
549 579 7
362 725 6
436 637 1
254 665 3
480 731 8
58 602 4
149 683 4
307 677 10
728 818 5
98 688 10
411 621 1
256 654 10
140 803 7
765 818 9
76 807 1
669 769 6
665 670 7
327 836 8
608 795 6
77 510 4
586 701 9
324 753 9
406 618 4
55 453 2
411 416 7
16 346 6
501 573 4
161 628 5
53 441 6
331 434 3
765 802 9
10 704 3
260 760 4
341 444 8
229 743 8
189 248 10
271 572 8
429 453 2
223 691 1
292 504 5
676 807 10
434 714 4
353 775 4
613 771 8
365 755 6
363 726 3
472 648 10
10 463 5
152 742 8
245 846 4
701 752 9
189 633 5
182 572 5
785 805 3
725 732 2
133 494 1
190 607 6
745 778 1
273 616 6
548 658 2
621 718 6
280 519 1
550 836 10
128 778 1
361 504 10
807 843 8
683 703 2
387 736 7
190 499 9
222 406 7
539 818 9
588 678 10
170 833 2
218 791 4
830 837 7
463 813 3
708 830 7
11 633 4
361 645 8
272 671 8
684 753 1
244 427 4
377 413 10
332 479 1
398 715 3
287 549 3
36 704 1
366 811 5
463 775 1
37 686 4
391 577 5
432 564 8
241 362 7
750 793 7
241 833 6
313 316 3
176 490 3
715 728 2
267 406 1
742 807 8
541 706 6
47 643 5
327 698 10
775 839 2
318 754 6
708 760 5
582 813 2
579 655 7
246 548 2
577 606 8
687 733 2
449 470 1
679 726 7
115 760 9
231 656 9
606 659 6
573 838 3
345 732 4
419 844 2
550 691 1
123 552 7
664 803 2
46 663 9
418 785 9
386 490 7
453 598 10
415 576 3
357 645 9
654 792 10
168 658 8
346 450 2
418 730 6
133 418 2
316 713 7
9 690 5
369 548 5
390 455 7
315 512 10
265 275 10
133 846 4
378 691 3
452 552 5
165 818 7
244 558 3
275 831 8
268 735 4
496 839 10
597 718 3
167 609 6
254 741 7
772 817 3
270 779 9
597 598 7
636 659 8
352 534 10
706 712 9
450 844 2
288 712 2
439 839 3
250 714 1
479 582 7
463 677 4
254 571 7
768 775 8
655 698 2
490 617 4
43 441 1
678 788 8
51 313 7
512 700 2
418 726 5
617 653 2
360 589 8
339 441 6
113 552 8
240 670 3
447 833 7
663 707 1
226 423 4
197 571 2
91 189 4
638 691 1
390 671 1
548 768 4
441 529 4
382 634 5
92 562 5
802 825 3
296 665 8
288 482 6
392 776 5
745 799 1
81 646 4
158 346 9
382 501 3
447 500 6
190 730 8
368 546 1
343 645 10
152 633 6
84 662 8
479 642 2
638 690 1
76 589 4
378 778 2
219 419 9
177 500 3
416 696 6
329 576 2
275 825 10
490 703 2
253 434 7
186 797 9
492 752 7
64 637 9
124 845 3
629 726 3
632 787 7
138 263 1
570 718 7
195 643 3
337 688 10
214 385 2
277 670 1
327 479 2
576 775 2
638 768 6
527 602 1
413 564 10
433 672 5
434 437 2
655 785 10
7 612 3
241 284 10
194 658 9
462 669 4
393 805 5
316 845 8
413 573 5
743 821 3
794 846 4
474 494 3
406 577 5
263 516 10
322 785 2
353 739 6
390 570 5
388 715 10
245 390 10
785 821 8
398 452 1
254 385 7
339 791 7
501 699 6
720 838 7
430 796 5
575 828 3
713 765 8
504 790 9
404 548 2
214 316 4
22 656 2
13 714 1
68 803 2
499 546 1
376 846 2
409 708 6
282 544 7
643 825 9
269 549 10
327 647 10
212 544 6
21 839 10
718 808 2
124 406 1
285 689 7
261 699 9
210 742 6
495 731 2
398 544 4
501 664 5
55 708 10
354 473 9
104 799 1
377 815 7
173 843 10
755 797 7
1 351 4
388 701 4
501 689 9
520 549 3
611 719 4
78 796 8
312 473 10
441 722 5
433 802 8
215 482 9
32 664 8
491 607 4
530 703 9
327 341 7
181 797 7
610 769 7
766 823 2
492 625 4
577 759 6
142 813 4
17 803 1
156 610 5
216 653 4
455 528 7
551 737 8
288 631 3
544 553 3
98 450 10
