212 1000
457 22
848 11
369 32
46 37
67 25
984 19
140 27
740 34
786 26
866 43
731 27
157 23
86 10
952 32
232 25
352 29
260 21
712 47
13 40
215 39
637 13
279 14
323 22
383 34
409 18
292 24
699 16
930 14
554 8
944 17
764 49
533 37
320 33
836 18
94 31
995 18
398 41
482 24
198 10
2 8
934 24
716 44
706 7
137 41
928 18
486 38
76 32
411 45
722 12
968 36
17 1
689 8
632 19
898 50
561 2
915 3
55 15
987 44
551 18
386 5
866 36
213 49
760 6
529 20
819 8
395 22
13 6
107 47
786 32
17 46
149 17
179 7
554 39
399 45
814 30
192 31
646 50
458 39
661 32
823 24
717 1
88 29
95 30
27 26
134 35
226 49
1 29
701 33
74 40
842 36
244 45
253 37
441 27
962 11
925 4
279 10
665 20
875 14
322 41
199 25
851 48
139 17
476 3
142 3
648 49
798 34
57 2
569 11
849 18
946 29
948 18
717 24
324 29
704 47
450 13
459 9
548 3
887 28
309 13
74 10
699 20
525 36
248 36
415 19
286 26
834 41
365 13
909 27
916 39
229 9
933 26
984 43
436 42
467 21
210 34
960 13
782 20
996 24
152 38
623 10
774 50
375 24
808 4
283 20
793 32
227 42
114 47
300 13
917 14
565 3
618 11
996 27
188 1
706 13
89 20
997 22
264 12
779 28
134 30
495 4
993 44
298 7
845 3
835 47
735 17
931 40
875 21
864 35
951 15
235 26
404 6
216 44
725 48
704 42
166 31
77 10
455 27
866 49
757 22
746 25
615 4
210 25
858 20
677 6
961 1
991 47
394 49
236 18
512 27
402 41
227 10
949 4
310 38
553 43
621 37
710 44
533 34
498 30
465 27
132 47
533 46
547 32
805 2
683 50
844 4
774 23
221 6
169 2
575 26
794 5
828 24
715 9
1 58 1
58 68 6
59 68 8
1 43 3
58 200 3
130 200 4
58 67 7
5 68 9
67 100 3
26 100 10
43 167 4
3 58 2
123 167 10
1 91 5
68 80 4
43 195 9
167 178 5
84 91 4
91 190 8
150 195 3
7 43 2
43 162 2
14 200 3
43 129 10
58 98 4
147 178 2
74 178 6
111 167 9
152 162 10
190 196 5
166 196 4
22 68 10
169 178 8
103 190 1
196 197 4
174 190 8
25 98 4
1 123 3
100 129 9
80 202 3
150 202 8
123 174 5
62 80 2
123 192 4
5 167 5
170 192 9
178 211 9
100 211 7
190 211 3
68 72 5
191 196 4
72 80 4
67 174 3
66 202 9
64 200 10
162 207 7
138 200 10
91 189 6
156 197 4
58 62 8
61 167 2
80 112 9
32 211 4
27 72 3
57 72 7
25 211 6
58 80 4
195 211 4
56 62 6
121 162 3
100 194 5
4 200 8
39 100 5
34 192 9
66 112 1
60 197 5
202 207 3
91 195 5
123 130 2
67 156 2
45 162 6
74 174 1
86 189 8
19 207 3
44 167 3
176 207 7
45 202 2
48 156 6
39 162 5
80 165 10
140 202 3
4 167 4
170 195 2
37 123 7
150 194 1
50 194 2
68 164 5
58 93 5
158 207 5
132 192 4
51 156 10
93 197 3
19 112 6
58 73 3
128 164 1
80 212 7
40 73 6
65 211 9
100 150 9
39 93 3
130 172 7
190 198 4
125 195 2
43 60 4
20 167 1
100 202 8
24 67 2
41 190 6
94 200 10
152 165 5
67 195 7
85 165 1
17 98 3
43 97 5
80 178 9
43 164 1
93 126 2
125 194 4
3 93 8
21 196 5
123 202 1
167 212 4
58 208 6
93 164 7
136 198 10
19 196 5
145 212 8
91 100 9
37 195 4
85 202 10
35 197 1
21 68 6
126 207 2
135 200 4
58 189 3
15 208 9
30 91 9
15 178 5
122 190 1
123 183 3
202 212 3
68 190 3
88 100 7
13 189 4
59 183 3
83 198 3
4 178 3
174 188 7
62 158 10
68 171 4
72 133 6
126 139 10
8 183 2
92 202 2
133 191 7
161 198 7
150 164 3
15 172 5
113 123 5
40 158 1
60 130 8
69 73 6
31 62 4
1 175 2
58 129 10
23 183 7
124 183 4
62 79 9
91 208 6
128 167 6
174 175 6
153 183 2
112 178 3
54 62 5
72 189 2
74 133 5
58 147 4
26 80 6
178 191 7
111 208 7
177 212 10
133 186 9
116 196 3
123 128 1
87 190 8
79 128 4
156 206 9
12 188 3
68 193 8
128 129 7
58 76 2
62 76 3
69 195 9
129 167 7
81 128 9
124 212 4
188 192 10
68 148 6
129 171 4
156 169 3
44 178 4
52 174 2
19 183 4
1 3 10
114 148 5
89 165 8
62 140 1
45 147 2
29 167 8
142 158 4
127 158 1
7 129 10
167 208 8
72 206 5
91 107 8
91 178 4
140 179 6
63 206 7
29 150 10
1 93 2
93 102 4
36 167 6
130 151 2
126 179 7
99 156 8
3 30 6
24 107 3
73 98 7
8 196 5
174 200 4
8 107 4
89 208 9
73 79 6
43 107 4
11 179 2
76 203 10
65 112 7
68 152 7
11 175 1
163 197 8
113 194 2
138 178 3
147 197 7
46 189 5
147 154 8
93 178 5
72 147 1
76 130 7
43 62 3
85 193 1
13 130 8
140 192 5
164 205 8
117 191 2
75 93 6
93 212 5
44 97 4
11 193 4
47 133 7
179 197 7
175 194 9
43 189 4
7 72 1
63 174 5
55 194 4
5 129 4
1 198 10
82 205 4
172 208 1
102 195 1
13 188 8
133 172 2
67 198 6
12 189 8
134 208 4
71 189 5
42 192 2
9 212 8
153 167 1
195 206 7
129 164 2
143 202 4
178 194 6
83 112 2
153 191 10
147 188 3
8 164 7
65 128 4
2 198 1
53 60 2
65 97 10
73 158 5
169 192 1
60 187 6
11 67 6
171 198 6
110 151 10
107 206 6
98 129 8
49 196 8
100 189 2
82 129 9
126 191 8
88 148 3
156 158 4
164 191 9
1 196 7
137 172 6
201 202 9
58 195 4
175 197 6
141 212 9
89 133 1
46 107 5
16 164 6
31 174 7
1 63 5
44 190 3
115 195 4
171 190 1
80 139 6
182 206 7
57 67 7
117 129 1
139 192 1
62 205 1
29 186 7
187 206 9
97 175 9
150 192 6
80 176 9
171 183 2
140 158 1
14 147 5
118 192 1
19 30 6
93 142 8
147 173 9
64 139 8
82 148 8
95 164 4
47 206 10
49 192 6
152 158 3
164 172 1
60 175 4
144 186 8
136 151 2
98 123 10
3 171 9
171 209 9
93 200 5
156 202 2
64 194 2
129 174 8
152 174 1
7 142 6
20 179 9
108 139 5
12 212 4
123 158 8
73 161 5
149 198 3
128 169 6
144 203 5
122 140 6
80 151 9
151 186 7
112 174 7
71 107 7
74 205 10
62 161 2
36 200 2
71 203 7
120 208 4
186 200 1
140 173 5
61 208 7
41 130 9
114 173 8
208 211 10
179 183 2
76 187 2
118 128 7
1 188 2
142 184 4
49 167 2
165 188 7
156 191 8
105 156 9
15 167 1
107 204 7
63 207 6
174 181 5
46 97 2
93 188 5
46 79 8
133 134 6
163 187 8
79 100 8
91 181 10
164 193 6
144 167 6
72 174 4
156 159 10
132 208 1
67 197 5
73 99 1
28 202 3
73 203 9
121 167 1
165 196 7
125 181 9
30 50 9
91 176 4
1 149 9
112 133 1
79 186 4
20 107 2
63 128 1
178 212 4
77 175 9
3 133 2
111 142 9
24 175 9
57 156 5
26 187 10
114 152 5
153 194 6
183 195 3
116 187 5
23 152 10
17 183 9
158 193 2
60 148 7
98 138 1
152 183 9
160 175 10
5 206 7
35 208 1
61 195 5
72 94 5
167 200 8
20 178 4
92 152 10
63 153 8
49 134 1
162 192 2
17 209 2
187 194 2
66 196 6
33 94 4
174 202 4
32 139 8
52 187 6
3 129 9
123 138 7
19 169 5
182 184 6
130 197 1
146 181 5
26 129 1
11 195 6
17 169 6
132 202 3
3 112 3
6 153 5
142 188 10
122 138 1
50 72 9
122 204 1
73 100 10
142 168 9
5 147 1
153 154 1
73 152 10
67 97 5
39 79 4
79 179 1
81 188 7
82 192 10
130 205 3
51 134 8
73 205 2
79 161 8
31 202 7
97 200 6
60 166 7
22 191 8
99 112 10
64 68 3
124 205 9
80 120 5
153 193 4
110 197 8
91 130 1
30 62 4
9 72 3
109 204 4
55 184 6
46 158 2
173 179 7
64 72 6
49 202 10
179 211 3
154 165 5
16 207 10
111 193 10
85 130 3
193 208 7
142 195 6
94 126 6
20 67 6
37 97 3
110 211 5
32 161 9
186 202 3
86 149 10
15 60 6
108 205 4
100 120 6
80 162 1
167 169 2
94 162 4
119 164 4
173 200 8
93 110 5
95 195 4
139 165 3
65 142 1
102 130 2
5 203 6
32 212 10
44 120 10
128 161 10
1 98 4
151 180 6
188 205 8
126 138 2
153 155 4
136 164 8
55 134 5
99 107 2
77 184 7
58 174 3
208 209 5
129 149 5
115 129 10
43 202 10
80 95 8
142 172 1
3 107 8
7 183 6
139 203 5
79 145 3
51 203 2
60 64 10
50 165 2
84 138 2
49 180 8
58 182 8
166 172 1
46 208 3
154 166 8
47 182 10
30 209 6
42 129 1
86 182 7
72 123 10
73 95 7
121 200 2
1 192 9
144 175 4
40 62 4
30 122 7
144 147 3
21 129 9
147 205 5
156 181 7
1 194 8
129 142 2
15 73 3
159 168 3
88 150 2
95 205 1
102 131 9
183 211 4
150 210 6
144 206 9
78 166 2
41 50 8
182 188 6
45 99 6
63 188 6
32 99 5
63 156 5
190 199 1
63 66 4
91 142 7
131 187 1
63 193 10
58 78 1
183 206 8
89 128 1
140 185 1
163 198 3
153 212 9
66 95 8
165 184 6
78 200 6
11 133 4
83 207 5
49 172 3
110 191 7
38 93 1
22 128 9
167 188 1
147 210 5
10 95 5
41 91 1
148 165 5
29 166 3
98 204 9
82 97 3
31 72 7
30 195 1
72 128 1
21 98 1
91 159 4
171 176 5
106 128 9
184 212 7
180 195 4
169 170 2
62 193 4
72 129 9
59 168 6
72 203 1
76 184 6
13 212 9
52 178 4
73 175 10
47 190 9
7 162 5
142 149 3
79 176 5
167 179 8
17 168 2
30 61 4
5 154 2
154 175 8
28 199 4
90 93 4
156 210 3
7 204 1
113 198 10
60 92 9
122 125 3
64 123 8
112 142 7
97 165 10
186 189 10
49 145 5
50 158 9
138 174 8
28 205 3
132 199 6
156 194 7
41 128 9
175 178 10
94 186 8
52 133 5
43 210 3
162 176 6
44 198 7
3 74 8
50 52 9
151 175 1
161 166 6
50 102 4
182 187 10
77 190 7
96 206 4
131 208 3
49 74 6
142 173 9
78 155 5
159 176 8
69 164 4
126 210 10
187 190 6
96 193 9
131 206 4
162 204 7
64 80 4
66 134 9
147 208 5
154 212 2
52 172 10
54 120 1
26 185 4
13 193 10
94 165 6
1 110 1
13 209 5
62 174 10
60 161 1
54 66 6
85 169 9
104 195 6
26 67 10
88 189 7
24 212 6
58 108 9
58 150 10
62 173 8
24 181 1
67 175 7
65 98 8
166 176 6
92 98 6
107 176 7
67 207 1
172 179 6
119 180 9
30 72 5
123 157 5
68 201 3
62 179 7
66 157 3
4 205 3
74 179 10
68 95 6
43 155 8
99 186 5
97 172 3
34 165 3
134 148 1
1 90 2
67 184 4
85 200 3
116 131 1
49 97 1
140 186 2
123 170 10
20 142 5
22 148 2
109 187 6
152 178 1
50 103 6
184 207 8
162 177 10
38 99 1
148 210 6
78 112 8
11 205 1
182 208 1
152 207 9
15 95 2
96 165 2
23 158 4
149 201 10
58 171 4
126 167 3
153 182 5
17 93 7
145 151 5
164 178 3
44 94 2
27 98 5
73 140 9
90 162 4
40 92 9
76 95 8
35 108 5
154 205 7
22 185 6
90 168 5
156 165 8
186 195 2
148 204 1
179 209 3
151 204 7
31 91 9
20 172 3
30 199 5
181 202 3
129 196 9
85 210 4
13 147 8
156 201 9
136 200 10
44 91 5
30 186 2
19 204 5
94 107 3
46 58 8
130 145 10
55 196 7
128 195 4
80 116 9
167 210 1
55 97 3
62 147 6
144 180 6
155 205 8
28 95 10
65 158 3
102 132 4
78 130 10
8 43 10
67 80 10
143 168 2
132 188 8
39 190 2
43 44 3
58 137 6
82 159 7
111 184 1
40 139 10
26 211 9
66 138 5
36 138 7
102 201 5
54 197 10
62 142 3
79 134 8
158 204 8
69 90 5
158 191 1
129 183 8
103 197 7
43 179 1
81 168 4
122 205 1
131 193 9
69 161 7
6 205 8
52 176 10
47 187 6
29 168 6
119 138 2
29 156 4
56 168 3
138 163 10
17 204 6
159 184 7
13 162 10
163 195 6
19 91 1
131 192 10
92 136 7
123 140 10
90 195 4
34 178 3
170 182 1
64 183 7
12 102 8
73 123 1
73 165 4
78 196 8
52 167 8
163 189 6
120 149 6
134 209 8
8 181 9
138 177 5
41 58 3
105 112 1
162 188 5
102 172 5
16 175 5
66 154 7
108 177 8
138 179 5
90 190 2
178 200 8
155 183 7
140 175 3
62 113 7
102 129 2
78 120 6
41 163 10
43 100 2
40 210 8
146 204 7
102 188 6
94 147 2
58 148 5
188 190 3
1 74 10
159 163 10
172 200 2
120 187 5
2 157 10
157 212 9
130 201 9
162 198 5
19 177 8
128 186 7
39 197 8
29 178 7
128 209 10
158 194 9
10 190 9
30 162 8
60 73 7
60 135 5
60 66 2
99 149 8
18 140 8
44 92 1
17 110 7
15 197 2
76 178 3
129 173 2
71 103 8
159 161 4
3 177 4
51 175 5
72 93 9
71 211 7
46 90 9
7 158 9
72 193 2
161 192 5
54 166 6
159 212 5
145 149 2
138 153 3
87 185 5
200 207 6
62 197 9
62 209 7
172 184 7
76 191 6
178 199 8
13 112 10
53 167 4
103 172 4
58 127 4
140 201 10
67 103 7
44 93 2
26 130 2
46 166 1
152 184 5
160 209 7
142 167 7
94 196 1
52 112 8
43 93 5
174 192 8
16 148 9
64 138 10
110 126 8
62 102 7
49 131 1
45 186 6
3 178 10
125 143 1
68 150 9
127 159 4
29 212 10
118 182 6
100 209 8
153 173 4
95 179 9
98 206 4
29 44 9
72 73 8
194 203 10
94 134 6
145 162 6
37 148 5
136 174 8
67 107 2
11 210 5
25 63 7
92 97 1
76 176 8
102 199 4
22 76 5
30 151 5
134 195 10
29 100 1
146 182 5
78 154 8
70 177 8
137 200 9
