759 1000
14 3
3 1
12 5
76 8
78 23
83 11
28 11
86 10
89 30
63 31
66 19
1 1
92 34
27 13
12 5
94 21
97 32
24 2
98 3
36 14
28 3
84 18
73 4
44 14
75 17
41 1
43 4
42 18
85 26
61 15
98 5
73 1
23 7
49 2
97 44
50 16
66 32
56 20
30 11
90 44
87 39
87 29
65 24
1 1
45 6
30 15
55 9
64 12
94 4
70 5
63 11
76 30
64 10
37 11
45 17
21 10
72 21
22 3
64 13
14 5
99 41
75 25
88 44
86 39
10 4
45 5
34 17
41 20
56 22
30 4
81 34
84 20
84 13
30 15
87 39
68 8
11 1
85 20
26 13
8 1
32 11
25 7
92 33
41 11
75 23
29 8
36 5
69 10
45 14
97 39
24 10
47 17
34 15
14 4
57 5
47 1
97 27
56 18
1 1
36 14
33 10
2 1
8 1
14 1
9 4
68 10
48 4
20 4
79 23
96 32
87 5
7 3
35 17
66 18
18 2
16 5
77 1
68 11
14 7
81 36
90 41
18 8
25 4
37 4
34 2
72 12
11 5
13 3
29 12
55 10
62 24
31 9
37 10
65 18
41 14
37 16
78 14
73 6
60 29
9 2
15 6
75 9
81 37
83 3
51 22
43 16
36 12
22 3
38 13
36 6
42 13
50 20
37 6
21 8
93 6
83 35
28 1
54 10
9 2
20 3
50 14
29 9
100 24
68 1
23 3
25 11
20 8
80 33
75 24
71 31
65 15
48 15
94 5
66 20
17 3
56 4
79 38
31 7
86 32
83 5
2 1
38 17
42 4
79 31
7 3
44 4
34 5
17 6
18 8
95 22
33 13
32 14
32 3
47 4
7 3
84 37
87 26
32 3
96 5
1 1
56 3
90 25
2 1
45 13
42 1
79 6
84 9
78 27
65 26
13 1
90 42
84 21
20 7
51 24
43 16
76 34
9 4
63 26
45 1
38 4
32 11
11 5
33 7
30 11
32 5
55 26
28 14
68 8
96 21
93 1
73 21
48 16
69 20
47 18
62 16
16 8
46 13
45 6
33 13
81 30
39 3
38 8
37 3
60 26
27 1
36 14
30 6
97 3
33 12
93 40
80 19
84 33
65 20
7 1
29 4
17 7
77 12
81 9
37 7
36 14
21 5
88 43
49 16
3 1
100 21
59 3
29 5
29 12
72 29
1 1
12 5
73 19
89 21
28 5
80 38
10 4
68 14
21 7
84 10
20 8
94 18
16 6
52 24
3 1
90 44
19 6
77 19
40 1
1 1
7 2
42 15
51 19
6 2
28 11
77 16
49 13
81 28
10 1
72 9
89 11
90 38
65 5
9 1
3 1
22 10
1 1
66 15
28 7
86 9
27 7
88 34
75 13
70 28
74 9
100 13
100 12
73 8
99 20
72 25
85 9
3 1
59 4
30 2
8 4
10 1
59 1
19 4
46 1
6 1
94 14
48 3
53 25
24 12
6 1
54 18
62 8
47 17
68 30
93 27
32 7
86 16
23 5
98 17
9 3
99 39
64 4
31 3
14 3
100 4
5 2
75 14
52 3
9 2
46 8
95 29
70 27
49 6
34 12
68 21
64 9
60 7
95 21
21 3
14 5
8 2
47 6
10 5
23 9
50 5
38 5
21 1
80 26
40 13
68 25
39 18
37 18
20 2
42 18
35 12
87 21
25 5
31 13
81 27
43 14
65 26
92 1
92 26
53 13
63 9
2 1
81 31
67 29
18 9
51 2
70 35
2 1
83 2
90 5
5 1
12 6
63 15
28 12
50 14
45 22
8 4
46 1
58 22
30 6
23 6
67 11
80 32
72 23
8 2
56 20
51 16
17 6
79 39
27 4
88 8
31 12
60 27
18 3
33 10
15 2
92 1
13 1
28 9
11 3
70 6
7 2
57 14
85 37
34 6
2 1
51 12
78 5
42 3
55 18
28 10
72 17
3 1
89 13
10 4
68 29
65 14
6 3
50 5
82 24
76 11
16 5
38 12
10 1
20 3
69 16
64 5
49 17
8 3
32 1
48 11
58 5
44 2
3 1
39 14
26 5
83 29
7 2
52 25
55 24
95 34
83 30
28 11
63 27
22 3
14 1
86 25
21 3
76 16
18 8
65 23
10 4
18 2
66 22
63 25
22 10
68 16
73 3
21 8
39 5
99 39
95 29
29 4
63 30
47 21
82 32
49 5
25 2
65 7
91 32
65 28
37 17
69 27
8 1
22 9
35 15
51 24
20 10
39 5
43 19
59 19
11 4
17 8
63 5
99 14
63 28
100 11
87 23
37 9
29 2
22 4
26 5
95 44
95 13
32 6
68 32
60 9
11 3
91 29
44 6
84 25
13 4
10 5
76 9
86 2
62 30
11 4
74 32
12 5
2 1
1 1
94 37
69 29
59 1
94 43
4 1
40 7
43 21
16 2
69 24
57 24
7 2
26 6
36 8
36 13
28 8
2 1
85 23
23 7
94 2
68 24
35 9
36 3
98 36
76 8
10 4
87 27
80 25
68 25
58 26
35 15
97 40
38 16
98 18
60 8
32 14
71 27
92 43
10 3
87 35
66 24
12 3
11 5
61 15
46 5
67 2
77 13
89 21
44 13
63 8
91 20
89 31
94 25
24 7
90 35
44 20
50 18
94 17
94 23
64 13
85 15
64 10
100 28
90 11
25 6
51 2
77 34
82 37
30 12
17 4
93 40
31 9
63 12
54 9
59 18
58 6
13 3
12 2
23 10
8 4
77 26
17 5
31 14
52 6
86 32
85 35
30 7
37 14
6 3
96 13
71 26
56 18
50 19
57 17
66 1
40 18
7 3
16 2
46 14
54 21
50 2
40 19
91 39
25 5
9 3
44 20
17 4
74 29
60 14
98 45
82 25
50 19
74 34
54 21
25 11
30 2
1 1
27 13
28 14
54 20
88 27
74 18
87 42
67 11
75 8
87 9
47 12
42 8
8 1
60 3
61 27
16 7
98 43
95 32
68 31
19 4
23 9
2 1
95 3
10 5
7 2
34 5
15 4
65 20
11 3
79 8
8 1
49 3
33 2
87 5
81 10
26 12
63 12
53 9
18 3
59 7
97 1
12 1
52 25
70 1
96 9
83 12
91 19
31 1
41 7
68 23
43 4
10 4
90 10
39 11
78 31
7 3
84 34
56 21
3 1
90 32
46 2
75 23
4 2
29 9
31 7
69 29
70 24
92 15
59 7
19 6
25 2
84 24
63 14
35 6
32 12
22 1
87 33
74 16
100 11
59 3
19 3
4 1
98 14
77 36
23 1
70 19
71 21
90 45
81 24
46 21
11 1
6 1
13 1
69 9
45 1
19 2
46 2
33 15
100 26
34 12
66 16
12 1
8 3
52 11
16 3
1 67 3
1 401 1
67 283 7
67 495 4
1 332 2
401 514 9
1 547 6
283 303 6
547 719 1
87 514 7
102 401 9
67 93 3
209 283 8
1 130 4
43 332 8
67 531 2
283 452 5
514 661 1
524 547 9
139 495 4
257 401 8
595 661 1
332 382 1
621 719 5
332 751 6
130 482 7
382 662 1
67 605 4
531 716 10
345 531 7
401 576 2
37 662 1
337 382 4
496 605 5
440 719 7
167 283 2
716 722 1
332 440 5
405 531 6
514 643 9
382 550 3
653 661 10
322 550 1
153 514 6
67 257 7
382 722 8
166 605 5
172 401 10
349 605 4
67 505 5
452 543 8
133 531 3
130 436 3
461 547 2
389 605 4
60 505 4
431 531 3
78 576 5
547 616 9
605 620 4
495 523 10
1 628 7
555 576 7
523 591 3
505 510 8
476 495 9
734 751 7
531 611 5
557 661 6
160 616 10
259 382 7
341 510 1
49 382 2
401 577 5
327 719 7
65 751 1
284 531 9
115 577 8
164 661 6
440 531 2
332 357 8
283 564 2
130 197 7
246 611 8
633 716 7
257 369 1
382 737 4
67 689 7
611 667 4
558 662 1
495 632 6
123 719 3
385 543 10
458 510 9
452 620 4
505 686 7
67 226 5
332 452 3
531 593 10
1 348 10
297 543 7
281 620 10
172 357 2
564 722 5
401 561 6
5 369 7
106 737 7
436 487 3
1 491 10
172 716 2
93 755 5
125 643 10
444 482 6
76 93 9
226 646 5
547 577 4
23 369 6
235 348 1
58 491 3
104 550 10
491 755 6
101 616 9
130 266 6
256 495 7
646 758 8
352 737 2
48 543 9
269 452 9
227 369 3
102 686 6
226 622 5
197 461 1
189 401 1
136 266 8
67 487 5
243 616 7
643 672 9
50 491 3
221 662 2
231 266 4
602 643 1
386 487 6
388 686 1
237 348 4
686 715 10
197 257 5
383 643 5
303 751 1
130 135 9
436 616 8
154 755 7
59 662 2
373 719 8
238 661 9
420 716 7
401 407 9
700 715 10
411 523 6
167 197 6
343 605 10
103 561 9
90 303 7
67 296 9
160 672 7
614 622 8
436 689 10
461 532 3
30 547 10
452 643 1
60 755 1
24 632 2
262 632 9
407 671 7
672 722 1
191 523 9
122 357 10
233 616 1
382 706 3
42 672 1
367 686 2
282 616 7
452 646 8
51 686 10
197 510 6
537 547 10
638 758 8
69 197 2
67 237 10
670 715 2
483 722 8
391 401 8
471 646 9
531 670 5
206 622 3
343 407 5
73 303 4
66 452 2
266 518 4
485 523 9
494 715 8
11 550 5
163 622 5
43 611 1
81 620 1
464 722 9
541 671 6
257 471 9
616 643 7
34 662 7
76 348 2
85 348 3
438 643 10
17 440 4
303 540 9
178 401 10
135 178 7
154 505 2
178 353 7
43 706 2
93 195 9
400 670 5
552 715 8
1 647 2
358 505 4
106 382 1
284 482 1
54 518 9
99 543 5
308 407 2
267 518 1
181 632 10
142 672 8
178 374 1
251 643 1
75 482 1
237 314 4
257 485 7
275 662 3
271 758 7
395 622 6
309 348 8
71 440 3
369 472 6
149 751 2
126 751 10
237 642 3
322 611 3
579 593 6
135 619 7
264 758 6
387 550 6
590 591 1
77 357 9
226 671 1
455 514 5
500 737 6
485 623 2
569 632 8
365 440 6
130 530 6
240 543 4
33 195 8
423 661 1
149 577 2
106 755 2
174 671 10
646 742 4
135 358 5
195 728 2
178 757 8
323 728 8
332 576 8
487 651 9
130 550 1
370 505 5
474 643 2
405 757 1
471 726 7
461 473 8
272 440 9
113 591 6
369 653 8
293 757 6
437 543 4
283 296 9
413 605 9
28 737 8
321 715 2
226 247 4
92 487 2
303 518 9
485 758 3
432 628 6
461 500 6
96 510 1
416 482 6
530 689 6
237 434 3
440 568 2
455 628 2
442 577 6
229 482 6
345 647 7
433 755 7
78 495 9
113 226 6
561 698 6
195 263 6
104 237 4
436 605 8
251 434 9
84 407 2
123 263 6
211 532 6
263 496 6
680 706 8
514 665 6
458 482 3
1 402 5
15 471 6
501 540 2
524 686 2
116 568 2
276 667 7
129 722 9
522 593 3
395 643 1
348 629 5
622 747 7
439 716 5
303 655 1
328 402 3
296 500 4
476 642 10
21 263 10
471 678 9
263 494 5
628 728 8
304 653 9
257 609 1
518 718 8
93 701 9
543 747 8
436 509 3
671 742 10
237 281 3
67 425 4
248 568 3
432 485 5
289 491 8
630 651 1
286 651 9
478 747 3
158 755 8
197 531 3
522 591 2
112 653 4
357 491 9
693 742 6
296 322 1
308 726 2
463 491 8
504 550 5
535 667 4
303 374 10
342 686 6
407 628 3
330 461 4
723 737 7
309 369 9
239 471 9
286 452 8
407 651 6
97 436 7
399 751 10
135 756 8
505 608 9
504 518 8
577 673 3
303 673 7
399 608 8
272 281 4
135 352 1
252 471 4
130 417 4
257 402 2
111 505 6
1 397 4
472 605 2
1 557 8
268 514 5
601 726 4
99 500 1
307 561 10
310 737 5
245 402 7
222 518 2
205 706 3
93 443 2
226 654 3
27 564 7
92 374 2
128 747 4
1 482 9
416 540 7
665 681 9
463 655 4
345 510 6
283 747 7
564 757 3
628 637 2
466 620 8
226 546 3
706 751 6
237 662 8
577 615 2
380 651 8
514 735 9
485 719 7
489 681 3
19 557 4
195 568 10
93 209 2
211 576 5
543 702 6
425 569 1
93 280 9
215 758 3
584 722 9
622 663 7
520 726 10
267 434 5
93 438 9
718 754 6
514 529 7
202 722 4
9 352 5
16 577 1
36 671 9
72 716 4
135 354 4
135 172 10
269 737 2
146 303 7
485 640 3
461 597 1
434 525 6
633 637 2
242 402 3
193 722 7
342 701 5
686 710 5
154 353 9
530 619 7
226 324 6
296 379 10
82 564 4
329 706 8
1 276 10
185 266 8
598 673 4
535 568 5
397 602 6
393 670 1
209 400 5
332 642 1
79 597 6
477 663 6
67 697 8
561 729 4
576 698 5
216 546 9
558 576 6
199 747 8
257 698 7
164 754 2
471 672 10
597 685 5
272 608 8
532 648 6
634 671 10
266 755 3
98 505 1
662 741 8
407 464 4
529 618 6
330 747 10
129 643 5
629 689 6
242 719 8
518 554 7
157 620 5
246 523 5
107 662 3
250 609 8
573 615 8
316 494 4
292 686 6
34 93 6
286 543 1
17 472 4
263 525 2
111 443 4
492 648 5
165 436 3
46 438 9
197 231 10
257 737 10
88 314 9
335 523 1
296 566 1
86 605 5
296 593 3
363 670 4
354 616 4
568 587 5
323 576 1
661 717 9
70 661 10
9 482 9
678 735 10
93 257 10
145 717 1
14 643 3
175 665 6
238 407 9
482 728 5
597 686 3
431 543 7
216 667 6
397 695 1
324 560 2
66 620 10
247 271 2
199 554 1
210 611 10
461 644 3
466 543 3
405 587 1
616 759 1
237 639 10
710 736 3
197 608 7
458 654 1
263 332 8
41 695 7
123 755 8
129 487 1
178 527 8
395 491 4
369 482 8
120 496 9
379 479 3
173 554 4
227 646 4
609 662 2
263 594 3
401 715 7
649 710 4
717 726 2
303 564 3
280 337 8
397 473 8
337 443 1
665 680 6
164 644 2
680 742 4
149 605 9
352 603 6
178 388 9
478 642 9
353 736 8
131 479 7
638 718 4
234 276 8
369 585 9
543 586 6
175 303 5
178 210 2
560 561 10
43 586 10
324 597 10
176 237 5
450 661 2
87 603 2
23 443 6
649 678 1
565 665 8
143 680 10
699 737 1
689 700 2
108 680 9
665 715 7
219 314 8
9 695 1
436 467 4
2 662 6
352 398 4
353 626 2
486 700 6
321 452 1
506 737 8
206 560 9
500 608 7
577 670 3
573 623 7
292 629 5
73 523 1
308 554 1
144 357 5
446 529 2
525 654 3
281 479 8
143 382 1
28 494 10
622 662 4
251 632 10
374 603 4
608 738 9
353 498 7
545 615 7
546 567 6
527 659 5
266 347 8
22 546 6
349 576 10
260 354 2
283 552 1
404 425 5
105 759 9
569 759 3
56 473 9
67 286 8
21 438 1
271 423 8
286 757 3
371 398 6
122 751 5
543 637 10
629 710 9
359 566 6
363 561 5
46 135 8
652 672 6
164 620 8
529 538 10
23 434 6
68 276 1
66 661 8
375 747 5
215 585 6
22 665 3
689 720 6
337 599 3
24 661 3
320 599 5
464 712 1
223 564 4
654 695 10
565 586 8
121 609 8
244 728 6
156 756 9
195 196 4
602 712 9
112 296 9
642 743 3
135 666 8
690 718 6
401 559 6
532 602 5
525 681 2
130 549 7
231 308 3
109 689 4
281 500 6
41 525 9
263 368 6
376 685 1
412 557 8
407 622 1
266 355 5
193 337 6
433 622 9
211 382 2
644 717 10
127 738 2
209 273 4
42 237 3
274 531 4
235 560 5
611 680 6
273 560 10
314 357 10
496 659 2
276 582 4
172 352 5
190 495 3
178 368 9
245 314 5
127 593 10
381 543 4
552 665 10
286 462 9
355 587 10
75 247 5
156 388 7
121 678 7
7 523 1
471 487 6
3 738 3
148 742 3
486 644 6
236 527 3
398 489 6
327 689 8
196 245 7
494 656 5
402 527 8
398 613 2
79 247 2
609 748 3
94 662 2
191 266 7
364 651 9
218 662 9
291 425 8
560 562 10
260 726 1
552 718 6
438 617 3
543 709 1
354 735 1
186 495 5
337 751 4
436 471 10
235 398 6
172 653 8
374 441 5
509 719 4
439 518 5
482 623 10
178 309 7
547 697 4
110 747 7
1 573 9
464 609 1
1 201 6
557 712 5
554 645 4
198 402 4
173 757 6
16 736 5
438 742 9
257 583 3
494 700 3
215 742 4
357 623 4
4 587 6
297 667 3
15 662 9
90 231 4
60 651 2
590 755 8
475 485 8
185 201 3
444 656 10
369 407 6
229 472 10
1 407 3
115 646 7
593 728 7
537 643 10
370 509 5
440 724 2
431 557 9
234 355 2
490 577 7
118 619 5
205 569 9
80 672 3
81 593 9
80 369 3
353 669 8
42 552 5
192 209 3
334 593 2
280 288 8
314 575 3
135 270 6
201 332 3
524 747 1
147 550 3
112 662 7
333 489 10
68 710 8
629 727 8
620 661 4
471 711 4
286 471 1
245 329 2
482 719 3
135 334 7
675 757 6
400 470 9
112 500 7
405 585 4
18 751 6
1 420 3
407 615 2
165 594 3
695 702 10
567 686 8
120 717 6
484 663 10
140 420 1
545 576 5
425 661 8
420 581 10
400 735 8
374 747 2
353 443 5
382 574 7
314 632 6
130 154 10
355 632 2
67 219 7
201 297 7
470 659 4
443 741 9
197 705 6
139 462 8
250 576 10
244 288 9
559 716 9
245 417 9
570 717 2
35 681 7
298 569 1
43 735 1
270 441 2
389 632 4
287 623 7
564 605 3
130 376 4
436 494 4
64 751 3
495 737 2
70 702 8
19 569 1
368 513 8
368 401 3
201 221 2
47 628 2
140 728 3
401 549 1
587 682 10
241 613 9
31 653 8
279 680 7
66 467 3
366 672 10
314 504 1
561 719 5
100 357 4
486 640 5
197 219 1
262 525 6
161 489 2
30 759 3
368 699 5
402 689 2
245 669 8
384 527 8
579 639 7
169 407 4
542 628 10
119 718 9
296 528 5
355 673 1
602 680 10
473 675 3
163 583 10
518 620 9
300 737 7
547 644 1
315 494 10
48 564 2
245 475 7
70 628 7
259 266 8
347 373 7
50 651 8
430 670 9
237 674 3
580 759 6
281 389 10
488 736 8
335 531 2
30 510 8
181 613 1
439 710 1
473 488 4
563 637 5
204 505 9
368 680 3
324 541 6
14 661 10
210 680 10
686 687 8
199 530 2
353 470 7
251 334 5
659 721 1
559 607 9
222 452 1
424 513 5
369 603 2
64 709 9
333 547 5
629 648 2
178 608 10
235 700 2
291 593 5
510 521 2
601 619 7
248 738 9
388 682 10
159 538 10
552 653 2
416 655 3
327 672 9
251 347 5
41 594 5
528 670 4
178 250 6
127 717 1
301 599 1
506 620 5
429 538 1
324 435 5
270 731 1
594 603 7
591 683 2
15 461 4
488 569 2
394 543 6
194 747 2
361 758 3
296 515 9
339 665 3
580 710 9
311 667 8
423 538 6
237 746 7
430 609 9
689 743 3
236 755 2
357 679 10
663 758 7
225 623 4
23 639 1
322 530 7
326 651 1
352 585 5
554 714 4
549 558 4
431 567 8
90 461 5
57 314 9
489 686 8
172 651 1
281 587 2
574 742 8
132 329 6
321 587 5
352 461 6
602 629 7
470 557 9
59 452 7
67 548 1
429 717 10
337 643 2
268 619 1
12 554 7
193 628 6
627 751 4
94 755 1
573 619 10
400 660 7
209 660 5
175 369 5
207 489 6
437 665 2
102 602 9
543 630 5
429 665 3
270 643 10
297 525 8
152 266 9
