667 1000
24 6
392 27
711 6
657 32
198 18
163 27
543 43
660 37
726 10
549 35
328 16
778 39
7 38
853 49
933 48
259 38
408 45
916 45
423 19
796 32
447 35
415 36
166 21
533 12
951 7
442 8
478 23
643 4
144 42
468 24
676 29
728 8
698 2
50 50
737 23
437 14
117 38
493 46
106 31
494 24
459 42
830 48
169 16
655 45
137 33
396 23
282 40
766 40
270 21
743 8
692 25
366 23
214 21
444 41
825 33
228 12
32 30
76 48
707 48
981 8
936 22
75 41
543 44
29 8
715 12
537 25
193 34
578 15
538 7
53 21
328 16
489 30
139 30
634 12
302 46
365 25
725 38
416 7
226 35
640 42
115 47
154 37
161 17
426 19
552 9
532 13
672 39
371 35
523 44
265 33
44 37
219 33
872 29
916 32
410 50
357 18
608 1
328 12
687 48
728 20
852 48
63 13
783 37
223 46
852 19
727 24
940 9
768 26
104 48
993 47
891 15
631 10
105 38
581 42
26 26
128 28
62 24
555 16
825 5
379 42
398 7
972 13
918 18
130 24
946 1
631 12
454 18
595 14
804 2
712 50
703 6
887 45
910 26
44 5
775 36
986 38
549 5
738 43
249 42
726 32
767 34
715 11
801 24
331 9
946 40
747 32
618 35
541 18
237 13
469 41
843 38
757 2
519 31
364 5
603 36
139 28
907 48
23 35
163 34
694 46
976 48
739 2
777 39
662 3
784 11
712 25
869 24
842 13
671 45
46 12
855 19
476 27
498 35
760 50
345 23
967 21
926 43
105 9
812 32
527 22
536 26
55 38
702 34
492 38
842 43
382 5
407 10
420 4
703 47
968 50
420 43
595 47
23 16
799 35
867 20
675 19
81 11
402 24
33 11
443 14
187 23
531 13
452 22
511 9
760 48
146 40
252 34
62 15
329 50
294 39
864 2
337 8
873 31
156 16
969 12
660 45
552 37
598 12
262 16
719 23
161 17
463 39
825 20
487 30
951 27
13 13
11 1
481 38
669 39
471 17
284 10
205 14
765 20
418 37
231 21
388 25
447 44
350 16
497 44
545 29
238 11
996 26
344 27
527 20
403 44
370 14
238 28
493 23
743 4
509 36
231 8
347 39
2 26
751 19
192 11
538 30
138 11
553 17
458 28
438 30
776 5
1 34
895 9
813 25
112 44
222 37
382 38
243 16
720 20
632 44
834 8
90 29
816 7
353 30
935 38
321 49
573 42
682 17
806 33
992 14
153 18
503 31
425 18
524 8
879 43
688 12
996 22
837 32
663 12
595 18
598 46
879 40
785 50
504 27
150 4
643 25
828 26
744 8
500 23
71 35
506 45
94 3
394 47
709 9
568 30
715 9
753 28
684 5
926 45
496 37
283 16
695 49
904 14
406 36
797 40
504 36
899 23
713 26
179 2
994 2
265 27
658 17
529 2
118 40
705 8
241 34
447 41
14 25
797 41
762 8
66 25
581 21
507 6
441 48
94 13
423 38
357 5
154 15
478 37
211 25
576 11
502 37
738 43
442 7
112 33
541 42
762 50
506 27
446 49
764 9
840 31
478 33
552 4
261 36
191 2
198 30
916 28
469 41
966 12
239 39
31 9
410 10
661 24
807 14
55 47
541 35
440 43
974 28
618 17
274 30
418 37
989 43
264 6
650 10
495 19
905 13
352 49
205 8
270 49
740 7
824 33
776 18
338 39
519 31
32 31
877 40
793 17
249 44
653 10
689 12
565 41
68 32
199 39
873 29
145 24
15 14
969 30
542 42
429 37
15 6
350 45
303 38
445 33
96 26
62 4
521 50
423 10
755 19
616 47
373 19
783 43
537 16
387 43
265 50
597 40
923 32
819 43
841 10
4 5
970 29
331 29
798 18
613 34
533 50
355 21
959 36
838 32
629 1
925 7
182 25
99 12
932 49
674 39
69 16
668 27
227 22
94 33
525 49
121 24
343 46
301 5
42 16
588 26
884 50
965 42
878 1
979 36
388 38
733 6
197 15
532 20
480 33
425 43
322 44
437 19
31 23
41 5
317 5
385 3
331 13
197 27
494 20
637 3
937 23
206 6
564 12
780 47
361 9
395 32
337 12
780 41
794 46
525 14
310 38
671 46
635 28
17 16
140 13
996 44
193 1
575 12
62 14
182 5
131 22
138 3
412 27
538 16
681 20
657 47
377 24
204 21
850 13
178 21
23 15
713 17
821 25
761 35
878 48
987 29
595 34
593 28
472 37
891 28
501 2
546 9
967 35
558 20
984 35
424 20
583 34
222 47
821 7
74 12
511 44
227 34
183 29
99 3
607 15
837 45
342 29
870 31
60 7
7 19
572 43
40 38
364 20
813 44
914 41
560 48
1000 33
587 36
248 44
781 11
71 14
141 44
694 4
795 40
227 21
927 23
731 46
607 44
174 45
603 24
246 14
447 44
407 47
144 46
572 37
516 28
119 12
714 22
784 23
612 25
319 44
240 18
403 10
128 6
557 43
732 50
169 34
980 35
761 47
943 20
64 41
25 20
64 48
640 48
588 7
117 41
257 32
934 42
784 43
422 20
767 50
974 38
804 35
540 39
709 49
830 49
919 15
150 33
742 50
860 15
308 24
935 13
563 7
708 17
1000 25
49 17
474 40
510 25
76 32
240 15
463 23
818 16
537 37
194 25
784 7
278 8
561 12
938 22
541 37
496 28
588 35
198 38
182 22
726 18
523 28
381 40
893 7
619 11
940 35
183 24
904 6
841 16
175 41
162 44
339 35
870 35
660 12
548 35
755 34
997 46
901 4
676 28
187 44
134 47
987 15
196 7
853 21
869 8
258 25
500 2
831 32
181 12
576 11
584 1
198 33
245 33
41 48
297 50
53 29
71 47
320 31
504 23
523 26
259 18
435 41
401 42
675 20
205 27
98 14
100 18
650 44
562 13
993 32
587 41
363 25
658 28
976 10
65 8
941 20
438 22
956 41
994 39
650 26
355 49
1 308 10
111 308 7
308 446 3
12 308 3
446 494 7
1 152 9
219 446 5
151 494 9
446 600 10
44 446 8
152 345 8
152 290 4
152 548 10
290 664 2
85 446 1
345 382 6
152 237 8
76 494 8
61 446 5
277 290 3
580 600 5
494 617 3
637 664 3
532 600 10
244 664 2
145 237 3
290 587 10
257 617 9
8 617 7
514 548 6
434 446 1
262 446 3
351 446 9
394 548 7
12 382 10
308 584 9
34 600 6
34 290 3
308 631 10
200 446 2
152 428 5
345 388 2
584 640 5
436 494 8
397 587 10
382 582 9
221 617 7
3 388 6
1 55 5
415 600 4
293 388 2
376 617 7
180 617 8
63 152 3
65 587 3
90 600 6
1 26 7
640 654 6
439 494 6
26 358 6
466 600 9
119 388 8
355 582 4
152 387 9
404 631 3
625 640 8
237 478 3
81 654 8
51 358 4
295 587 2
358 573 3
478 662 1
128 237 10
148 358 8
344 664 4
219 388 1
413 617 1
382 653 7
74 573 2
592 640 9
237 332 9
11 587 8
237 565 7
26 76 2
290 475 1
322 565 1
188 358 1
500 584 9
567 662 3
68 388 5
358 571 1
152 226 4
159 600 6
428 605 2
403 664 7
26 38 9
315 605 10
254 478 1
453 582 7
481 548 9
388 597 4
187 605 9
382 656 10
54 565 10
152 507 10
443 640 5
428 648 1
387 625 8
121 152 2
446 554 8
412 640 2
446 533 1
545 656 5
458 533 7
152 474 5
448 653 1
569 617 6
237 535 4
40 494 4
387 661 3
3 507 10
312 617 5
469 533 8
251 507 5
157 654 2
178 382 2
120 475 8
94 661 6
190 631 5
358 470 9
195 582 2
123 625 2
290 348 6
507 657 8
73 617 7
308 434 2
288 571 5
30 664 4
96 661 4
537 657 6
247 388 1
1 593 3
218 475 1
259 332 2
152 250 3
345 624 9
452 631 3
76 597 9
382 585 8
58 332 4
303 548 5
20 631 2
387 657 6
224 585 10
522 605 7
174 348 5
83 308 4
143 640 3
549 648 6
233 446 6
465 664 2
177 494 4
262 656 3
382 577 5
33 475 7
420 582 7
55 567 5
126 535 2
266 584 4
473 654 3
38 577 4
457 587 5
126 631 2
188 648 5
313 593 2
250 640 7
332 586 4
272 631 8
235 474 8
584 661 6
12 55 10
158 567 2
494 597 1
598 600 4
388 646 1
583 648 10
284 308 4
151 308 9
248 332 1
129 290 8
387 486 6
343 656 2
596 664 8
348 631 8
333 582 9
26 274 3
251 290 6
368 434 2
358 639 4
237 634 7
573 622 10
274 588 8
207 577 7
60 345 5
62 625 9
197 600 1
328 554 6
26 177 8
136 577 2
237 465 4
418 494 9
35 226 6
586 606 6
454 533 3
195 345 6
201 640 6
345 492 5
34 584 7
259 587 4
274 423 8
295 486 1
573 654 5
400 640 3
297 486 2
38 322 10
67 625 5
455 657 1
530 606 10
191 486 3
535 602 8
469 622 2
411 492 1
42 55 3
165 585 4
215 582 1
266 567 6
306 654 6
213 606 10
312 648 1
34 593 3
622 632 6
1 552 5
584 614 10
448 600 1
130 290 7
195 494 1
308 363 6
26 544 5
20 387 9
26 66 4
13 602 9
573 658 7
129 632 9
175 661 5
299 345 2
238 492 5
190 617 3
554 618 2
227 474 7
152 579 6
152 400 6
571 654 5
105 622 1
171 446 2
167 363 9
55 619 9
612 631 5
343 614 9
213 664 4
130 582 1
55 258 10
203 565 3
387 540 7
280 565 3
396 625 10
289 664 3
26 506 9
507 614 5
425 535 3
38 294 5
507 646 7
538 571 9
52 258 7
206 632 2
322 488 4
403 639 4
492 625 3
258 641 2
226 525 10
294 519 9
535 640 2
456 634 6
136 177 7
123 605 10
554 614 3
470 471 4
2 507 5
352 619 10
345 413 2
488 555 9
463 474 7
413 526 9
254 640 2
32 348 6
570 625 4
89 486 9
342 600 7
630 664 1
412 428 6
66 378 7
437 618 3
423 600 7
249 250 5
326 533 4
136 507 4
213 586 8
573 625 2
9 494 4
226 320 7
308 615 3
262 492 8
102 554 10
619 648 10
521 554 9
294 437 8
378 559 5
412 559 5
322 494 1
68 584 1
329 345 7
224 533 4
86 434 1
475 634 6
320 489 9
585 634 9
378 419 4
379 525 5
427 579 3
93 657 10
537 577 1
506 529 10
303 577 10
79 474 4
47 525 10
524 646 6
166 555 6
125 632 6
167 619 9
582 614 2
50 308 4
271 559 3
57 363 1
250 617 8
40 571 10
391 632 8
563 617 2
155 639 5
76 283 1
1 646 4
506 507 1
56 567 1
55 474 5
45 600 6
215 573 2
439 492 8
501 565 9
625 634 10
475 510 2
417 489 9
525 546 1
290 631 7
388 641 4
274 662 7
250 516 1
281 577 5
12 567 5
494 586 2
471 597 8
55 487 3
320 572 1
486 653 9
423 502 7
379 548 1
465 646 2
101 502 9
182 622 2
303 529 10
21 579 3
253 283 3
187 634 8
76 115 2
474 639 9
290 666 10
391 572 8
152 372 7
413 471 2
141 622 1
243 573 1
40 470 3
270 290 3
188 506 7
207 226 5
89 646 2
196 488 3
199 573 4
283 639 7
567 588 1
235 358 7
290 461 9
62 115 8
160 283 1
388 654 9
204 461 10
70 619 10
19 555 7
529 609 5
377 640 10
115 546 2
243 322 8
363 395 8
582 629 6
148 552 9
36 419 8
587 607 3
194 395 5
276 465 5
342 548 1
372 530 5
477 507 7
339 372 2
348 612 10
528 607 1
363 554 1
156 322 1
310 640 5
169 382 1
464 540 6
150 465 4
104 600 1
188 584 10
178 619 9
20 428 4
230 572 8
363 368 9
228 585 9
29 624 8
372 513 4
444 657 7
235 614 1
290 354 7
397 600 9
115 576 4
201 657 8
593 628 3
452 488 8
466 540 2
275 294 8
50 372 5
146 510 5
567 580 9
52 653 3
4 548 5
265 507 9
614 621 2
175 625 2
617 626 1
131 554 7
284 478 10
119 548 10
265 597 5
36 525 1
448 622 4
235 597 7
187 587 4
307 653 3
76 281 10
116 510 10
345 568 7
384 552 8
13 506 8
236 446 8
390 510 1
509 535 8
273 628 10
502 639 10
545 582 1
382 641 3
107 582 2
461 583 2
204 607 8
181 530 3
152 446 6
567 612 1
348 379 1
222 530 4
494 571 8
265 388 5
274 380 5
60 602 4
185 619 3
336 437 6
375 554 1
104 226 5
586 628 4
358 526 8
530 629 2
248 387 10
423 515 9
1 33 7
66 472 5
413 572 7
620 657 2
50 617 4
533 584 8
186 540 1
398 492 8
159 388 7
33 255 1
105 332 10
226 354 1
471 625 5
389 664 10
300 552 5
64 629 8
514 600 4
74 506 5
565 586 5
243 656 6
358 606 9
149 554 4
290 633 9
204 413 6
199 507 3
26 86 10
73 461 3
55 662 4
100 618 9
56 615 10
50 640 10
406 621 2
290 564 3
33 68 1
145 582 4
528 585 7
197 358 7
466 614 9
109 525 4
86 564 5
313 434 7
90 584 9
80 281 5
505 597 4
89 568 1
38 89 5
556 565 9
249 507 4
136 614 10
344 612 6
334 413 2
365 661 1
411 583 9
250 661 1
290 583 3
276 572 4
346 573 10
245 619 6
89 532 4
55 374 5
525 626 5
290 450 5
162 530 8
26 333 7
83 567 8
486 517 2
377 614 1
387 602 7
419 653 2
476 544 6
86 565 1
549 555 7
199 423 2
131 588 6
568 604 8
379 410 9
201 281 5
188 478 10
382 522 8
246 510 9
423 578 3
471 565 4
491 597 6
485 568 10
38 475 6
255 583 9
99 555 7
360 492 6
143 639 3
177 454 2
646 667 7
354 586 4
33 514 4
26 626 2
377 387 4
283 388 5
288 320 1
301 517 2
579 650 3
407 513 5
228 333 6
363 533 10
501 559 2
175 554 9
173 621 8
474 500 6
94 283 5
540 579 7
182 646 3
533 544 7
410 434 6
508 631 4
47 472 3
89 315 9
138 400 7
358 663 2
491 593 3
98 621 5
382 564 6
407 600 7
510 603 6
374 432 8
216 488 9
309 502 6
304 629 4
220 666 9
295 540 3
99 578 7
258 529 2
295 656 10
366 525 10
86 597 4
72 578 3
640 650 6
76 216 5
592 619 10
426 525 3
100 413 1
407 578 10
438 571 1
116 622 2
403 470 3
523 565 6
322 629 9
17 565 9
216 434 8
158 510 5
109 475 4
379 394 7
310 358 3
516 519 6
471 579 4
56 368 6
286 624 10
513 667 5
159 472 5
89 609 5
237 540 7
464 626 9
242 546 7
325 522 7
408 472 1
211 379 9
21 559 5
332 666 1
439 487 8
542 640 2
281 590 4
347 454 7
205 571 9
474 552 9
33 545 7
66 184 10
452 657 8
627 657 5
111 322 9
423 607 3
72 374 7
207 320 5
210 617 2
157 320 6
186 661 9
76 332 1
500 585 8
615 618 3
511 614 6
130 486 10
500 658 2
177 593 7
12 634 5
115 148 4
345 667 6
86 464 4
118 634 1
59 641 10
618 647 10
400 433 4
334 650 2
95 450 6
354 454 10
29 640 9
134 332 6
526 636 5
566 582 10
34 283 6
194 530 5
70 374 10
149 579 1
181 559 9
13 522 3
432 549 4
426 461 4
351 641 6
172 631 6
76 154 2
504 535 10
116 653 5
471 511 8
263 461 1
538 555 6
281 499 9
617 636 1
315 515 1
326 567 9
529 618 9
315 438 2
345 619 3
33 247 6
33 530 7
382 647 7
399 535 6
120 258 10
386 549 5
40 380 2
173 582 7
428 598 7
537 658 7
393 525 7
394 605 7
567 597 1
139 631 4
274 652 6
26 294 8
463 549 10
417 614 6
88 433 4
145 216 3
277 650 10
154 436 2
478 497 3
393 514 2
225 636 4
58 497 3
115 519 10
94 320 3
322 641 4
160 646 3
171 283 6
448 617 7
177 357 10
612 656 3
43 454 8
266 605 5
68 165 5
65 572 5
219 618 3
20 577 9
38 327 8
428 435 6
233 532 6
224 499 1
516 637 8
274 514 10
612 628 6
371 628 9
539 653 2
177 319 7
372 651 2
1 174 10
491 662 3
84 315 4
631 654 10
41 621 7
65 552 1
217 465 8
37 494 6
617 656 8
12 492 9
51 663 5
280 628 10
401 471 2
188 571 6
284 500 7
369 615 8
147 602 8
417 568 3
89 250 10
162 628 9
442 640 7
44 348 10
106 578 6
182 511 10
559 633 10
372 607 7
519 657 9
443 579 8
156 667 9
26 466 4
464 584 1
441 502 4
638 652 10
316 663 2
340 658 6
372 408 1
96 437 8
321 621 5
95 247 7
548 612 8
224 525 5
196 622 2
55 579 1
286 413 5
36 388 9
66 363 8
177 255 2
640 643 1
542 617 8
568 639 10
591 598 5
568 652 6
303 652 1
51 651 8
294 661 10
102 648 6
187 507 8
237 505 3
193 500 3
68 631 5
419 458 5
181 636 4
43 650 9
351 506 2
65 290 1
374 487 8
475 529 10
197 548 8
434 653 8
488 565 2
10 612 8
469 555 10
238 470 1
389 626 2
522 584 7
33 437 1
68 159 7
340 394 1
373 588 4
502 654 9
583 592 7
374 394 8
31 494 5
196 640 3
87 602 4
235 529 8
511 529 10
548 570 6
561 626 3
515 579 8
498 573 7
177 615 3
351 571 5
322 443 4
374 666 3
332 432 8
191 648 1
566 603 5
74 653 10
20 614 4
636 656 1
77 529 7
417 651 3
206 624 8
115 397 2
337 593 9
540 566 3
140 419 4
389 432 9
119 315 1
639 667 2
252 308 3
281 345 5
325 647 6
502 589 10
252 387 3
522 532 2
86 646 7
94 651 5
548 559 4
122 667 10
71 535 8
470 565 3
306 443 8
522 646 9
38 507 9
41 666 5
423 492 1
350 522 2
636 651 6
332 513 7
333 520 9
275 576 9
39 500 10
32 333 2
349 354 4
445 640 2
63 598 7
465 652 1
367 570 8
186 400 9
218 446 4
597 604 7
28 606 5
464 633 8
47 437 9
394 578 2
327 519 4
358 617 6
621 640 3
232 641 7
536 643 8
369 529 10
380 590 4
424 540 8
65 584 1
201 475 4
115 608 9
522 592 4
520 584 6
260 511 5
216 658 4
478 598 8
26 479 4
76 271 9
510 577 8
26 344 5
26 529 2
195 592 8
271 312 9
291 622 2
385 573 10
308 559 7
358 387 1
392 565 6
298 588 1
442 566 3
419 602 3
248 368 8
345 514 8
413 600 7
148 224 5
46 584 1
420 570 5
165 572 5
232 532 1
200 636 2
227 419 4
227 320 10
55 612 7
584 593 5
13 572 10
42 626 9
159 610 10
395 643 7
425 549 8
174 366 7
324 499 4
415 507 4
443 585 8
190 628 2
483 652 3
227 470 6
90 626 5
312 608 10
235 443 1
216 357 4
91 570 8
14 255 5
115 316 7
95 554 4
391 555 10
517 545 1
294 529 7
