528 1000
406 43
435 6
990 25
408 41
506 1
596 46
161 49
351 37
71 20
321 43
132 26
180 10
194 29
518 31
966 30
61 24
137 23
41 22
7 11
864 2
479 34
529 44
777 36
385 1
303 36
296 3
522 34
680 23
52 13
651 40
801 18
919 31
223 31
137 35
765 39
138 5
830 46
366 41
73 14
93 23
841 1
830 49
800 13
876 8
262 5
386 50
493 45
96 44
592 23
598 23
546 27
884 38
997 30
399 35
301 8
897 31
547 48
307 41
212 16
720 37
510 39
455 30
269 50
795 2
459 39
126 12
560 48
721 21
305 28
641 16
206 23
7 21
820 46
289 15
207 46
613 29
479 35
953 29
814 22
351 40
565 49
795 29
157 14
231 36
692 43
34 41
618 3
763 34
28 48
922 4
991 22
414 7
551 6
275 45
452 4
99 44
386 49
743 32
176 38
865 33
938 19
63 45
315 16
902 8
753 22
217 26
541 48
137 45
337 6
573 12
961 27
999 48
347 6
815 14
852 7
184 14
18 29
45 6
422 18
550 28
415 50
24 40
208 8
351 47
622 47
605 8
709 9
374 19
742 9
811 33
26 19
513 36
652 2
343 24
961 41
729 40
53 48
883 6
787 41
802 22
652 10
108 33
940 24
98 19
460 35
633 44
359 41
240 23
943 29
478 38
618 26
855 1
896 19
781 37
656 50
498 39
79 6
331 11
288 5
580 21
139 7
228 14
652 23
693 3
643 29
601 21
647 43
38 9
535 45
714 22
496 20
78 29
382 20
800 23
113 2
665 39
236 28
205 26
5 1
923 19
393 2
765 7
721 30
741 30
675 28
866 19
396 13
731 40
902 49
734 3
893 34
108 21
176 39
385 10
669 5
57 12
368 24
856 23
239 7
293 23
570 46
919 46
974 50
425 26
468 8
106 8
897 6
72 39
338 28
488 49
129 38
266 21
541 44
110 4
567 40
107 37
753 1
734 28
209 44
923 46
632 34
807 14
108 38
196 8
598 27
150 11
715 29
107 1
285 1
279 46
979 40
507 8
483 45
819 7
1000 40
38 37
388 12
810 27
45 18
758 10
626 19
140 47
888 25
286 43
750 23
323 18
528 39
227 11
46 20
127 16
403 16
156 17
80 46
374 41
732 43
560 28
38 44
529 11
930 16
432 26
905 6
709 16
674 16
956 10
188 50
899 7
348 13
500 38
240 4
337 4
315 30
99 13
486 21
906 23
190 20
255 48
108 45
996 13
777 27
4 3
366 9
89 46
86 44
761 31
601 9
651 37
144 29
918 10
302 4
940 32
617 38
98 20
669 24
901 41
533 12
666 17
448 15
862 9
251 33
517 17
296 26
2 22
230 6
106 4
390 13
497 16
732 45
618 38
974 10
504 25
571 9
146 1
792 8
561 32
569 14
640 26
618 44
980 28
743 19
69 15
905 19
7 41
202 36
425 20
526 38
147 31
856 7
41 22
847 1
568 21
736 11
217 39
938 43
714 41
740 49
735 19
654 13
458 12
480 38
991 31
265 39
990 34
656 45
701 13
568 40
786 8
880 33
776 42
425 23
691 49
263 40
325 39
755 17
950 22
287 39
228 46
39 23
162 20
981 45
872 19
7 15
328 44
300 2
112 29
431 26
104 49
709 13
538 29
412 42
859 24
685 42
358 11
129 16
897 25
604 47
983 9
582 18
314 33
795 4
341 36
679 2
338 18
829 8
676 14
258 46
746 22
438 28
426 12
878 13
138 36
993 25
485 14
600 13
391 35
13 40
619 32
131 19
677 8
993 49
437 33
129 28
631 28
38 29
881 41
677 8
933 38
745 17
468 44
912 4
649 2
410 13
93 20
411 32
731 14
302 31
755 13
576 6
555 35
510 18
68 31
257 15
21 6
880 13
448 15
515 35
384 3
16 34
143 48
767 42
50 26
831 4
226 36
959 11
978 22
234 43
182 18
263 14
229 3
923 5
810 34
174 28
177 3
725 26
57 48
132 13
985 3
802 12
26 47
996 33
115 17
112 35
635 27
650 38
1 1
387 27
353 13
862 19
904 20
994 41
713 45
921 42
718 19
755 18
810 33
757 23
64 27
372 49
671 43
559 42
213 44
137 35
941 14
467 49
48 2
296 28
699 38
289 16
979 31
406 28
801 9
50 30
117 23
270 37
579 21
364 43
344 49
797 25
544 1
448 14
811 45
902 15
531 9
392 8
327 15
983 35
482 11
558 16
927 9
110 38
816 49
137 24
107 32
20 5
301 23
714 4
644 24
701 33
899 37
238 36
176 5
573 37
620 48
883 16
658 42
194 36
693 11
121 36
510 3
460 10
960 5
211 7
338 50
13 37
5 4
156 44
402 39
1000 5
125 22
1 165 2
1 31 2
165 355 1
31 415 6
165 438 10
3 165 5
220 355 3
353 355 1
438 524 3
31 41 6
76 415 10
139 415 4
165 166 7
41 481 2
166 242 9
288 481 1
41 143 6
166 234 2
113 166 2
415 419 7
143 306 6
1 191 3
165 207 3
41 445 7
48 166 3
298 524 6
15 207 2
73 191 7
87 207 5
31 400 9
143 147 6
226 445 6
388 481 2
240 306 10
83 524 8
399 445 4
166 306 2
31 261 2
175 242 10
54 165 4
307 481 4
346 400 8
166 230 1
1 464 8
195 419 6
143 479 7
128 191 3
101 464 10
34 479 4
479 506 10
83 464 4
16 143 9
165 431 3
21 355 5
166 389 1
149 166 9
355 448 9
135 261 6
163 506 1
113 481 2
165 371 1
6 230 1
389 444 8
31 166 6
1 448 10
147 292 1
216 419 2
245 479 5
275 355 1
147 378 5
1 125 1
160 292 2
355 427 2
56 306 5
242 292 4
261 300 10
240 445 5
41 338 3
47 234 1
30 419 1
52 431 3
143 146 10
59 431 10
231 524 6
41 287 4
5 524 4
318 524 3
166 209 8
230 290 1
1 410 4
225 445 4
25 355 6
64 448 1
19 400 10
319 378 5
146 329 7
44 242 6
136 400 8
146 449 3
387 419 1
261 477 6
412 449 9
217 242 5
32 415 7
209 355 1
191 242 9
47 355 6
97 166 6
131 338 8
13 415 3
239 444 7
262 449 7
25 449 7
112 292 6
40 300 1
100 242 6
479 494 5
191 364 8
411 427 3
143 359 3
157 427 3
146 385 9
32 464 10
89 448 3
304 419 10
37 300 7
321 479 5
16 261 7
329 488 1
230 449 2
449 464 4
199 477 8
191 399 4
268 385 9
156 306 7
311 431 4
306 429 3
43 292 6
359 521 10
99 410 10
166 241 6
219 234 5
31 348 4
142 438 5
143 438 2
123 300 3
1 452 4
125 413 6
287 320 5
517 521 3
180 419 8
168 399 5
184 290 8
223 348 5
198 410 10
116 444 3
462 506 4
10 521 6
364 495 8
209 221 4
41 514 5
221 254 1
242 479 3
41 476 10
410 493 2
191 487 1
106 506 10
399 479 8
52 488 7
125 179 6
179 312 2
415 460 6
352 495 3
490 493 4
23 207 8
127 242 8
356 477 3
123 476 4
230 296 3
365 400 10
166 490 6
296 492 1
521 526 5
186 452 10
198 481 10
126 230 6
304 479 3
239 526 4
415 521 5
137 320 2
254 419 1
71 514 7
326 487 5
378 511 10
184 506 1
48 292 2
243 254 10
360 371 7
183 476 8
90 234 10
207 518 10
34 438 10
108 445 2
20 389 7
221 241 10
242 411 1
154 179 7
179 219 3
465 481 4
220 290 4
231 411 3
511 523 7
392 427 1
332 449 8
1 472 8
177 296 4
63 477 10
228 230 7
174 472 8
207 290 1
205 449 3
207 387 2
125 279 9
353 385 7
1 151 10
43 477 10
198 296 3
295 419 10
203 415 4
165 341 6
94 524 1
209 243 7
247 477 2
254 476 3
135 348 4
475 506 10
15 472 5
139 524 2
186 427 9
236 452 2
62 449 10
287 328 9
94 364 9
39 419 4
132 444 6
279 497 1
243 362 8
165 378 9
104 230 4
399 475 6
215 385 6
254 439 3
39 387 4
1 419 3
359 520 4
237 355 6
431 511 2
406 444 8
329 443 2
176 520 4
220 464 7
166 215 5
345 348 5
147 403 6
397 443 6
378 506 6
11 389 8
242 515 3
300 469 10
32 445 3
329 431 3
41 294 7
285 477 2
209 452 9
160 312 3
144 497 1
261 312 10
82 427 10
411 517 4
26 475 5
94 207 2
52 487 2
143 173 6
14 230 6
197 378 10
303 449 4
241 254 9
142 147 8
268 419 5
367 506 1
165 200 8
310 479 3
401 460 2
300 445 2
41 312 2
376 399 4
342 378 5
494 496 1
161 341 9
389 499 1
97 448 8
42 427 10
310 497 1
200 261 4
109 413 3
407 445 9
191 371 4
98 389 8
165 226 1
110 230 2
412 490 6
359 493 3
147 151 4
115 348 1
254 514 1
170 226 7
216 279 3
146 230 6
20 517 8
341 421 2
476 515 9
481 507 1
323 378 6
241 323 3
90 191 2
176 329 7
150 179 8
238 472 4
52 312 1
73 147 6
94 292 4
294 507 3
163 403 9
59 146 8
346 506 6
171 439 5
21 364 9
468 514 2
280 348 1
166 320 6
479 496 10
362 519 9
431 491 6
158 523 5
19 243 4
59 410 6
125 185 1
316 481 8
67 209 3
15 487 3
146 458 5
349 507 6
300 493 8
151 211 8
230 446 9
176 490 9
241 291 6
214 291 1
191 215 3
210 323 10
302 523 10
291 371 1
219 364 3
123 306 4
23 515 5
1 195 6
151 470 10
417 421 7
151 242 5
348 392 6
5 445 9
221 362 6
219 455 5
290 410 6
7 492 8
17 472 5
287 374 9
200 417 2
215 453 7
249 464 3
105 294 3
446 481 5
307 323 1
245 521 1
499 506 1
37 496 3
362 453 1
41 332 1
341 349 4
477 480 8
116 371 8
417 513 3
98 464 1
103 492 6
191 428 6
10 392 10
391 526 1
359 487 6
1 337 2
105 359 6
169 427 2
261 387 6
444 514 7
445 506 2
188 378 10
447 464 1
306 455 2
104 411 7
168 355 7
146 259 5
148 477 8
117 464 8
358 519 10
253 348 3
196 215 2
417 462 6
31 81 10
166 185 10
135 429 3
61 494 6
187 452 3
25 359 9
446 520 2
50 491 8
83 495 1
241 495 7
306 456 1
10 329 1
323 385 3
143 515 6
256 364 1
428 470 7
300 480 5
367 387 4
341 377 7
292 310 4
300 464 6
415 438 7
42 287 1
327 453 4
113 490 3
207 521 7
75 294 5
252 497 4
7 470 6
89 455 8
298 431 2
147 245 7
245 287 2
208 337 7
201 514 2
261 265 10
343 377 2
180 452 8
384 517 4
171 479 8
429 464 4
387 462 4
87 497 3
215 447 5
241 430 2
21 374 7
397 410 7
92 219 4
164 166 9
206 492 10
444 454 1
259 430 5
158 444 8
312 508 7
37 312 6
234 480 5
456 510 6
257 480 8
279 490 2
253 490 7
444 490 9
236 261 6
164 245 6
411 488 4
39 146 6
515 528 9
57 515 3
158 294 3
430 488 6
306 329 7
31 269 1
173 520 10
49 495 4
238 279 10
388 479 6
44 125 5
220 415 4
317 479 7
466 479 1
130 476 9
399 432 1
124 364 8
464 513 2
242 361 7
215 287 3
165 216 7
157 490 9
95 329 5
199 415 10
73 185 9
9 454 5
448 524 9
185 261 7
241 477 8
156 411 4
195 374 1
410 496 1
354 385 9
167 361 3
349 475 10
120 518 2
337 499 3
109 400 5
200 265 4
107 464 1
172 452 2
229 312 7
235 403 3
456 497 10
32 147 7
33 337 1
460 481 10
90 403 6
307 439 7
207 447 6
458 520 7
328 499 3
69 147 4
269 526 8
240 519 3
186 392 10
184 269 2
158 519 6
291 401 9
133 453 7
165 237 10
37 216 5
125 492 2
41 440 10
166 331 1
455 481 5
30 242 3
320 505 3
9 259 2
239 378 2
193 209 7
205 440 2
413 468 3
306 492 5
279 496 3
418 497 1
387 491 6
355 462 1
81 344 6
245 483 7
242 483 6
32 209 7
402 496 2
362 430 5
358 417 2
31 263 2
179 501 9
101 337 7
111 490 1
318 452 4
381 481 2
439 506 1
279 292 4
274 464 10
265 372 4
110 499 3
122 456 7
151 179 7
274 454 4
119 296 7
417 481 8
248 477 4
70 501 7
179 328 3
411 473 2
6 479 5
121 348 4
145 355 9
115 254 3
282 511 4
468 479 10
306 496 8
112 524 7
240 460 10
131 371 2
68 511 9
205 411 4
261 287 1
50 241 2
35 507 1
116 323 4
44 166 10
185 464 4
102 328 4
245 462 6
141 259 4
31 215 1
36 448 1
105 480 5
259 458 5
151 433 6
215 282 6
282 429 3
373 479 7
79 506 6
483 500 6
263 469 8
284 337 1
11 371 5
378 473 4
104 458 1
137 523 6
383 524 6
38 234 6
1 505 1
294 514 7
389 517 4
34 468 3
491 525 6
341 464 5
75 514 6
448 501 9
254 351 10
365 403 4
348 447 1
157 469 3
241 507 9
473 523 8
168 433 5
482 487 6
178 521 5
140 389 10
140 261 2
460 469 7
300 453 10
136 477 9
400 504 9
22 372 10
439 523 7
147 186 6
265 394 8
193 242 2
444 509 1
281 410 10
151 291 10
75 480 6
191 206 7
252 329 9
261 330 1
336 445 5
95 241 5
230 336 4
382 494 4
428 431 5
441 507 8
81 509 6
303 488 9
242 476 2
32 332 7
246 332 1
330 413 10
200 518 4
237 475 9
151 394 4
173 251 9
421 506 2
118 290 9
185 471 3
377 430 8
207 500 7
46 488 10
362 518 3
195 244 2
166 400 2
374 412 8
462 468 3
31 506 1
440 515 5
146 292 4
10 525 10
270 385 9
329 348 1
281 496 10
259 292 3
473 482 8
162 447 3
176 265 4
282 450 2
291 513 5
237 440 5
288 528 4
71 492 9
145 399 4
106 505 6
191 294 8
379 415 5
114 482 9
479 504 8
292 513 5
147 395 3
144 359 1
160 501 7
22 521 5
458 512 1
392 400 8
32 185 5
234 437 6
78 166 6
241 336 2
203 306 3
124 504 1
191 378 5
95 523 4
500 528 4
15 179 8
301 477 3
184 452 10
163 504 2
96 525 7
5 458 5
211 484 10
296 423 10
127 323 9
239 448 6
254 283 6
377 398 2
5 491 3
80 499 1
21 508 3
134 517 10
372 377 1
279 303 5
448 476 9
279 439 10
338 388 5
85 477 3
480 486 9
31 232 4
309 338 4
210 458 3
20 341 2
243 280 9
263 353 9
81 398 6
46 394 9
33 351 2
127 263 6
488 508 9
107 332 5
230 414 5
363 513 1
63 265 1
200 203 4
8 499 9
179 254 5
397 403 1
209 470 6
282 341 4
114 200 7
271 476 3
103 520 5
219 379 3
148 507 8
188 355 4
316 395 4
221 345 8
351 388 2
399 472 5
323 429 8
303 461 6
96 348 7
96 456 3
318 510 8
202 450 4
136 433 2
448 517 10
241 273 10
243 461 5
1 285 8
201 336 4
12 427 5
285 487 3
206 283 6
34 400 7
439 456 6
137 385 5
39 461 5
383 507 5
172 392 3
195 455 8
398 518 2
4 524 2
216 422 2
456 460 9
382 454 9
392 486 2
122 399 2
258 429 1
79 487 5
82 237 5
288 469 10
414 439 3
251 338 5
123 312 8
318 429 6
362 472 1
67 454 10
242 294 6
259 337 9
56 500 10
356 524 2
4 331 10
329 466 8
81 146 2
207 481 9
200 438 3
31 306 3
249 509 2
379 464 7
253 526 7
182 509 10
253 403 9
219 290 5
126 437 1
40 521 5
105 242 10
199 454 7
456 486 7
423 438 10
411 524 8
361 499 8
284 395 10
453 524 10
183 415 7
312 400 9
320 491 5
328 421 9
164 515 2
269 281 2
274 323 2
390 512 5
35 448 4
12 372 7
242 377 4
25 528 9
387 427 3
185 441 9
483 527 3
149 487 10
110 226 8
231 517 10
36 349 8
441 475 2
36 166 1
101 310 3
283 499 4
230 479 2
25 232 9
477 528 6
323 470 10
73 306 9
16 504 5
331 383 7
355 374 1
385 483 5
457 512 4
319 444 2
234 291 5
231 428 8
392 415 3
412 439 6
458 506 7
242 397 6
80 261 9
111 518 8
271 481 9
201 505 10
226 333 4
86 488 2
44 417 7
291 358 5
280 423 5
481 513 5
389 486 8
90 423 5
373 510 7
220 490 9
182 211 5
388 505 4
62 471 6
354 449 8
450 521 8
258 445 6
76 506 4
225 378 3
285 303 10
291 454 3
307 428 6
193 261 3
115 477 7
430 518 10
344 497 3
287 345 10
224 328 9
347 482 4
106 206 6
132 453 1
221 232 10
371 516 10
313 358 1
256 441 5
459 524 6
210 415 6
123 445 4
6 395 4
17 400 9
328 478 1
424 494 1
123 450 5
504 508 1
74 151 7
169 323 3
374 513 6
28 383 6
61 526 7
460 509 8
228 450 3
447 484 3
210 473 9
274 445 10
344 402 5
56 505 7
333 358 6
177 331 6
128 330 8
279 382 1
413 437 6
166 515 6
89 303 1
352 493 7
282 357 3
38 455 8
425 527 5
247 478 2
178 439 5
200 341 5
112 519 3
173 524 10
259 354 10
68 491 5
241 364 2
131 147 10
166 487 2
371 434 10
210 358 10
245 345 3
246 517 8
146 431 7
191 356 5
199 291 10
357 388 4
338 356 3
246 421 1
123 310 3
345 423 8
280 501 4
367 471 8
180 282 3
452 515 4
377 437 8
267 471 1
415 473 1
87 351 4
446 523 2
456 465 9
242 381 8
12 403 4
446 521 6
206 475 3
11 263 5
189 383 7
378 453 1
164 383 6
251 336 6
443 486 8
398 406 7
294 318 3
96 306 5
132 358 2
