42 161
30 12
36 2
55 8
73 20
87 20
51 22
31 10
23 3
93 10
90 17
93 7
57 23
29 8
27 13
46 2
79 15
93 14
20 4
67 6
65 9
86 24
88 14
40 19
68 30
92 21
37 14
87 24
26 2
79 32
95 33
78 21
95 21
40 14
25 4
20 2
61 2
81 4
5 1
57 3
30 6
37 13
92 38
1 19 4
1 4 9
19 22 3
1 23 4
1 6 1
1 16 2
16 22 6
8 23 7
7 22 1
6 14 4
1 33 6
11 22 9
4 11 2
11 16 10
18 22 8
19 24 10
19 21 7
18 24 3
21 36 7
14 23 8
21 38 7
16 23 9
19 36 9
14 27 6
14 34 4
6 12 7
11 12 3
16 34 5
17 36 7
4 6 4
22 31 10
4 28 7
25 36 6
27 32 6
24 36 3
21 35 4
10 12 7
8 21 2
22 27 1
33 38 7
35 42 4
24 40 10
21 33 1
12 33 10
22 40 5
17 42 9
40 41 7
11 31 7
12 34 5
13 21 2
2 16 5
24 27 5
19 35 5
23 41 1
7 19 3
6 38 10
28 37 1
3 37 7
18 27 7
13 35 3
21 28 10
2 11 6
6 22 6
32 36 1
14 26 2
15 27 1
24 37 6
21 40 1
12 41 9
13 33 6
21 32 8
9 23 4
13 16 5
7 31 1
15 40 9
36 40 10
16 29 9
17 38 10
4 29 6
19 27 7
23 40 7
18 31 7
4 21 8
20 38 8
26 34 6
9 19 2
32 37 4
33 40 7
31 35 10
12 24 4
27 37 1
15 19 8
37 42 5
13 34 1
1 28 4
7 42 9
20 24 4
25 27 10
5 42 5
21 37 1
12 16 6
20 40 4
3 38 6
8 28 8
1 37 2
1 21 3
6 40 8
6 9 3
6 42 8
37 38 3
26 32 5
16 31 1
6 35 2
6 21 7
17 41 9
9 14 8
16 24 7
9 39 10
8 14 1
23 27 4
14 42 10
9 11 9
15 35 3
16 28 9
39 40 10
19 34 6
2 4 9
4 35 5
20 21 5
9 12 9
10 33 1
34 40 2
32 34 10
28 36 6
3 32 9
23 28 2
8 34 9
21 29 10
28 39 6
21 34 3
11 41 6
19 20 1
18 29 1
1 10 4
23 35 1
35 40 5
31 37 1
1 15 2
19 23 6
12 37 1
25 39 3
28 31 7
29 38 1
8 41 9
25 31 3
9 32 7
2 38 6
8 37 3
10 31 7
8 26 1
7 35 6
