557 1000
16 1
25 3
23 11
92 6
72 24
49 16
29 4
13 1
81 39
94 16
69 28
27 4
98 1
18 6
97 19
67 22
66 18
6 1
31 5
29 12
21 3
28 5
92 4
96 22
95 9
65 5
12 3
64 20
55 15
16 5
34 3
32 4
95 19
97 15
51 4
98 34
79 36
11 5
7 1
11 4
57 13
94 5
66 12
91 39
42 14
88 2
32 10
15 3
1 1
100 34
95 3
2 1
54 19
95 21
36 15
9 2
66 12
95 36
41 8
40 8
29 4
76 1
31 2
75 1
65 14
20 4
69 26
39 1
84 41
69 4
53 7
18 4
45 21
24 6
28 10
97 24
60 7
30 9
91 36
50 13
4 2
90 37
42 11
23 6
95 1
99 49
14 5
13 3
69 25
50 17
5 1
98 9
16 8
34 5
31 10
10 4
62 5
66 16
56 22
87 26
70 22
92 11
47 13
82 22
3 1
3 1
27 1
68 26
41 19
48 5
81 40
4 2
94 23
91 8
90 18
8 4
83 16
25 7
20 7
2 1
52 7
66 21
93 43
25 5
77 14
16 8
51 19
57 1
19 9
56 19
39 14
5 1
24 7
42 12
65 3
49 8
30 13
47 21
30 7
66 6
66 20
81 16
90 18
99 37
57 12
29 9
11 4
89 17
71 35
70 4
92 16
14 6
25 4
25 11
12 4
54 11
84 18
52 22
37 7
82 26
74 23
61 22
61 30
56 22
31 6
19 9
80 6
66 4
84 24
95 45
85 7
7 2
69 22
83 14
54 20
85 20
32 6
63 25
56 7
34 3
63 6
33 8
72 34
73 10
82 20
34 8
49 19
35 5
3 1
48 4
91 24
23 3
37 8
82 23
73 27
1 1
78 35
16 2
25 9
70 1
73 4
39 2
11 1
97 37
84 26
35 16
88 33
63 2
35 12
65 3
93 21
21 2
33 11
37 13
73 4
16 6
80 3
87 4
79 3
22 7
52 21
17 4
6 2
54 5
76 12
30 7
10 3
16 3
96 10
35 11
41 8
51 6
64 14
99 40
3 1
45 10
63 2
56 8
64 14
35 10
70 10
19 6
45 15
29 7
69 17
60 25
67 20
20 8
25 11
94 21
50 3
47 23
47 19
56 15
83 34
60 19
48 11
66 32
44 19
74 11
2 1
16 2
39 2
24 1
88 33
4 2
54 27
71 29
99 33
36 2
68 21
98 17
82 28
54 26
76 35
38 11
64 21
8 2
78 24
95 8
22 2
33 1
71 30
68 8
46 5
24 2
56 9
55 18
30 5
11 3
89 38
20 9
31 3
71 21
69 11
10 3
25 9
83 27
86 37
52 23
14 4
74 19
12 6
49 5
22 1
16 8
48 18
85 23
64 14
62 16
7 1
26 8
11 5
1 1
76 37
75 15
73 3
88 11
9 4
99 14
14 7
66 23
86 11
44 5
54 1
94 12
8 3
75 17
73 21
51 23
36 4
89 41
98 33
42 19
48 4
68 33
8 2
96 32
15 4
60 29
3 1
98 32
96 37
60 8
60 9
61 12
48 9
13 2
73 32
60 27
45 11
68 12
5 2
100 4
10 3
66 23
43 15
37 17
15 1
8 3
51 10
16 5
54 13
81 34
34 14
46 14
16 2
10 4
84 21
9 2
32 3
34 6
1 1
19 8
94 44
68 29
52 21
72 34
30 1
48 7
9 1
50 14
77 29
60 8
67 11
10 2
88 1
56 17
78 2
52 5
15 3
90 41
11 2
32 10
61 14
29 14
27 8
32 15
70 30
12 3
98 45
93 1
64 24
66 28
2 1
52 2
21 3
67 22
54 12
68 24
50 16
58 18
70 11
45 22
70 11
72 35
82 38
38 8
56 15
66 13
53 2
74 35
49 9
33 12
93 21
60 27
98 16
45 19
58 17
65 30
4 1
78 4
2 1
2 1
93 38
23 10
7 3
16 2
13 1
3 1
69 10
97 42
70 17
100 10
58 26
87 24
48 7
93 28
21 2
63 8
77 25
45 16
48 8
65 19
73 24
38 7
22 2
45 7
61 12
71 27
82 12
75 37
30 8
92 20
25 9
12 6
62 18
67 5
90 28
42 2
66 11
63 9
93 26
49 13
6 1
4 2
49 19
41 15
51 3
92 32
12 5
22 10
1 1
94 32
87 19
82 38
78 7
47 10
90 37
66 30
21 2
80 9
1 1
86 19
57 23
37 14
71 3
13 2
62 9
61 29
15 7
36 7
86 1
71 23
12 2
68 5
75 10
82 20
9 2
77 8
59 24
68 28
34 11
72 27
14 5
28 1
33 1
7 3
85 25
85 1
22 4
37 7
19 2
78 32
30 13
67 18
6 1
83 31
59 16
72 13
24 11
11 2
89 16
72 24
44 1
68 13
80 19
57 15
43 13
91 44
37 17
72 19
13 3
7 3
29 8
72 20
16 3
63 11
57 21
94 14
84 35
71 20
67 2
77 36
10 5
89 23
60 10
1 444 4
1 554 8
104 444 10
166 554 4
526 554 9
97 554 1
327 444 5
1 360 1
255 360 10
1 197 3
360 535 7
125 535 2
1 24 4
295 444 10
24 118 8
197 331 9
1 368 5
74 360 1
179 554 1
46 444 10
156 331 7
24 69 8
197 229 4
1 242 4
515 535 1
118 477 5
331 440 8
118 232 6
97 331 10
123 232 7
118 227 8
440 500 5
368 536 7
333 360 3
500 543 4
347 535 1
76 535 1
146 229 1
232 521 10
23 535 4
40 500 10
337 535 8
229 520 3
49 368 1
242 426 10
360 405 7
268 520 4
81 360 2
530 535 1
426 535 10
91 440 10
19 360 8
228 554 4
23 405 3
433 440 6
24 137 5
24 413 8
123 197 6
524 543 10
368 407 7
90 227 9
67 536 6
196 331 5
137 538 4
242 502 3
242 385 3
10 520 1
147 554 9
242 405 2
1 377 1
210 229 9
23 520 8
140 405 6
224 242 7
407 538 4
44 137 10
418 535 7
471 536 7
441 554 8
131 536 3
191 360 5
426 534 7
21 543 10
389 502 4
377 454 4
338 444 3
227 287 5
385 481 5
147 538 8
242 543 1
377 427 8
321 331 10
476 477 10
331 408 1
24 173 5
74 535 4
192 229 4
154 538 8
97 521 3
40 227 6
297 554 1
161 331 9
360 510 3
327 521 1
249 408 2
5 500 5
43 536 2
229 371 9
197 385 6
229 368 4
413 431 2
255 502 5
431 551 8
285 481 7
75 543 4
440 549 5
417 427 4
35 536 8
197 369 9
194 405 8
170 232 4
57 510 2
303 426 2
110 444 5
207 287 7
229 486 5
232 334 10
59 407 9
138 521 10
261 454 9
1 511 9
316 371 4
377 480 4
385 454 10
197 430 7
90 430 10
197 262 7
1 86 6
143 502 3
48 368 9
233 534 1
208 477 5
521 531 4
247 481 9
549 553 10
247 360 10
287 442 1
157 442 2
434 551 8
438 444 5
431 483 7
439 551 3
377 537 2
357 534 3
227 401 10
326 413 5
67 500 6
322 553 4
127 510 9
192 407 7
1 190 9
291 477 4
161 502 7
377 451 10
94 535 9
401 435 8
84 553 4
83 477 5
25 431 1
227 553 2
88 431 8
36 407 6
69 157 4
242 302 8
126 408 10
262 326 5
246 534 4
103 520 5
52 227 6
229 385 2
251 543 3
427 454 10
54 538 2
50 536 7
155 500 10
157 209 5
459 486 8
242 313 8
329 405 5
74 334 8
287 502 5
74 477 6
99 173 8
173 296 5
287 464 10
440 511 8
481 487 3
368 437 4
334 519 2
536 554 10
228 440 7
229 515 2
185 369 4
522 535 10
37 519 7
242 387 2
526 534 4
209 530 2
442 543 10
138 538 1
96 302 4
86 469 9
437 515 2
282 405 10
326 349 9
331 477 5
444 555 4
405 500 8
339 502 5
337 387 1
69 557 3
105 349 3
69 448 8
239 377 2
115 413 3
371 547 7
178 531 8
233 510 10
312 377 9
429 557 9
367 401 10
407 466 8
461 466 6
69 445 1
69 454 5
326 424 6
6 407 2
257 538 1
232 241 6
178 232 10
20 371 9
69 368 8
272 531 3
211 387 10
421 477 6
171 480 5
262 521 2
254 387 9
137 349 3
147 296 2
245 302 7
209 431 4
184 510 6
1 50 1
143 313 5
411 483 5
214 537 6
209 221 9
140 537 6
369 545 5
7 173 6
374 553 2
208 466 1
337 408 3
215 387 4
20 437 1
257 520 4
434 515 3
69 188 2
173 454 6
79 369 4
163 454 1
246 551 2
437 550 10
39 360 5
205 502 9
487 551 8
123 521 9
218 554 2
332 535 10
80 431 9
131 326 9
167 515 9
495 511 3
281 445 9
427 523 5
249 481 4
181 331 9
221 452 1
188 208 9
221 290 2
38 435 3
30 430 10
401 469 8
188 290 1
43 481 6
365 413 8
137 465 7
21 481 9
229 275 6
28 451 4
2 208 9
237 550 7
486 518 4
135 465 9
456 523 3
41 413 9
342 554 8
40 296 3
272 435 3
79 535 6
159 550 10
447 547 6
48 555 4
379 486 7
213 537 9
310 536 2
233 440 6
287 393 1
287 349 6
290 473 2
157 408 2
506 523 7
155 334 8
224 538 10
173 275 7
86 259 5
173 548 6
28 407 7
480 541 9
334 401 3
82 500 1
93 519 8
216 431 8
331 351 4
229 443 10
219 515 10
516 523 4
487 545 2
145 444 1
134 221 7
301 351 5
290 329 2
338 510 5
86 200 7
525 550 3
215 241 3
287 288 8
459 535 5
346 466 6
197 485 10
88 534 3
132 313 6
15 242 6
69 292 6
299 464 8
330 407 6
329 416 8
52 437 4
485 536 6
182 232 2
137 547 8
54 442 9
479 480 7
54 521 7
309 334 7
240 444 3
139 241 1
201 287 2
360 401 2
393 537 2
259 429 4
175 541 5
208 289 9
444 542 9
407 476 9
93 477 3
433 518 1
79 547 9
25 510 7
318 443 2
512 548 1
232 377 1
170 518 7
58 302 4
175 466 1
168 287 9
268 548 2
56 541 4
240 451 5
21 520 6
148 157 8
447 486 10
74 275 7
288 360 2
275 443 7
335 547 7
189 547 7
251 405 5
362 483 5
430 504 7
485 511 4
254 444 2
353 519 8
287 407 5
328 369 8
195 502 9
173 550 3
430 464 1
511 536 3
7 50 3
198 521 1
221 502 6
207 242 6
232 383 3
418 523 1
97 329 7
157 452 7
167 385 8
383 412 2
475 553 10
38 536 1
424 515 5
266 555 10
188 448 10
62 481 3
93 413 2
42 69 2
412 546 9
186 188 8
75 430 4
322 535 8
555 557 8
8 289 7
50 409 4
442 472 10
281 500 9
19 504 2
69 309 7
1 414 5
309 538 4
277 385 7
204 208 9
75 476 7
467 551 1
48 86 8
350 555 2
50 125 6
163 313 9
36 50 10
192 369 2
32 188 9
180 426 6
190 510 3
149 504 6
189 383 9
275 356 7
476 495 7
192 262 10
170 520 2
299 313 7
106 483 10
374 387 6
231 520 4
365 383 9
213 405 5
241 369 9
412 427 7
70 523 8
433 442 2
175 377 3
34 551 10
19 429 8
144 555 2
24 131 8
173 309 6
64 221 8
207 483 7
70 409 8
385 431 9
138 452 5
30 414 3
144 302 9
532 541 5
209 514 6
416 444 5
50 525 9
232 500 8
381 473 8
74 125 5
332 451 7
534 550 8
139 289 2
424 460 6
383 435 1
154 287 4
422 514 8
128 242 8
173 553 1
224 414 5
131 373 2
128 371 1
1 292 8
465 519 5
229 543 9
468 537 4
383 536 1
329 500 3
15 554 1
289 389 7
67 437 7
86 465 8
10 543 6
169 469 4
242 441 10
13 521 8
70 545 8
1 221 7
263 538 7
12 131 4
174 554 7
185 383 4
163 334 7
117 309 3
10 188 9
429 481 2
185 221 2
195 242 2
65 445 1
1 309 9
146 368 3
136 326 7
142 464 1
54 326 2
275 360 5
275 525 10
242 530 7
415 550 3
525 530 8
158 288 7
233 465 4
197 546 10
24 48 2
405 555 7
161 360 7
349 409 2
64 445 6
337 515 8
183 360 8
339 405 10
259 428 8
342 495 1
326 332 4
319 412 7
159 465 9
1 442 10
143 464 9
356 380 3
356 538 1
118 305 4
530 553 4
73 521 5
249 356 7
221 402 7
407 553 5
241 510 3
286 454 7
259 296 6
229 252 2
282 444 8
208 341 2
464 524 7
300 405 7
224 351 10
489 504 9
51 520 10
200 501 3
118 452 5
229 276 9
227 393 2
452 517 4
135 444 5
296 474 4
301 472 2
459 523 3
287 425 2
11 557 9
205 504 10
457 464 8
229 454 6
268 407 1
31 514 6
42 428 8
204 407 3
241 334 4
366 502 10
48 364 7
131 225 7
61 313 6
349 437 8
493 536 9
364 402 2
241 534 7
232 546 10
257 440 3
153 287 9
3 487 5
222 517 1
484 538 1
476 515 4
341 483 4
402 454 6
213 515 8
274 473 5
326 379 8
118 397 7
202 430 9
309 502 10
190 549 6
312 416 5
476 523 3
125 304 6
50 375 9
428 534 6
472 553 1
518 539 4
190 268 8
385 539 6
501 518 6
62 539 2
241 270 4
198 477 3
81 485 8
405 406 10
126 464 2
24 488 8
107 472 7
379 457 7
157 414 9
21 131 9
414 548 5
50 421 10
201 209 5
14 360 10
12 466 8
90 514 3
393 482 5
268 271 4
89 444 10
332 360 1
318 545 3
3 373 6
489 543 9
4 302 1
458 480 8
345 482 8
514 541 9
263 524 2
412 536 9
522 551 2
242 270 8
407 413 4
412 549 8
351 390 1
397 509 10
311 518 4
67 86 1
367 509 4
300 509 10
77 473 10
368 532 7
234 536 8
262 445 6
184 477 8
272 511 9
370 518 2
190 371 5
75 557 2
264 435 4
64 407 6
169 288 9
217 289 5
238 351 1
196 538 5
265 542 3
252 289 6
404 469 7
514 548 6
181 268 5
70 536 8
180 227 9
24 161 4
231 557 4
361 557 8
539 548 8
116 537 2
401 463 2
188 288 3
114 427 1
390 556 1
272 309 8
84 252 8
55 451 10
73 232 9
331 493 7
302 456 5
208 264 10
413 549 2
275 289 5
537 543 7
10 437 1
99 373 5
427 443 2
335 408 6
491 519 2
452 526 9
445 514 3
118 448 10
521 554 2
209 286 8
358 413 6
76 517 4
157 359 6
73 264 3
156 510 1
196 227 10
321 373 1
48 486 6
188 264 9
356 441 2
311 519 2
219 524 5
105 500 8
188 457 1
300 377 8
278 296 8
70 190 10
254 268 1
27 405 8
282 401 5
4 486 8
259 271 5
212 412 10
467 476 6
18 541 8
408 430 6
361 526 8
157 327 3
232 542 3
125 456 2
79 302 2
208 546 6
190 535 2
86 366 5
198 472 10
67 389 10
13 359 7
419 448 9
35 389 3
221 282 6
215 515 10
95 360 6
118 381 6
54 524 9
190 366 1
28 469 4
430 451 9
319 539 10
309 451 4
204 416 7
289 334 4
170 397 1
342 543 8
374 542 4
35 548 10
347 487 5
364 504 1
287 458 7
264 381 6
23 288 2
319 509 5
1 535 6
103 538 6
139 405 1
196 302 1
200 208 8
48 546 4
262 543 2
188 200 7
375 539 4
283 331 7
250 454 5
17 393 9
197 275 9
309 379 5
419 444 7
341 511 4
309 364 7
53 373 1
493 510 3
91 242 3
449 493 7
107 543 7
18 555 8
307 407 6
227 513 10
281 412 7
151 424 5
35 476 4
94 458 4
474 505 10
416 499 5
380 392 6
116 443 2
184 500 4
118 130 7
210 349 3
58 271 6
130 553 1
173 409 6
387 435 2
210 268 1
409 413 8
36 429 9
137 519 2
209 500 8
422 431 4
287 471 10
373 493 4
152 356 6
376 460 6
179 402 1
14 369 9
238 495 5
156 483 9
385 556 7
137 540 9
379 408 2
102 482 3
81 443 1
445 454 3
144 380 3
256 375 4
1 282 10
511 518 5
302 405 4
331 442 10
326 364 3
205 429 9
313 319 6
161 427 2
368 440 5
411 521 4
332 397 3
228 326 9
221 474 10
319 511 3
94 397 10
352 513 1
27 369 1
125 332 9
420 426 2
409 458 3
174 428 9
465 556 2
408 449 10
276 353 9
421 425 3
166 520 8
397 453 6
123 448 10
454 498 6
45 368 7
115 282 7
363 486 2
120 407 7
292 548 8
253 313 10
212 452 3
39 242 9
381 393 2
97 538 6
40 514 3
223 353 4
343 554 10
286 505 5
39 351 9
66 442 7
122 351 2
317 430 9
69 262 4
282 457 3
252 457 7
51 524 6
161 414 5
238 509 10
221 431 6
51 407 10
371 493 2
190 359 2
255 392 9
189 379 5
194 476 5
416 537 6
414 538 3
133 513 3
230 425 4
390 453 8
373 486 3
200 413 6
323 449 5
313 485 7
455 551 6
158 538 4
94 509 10
63 380 5
350 485 10
228 304 8
33 426 9
429 539 10
379 453 9
229 516 10
260 486 4
331 334 7
270 343 9
155 521 3
24 148 4
427 501 6
141 535 2
261 517 8
150 486 4
92 440 4
196 541 3
135 488 8
85 535 7
393 517 6
343 526 6
394 486 3
428 543 1
3 275 7
158 453 5
207 451 4
132 442 7
291 480 10
110 190 1
424 472 3
131 282 8
454 469 10
289 517 10
546 557 2
112 349 5
192 509 4
86 514 2
429 555 6
351 458 8
216 262 4
441 504 4
211 500 10
318 483 10
408 451 3
292 401 1
31 535 5
251 426 9
214 486 2
318 414 2
413 511 3
221 411 7
257 288 10
53 526 6
275 326 2
441 509 5
196 409 5
232 323 1
268 541 6
69 528 6
69 416 3
391 557 6
211 451 2
383 512 2
24 444 7
341 476 7
113 411 7
173 351 9
331 555 7
451 526 4
280 445 9
134 424 8
24 445 6
324 465 3
126 329 4
144 401 10
457 458 5
292 387 7
143 441 2
393 424 6
207 542 9
48 529 4
232 412 7
28 482 6
66 505 8
