827 1000
88 9
524 1
455 9
998 36
138 20
99 3
360 44
446 1
928 44
410 6
810 42
322 47
108 2
120 43
571 28
118 13
9 31
927 19
257 46
332 6
83 5
423 4
170 18
976 48
626 39
29 34
669 39
104 26
370 15
323 48
523 15
493 11
825 44
897 11
170 27
830 40
646 39
463 9
349 49
240 28
332 43
608 4
627 15
229 34
790 19
631 24
385 35
720 7
595 40
161 17
388 30
865 38
480 22
60 30
631 22
928 9
740 47
896 27
131 28
832 47
328 14
747 21
221 33
638 16
6 37
803 4
776 48
627 38
227 20
782 42
244 18
474 36
493 39
327 30
175 36
5 35
100 48
718 27
268 14
305 43
885 27
786 21
731 23
854 29
750 7
350 45
53 40
1 23
451 24
693 21
297 8
864 27
513 29
805 45
503 31
171 45
693 15
642 44
532 9
295 40
288 6
976 2
953 25
522 46
429 25
346 44
31 28
63 33
202 19
382 47
276 39
531 29
937 34
80 20
173 12
982 15
813 24
302 40
902 13
554 41
103 47
480 1
511 38
756 47
823 29
588 46
519 12
434 12
602 37
157 1
457 50
635 49
204 45
97 22
573 3
873 33
141 15
404 9
435 13
20 27
327 3
437 29
879 7
744 8
219 45
554 48
837 45
554 31
248 13
855 21
450 14
197 9
485 37
161 17
252 22
542 25
811 34
961 32
155 10
640 25
80 28
592 34
644 10
303 48
246 25
34 6
478 11
141 8
596 5
964 38
385 7
557 36
891 22
327 21
354 42
529 33
690 23
221 3
666 16
151 24
531 8
323 39
264 37
35 35
213 15
668 1
283 39
195 17
405 2
593 21
537 41
585 15
479 46
928 3
956 29
88 42
735 43
135 27
982 7
55 29
815 4
751 38
379 26
266 44
537 31
195 22
761 6
616 38
638 29
340 22
802 17
233 12
207 16
967 48
576 23
534 15
136 48
248 16
643 37
401 32
875 15
46 18
895 45
836 21
445 7
783 24
331 47
949 19
133 33
443 3
265 14
967 32
883 4
288 1
579 29
394 20
665 10
929 47
13 46
783 30
183 38
564 50
745 24
131 50
937 21
993 44
981 28
293 41
431 23
985 40
116 3
433 31
358 11
937 32
291 10
156 29
876 6
878 3
678 37
212 6
917 4
372 6
597 8
402 25
82 3
260 25
599 30
901 37
852 5
797 46
744 36
859 2
765 44
688 17
758 41
344 13
211 48
387 26
500 43
567 30
951 9
590 39
985 30
25 49
864 20
187 9
414 16
646 12
678 8
511 39
663 38
584 14
116 33
609 33
773 3
16 1
355 22
707 1
240 27
493 20
72 49
232 12
689 48
862 14
294 24
534 13
862 40
55 11
890 19
551 40
957 30
536 33
495 44
893 19
213 48
368 4
779 25
195 18
445 25
64 38
783 28
651 18
159 49
971 15
433 38
354 49
644 3
718 37
934 10
658 27
279 28
923 9
602 46
41 45
777 17
689 36
747 43
659 47
995 18
798 6
628 29
502 44
845 35
151 16
152 30
744 37
178 41
153 26
97 7
725 46
716 12
600 49
325 4
57 44
683 16
91 20
630 43
717 18
25 41
645 46
695 7
626 23
615 36
48 3
708 18
887 15
141 25
275 27
453 18
236 10
446 43
438 28
935 24
225 43
246 13
748 2
221 18
856 22
92 24
739 48
208 37
467 44
790 45
641 7
571 2
682 4
450 22
193 14
947 2
807 35
444 18
404 33
142 19
571 21
218 24
922 34
869 24
550 29
415 22
607 6
581 11
56 45
838 49
563 46
973 32
130 28
636 39
458 20
356 50
542 33
44 21
899 10
575 46
516 42
157 47
550 9
854 14
554 47
672 39
828 10
156 31
918 12
523 13
250 16
585 10
729 12
949 47
302 1
181 23
288 1
512 21
283 12
181 42
271 21
342 26
526 33
525 16
687 42
392 18
590 42
555 18
486 31
428 24
930 39
30 49
215 30
115 22
577 43
897 30
888 26
597 2
546 12
613 9
999 38
208 7
579 7
696 44
128 10
243 26
130 30
491 49
126 18
737 25
537 22
826 9
339 37
61 44
202 25
279 4
405 46
402 39
516 6
908 22
174 20
991 19
149 32
695 12
934 12
78 50
285 33
747 47
91 35
194 21
847 36
168 29
212 46
882 8
489 8
29 6
27 1
611 9
739 9
632 13
161 11
161 12
829 36
456 45
266 17
89 3
466 5
496 18
228 42
239 32
221 40
407 20
813 26
650 8
825 43
600 25
357 21
851 38
403 27
173 42
317 3
22 23
592 3
160 50
808 1
695 48
555 9
269 43
654 13
249 34
30 25
205 9
18 9
49 2
96 36
310 10
14 4
462 22
517 12
832 13
968 42
301 2
295 2
759 27
620 34
199 17
322 28
107 20
652 24
657 30
456 49
111 5
822 15
458 46
346 17
429 19
375 43
798 2
399 36
815 15
49 36
818 5
712 49
392 22
111 29
903 14
707 10
252 37
29 27
617 37
683 7
28 24
191 5
326 47
576 17
434 7
694 17
145 29
168 4
515 7
703 16
451 21
522 2
11 49
906 9
70 20
171 5
508 33
387 32
459 7
948 40
592 14
876 11
310 48
813 34
487 44
168 6
184 41
499 44
24 30
167 7
852 46
333 15
641 37
917 40
737 12
346 49
365 5
582 36
853 17
593 30
773 35
181 29
270 39
694 47
756 35
647 45
535 44
384 39
543 9
572 40
855 5
89 1
131 24
45 44
285 34
864 37
507 39
642 13
338 22
827 38
765 32
509 42
140 9
989 13
57 42
118 40
3 5
404 6
993 34
584 37
833 18
874 1
839 38
261 43
48 18
369 48
773 39
863 12
166 12
417 34
364 46
406 27
132 46
447 9
35 35
612 10
452 32
710 14
718 12
54 45
945 44
734 48
527 46
658 42
780 10
51 11
896 37
731 27
117 11
456 27
856 17
870 4
591 25
923 31
970 18
972 39
790 11
631 47
877 4
795 50
186 21
648 21
889 30
215 4
131 44
663 35
979 20
364 5
142 2
251 11
506 30
806 37
569 13
102 32
630 41
124 27
968 36
821 29
977 47
79 34
800 38
14 36
30 5
104 34
552 6
254 22
65 16
960 32
448 36
934 20
714 21
229 20
102 21
530 35
511 31
593 36
758 25
749 28
90 44
808 34
595 12
48 23
15 43
581 13
161 12
730 6
408 11
738 43
580 34
501 18
912 45
574 27
855 33
651 49
26 8
846 24
652 5
325 23
339 14
755 38
962 39
226 9
591 50
849 12
931 15
422 44
883 46
340 11
630 29
720 22
520 26
146 45
207 47
679 7
311 10
298 27
151 50
592 22
846 7
27 2
567 43
780 1
181 11
447 21
629 29
201 1
726 8
39 36
226 45
967 10
420 44
954 35
748 49
563 10
97 6
262 49
980 34
156 47
177 11
546 29
658 27
908 26
749 20
565 19
572 43
816 40
731 11
124 28
104 42
347 24
797 14
846 14
31 50
883 41
607 20
106 28
276 39
473 38
350 22
117 16
801 34
337 49
508 43
550 19
201 8
773 12
54 14
560 18
81 5
100 41
572 17
371 37
130 36
411 24
666 35
719 21
934 16
189 48
195 23
559 21
245 3
698 9
691 12
19 34
692 29
791 22
161 30
576 5
385 7
100 35
834 37
109 14
450 19
1 813 5
332 813 8
1 48 1
1 394 9
480 813 4
48 163 1
394 793 8
467 813 2
257 813 1
53 394 3
1 149 8
1 293 1
1 601 9
163 725 10
1 789 4
149 469 1
62 725 9
48 433 7
163 269 4
469 661 2
233 293 6
334 725 9
725 781 10
163 467 5
28 48 4
60 813 7
71 394 1
462 601 6
77 725 5
224 293 4
469 716 5
20 269 4
467 705 3
38 269 8
293 622 5
682 789 9
445 622 4
649 725 1
183 293 10
453 716 9
163 185 9
725 755 7
801 813 3
1 711 1
681 793 4
517 705 9
1 562 5
82 601 10
158 433 7
48 53 2
48 201 9
96 469 3
163 394 1
267 269 8
354 705 1
148 601 6
53 200 1
402 622 9
269 824 4
185 802 1
676 824 7
163 389 5
53 242 2
32 163 7
269 637 3
163 677 10
348 793 8
200 238 4
3 53 1
572 793 9
611 705 10
433 592 10
1 97 2
648 661 6
118 433 8
478 789 4
97 483 8
636 705 5
97 496 9
781 788 5
711 818 4
430 467 10
152 394 1
450 824 6
200 258 2
269 733 3
242 270 1
274 469 4
149 760 2
97 491 7
749 818 1
60 469 7
93 238 4
393 705 4
477 793 1
123 788 2
344 562 10
110 185 6
592 821 10
132 201 9
210 389 2
389 574 3
149 705 6
564 592 5
572 592 6
78 394 2
675 755 9
53 697 1
62 574 9
63 242 1
201 821 10
131 394 8
601 625 3
258 503 2
567 824 3
380 433 5
27 270 6
200 633 1
469 470 3
97 584 5
97 511 7
285 781 8
526 793 5
54 163 8
421 592 10
195 716 9
242 440 5
200 357 6
511 570 4
503 670 8
440 603 4
575 677 3
394 783 7
48 469 5
238 477 8
48 708 2
530 574 1
270 457 4
394 698 7
477 574 4
562 652 8
104 496 3
633 820 1
220 483 10
690 698 10
531 574 5
148 394 5
417 661 6
48 440 8
235 394 6
1 123 8
633 655 3
623 698 9
327 625 6
322 584 5
48 207 9
232 716 3
333 470 9
372 760 5
87 201 5
443 821 6
590 725 8
125 394 6
706 788 1
242 483 6
419 725 9
199 725 5
755 816 1
636 789 1
184 677 5
207 623 10
123 238 1
90 725 7
570 649 8
491 804 8
310 705 1
123 513 1
537 755 7
204 270 9
389 492 8
604 755 7
303 623 6
502 755 3
48 526 2
600 601 8
97 477 1
252 477 2
242 623 7
440 826 2
646 818 10
503 573 8
384 625 7
711 753 8
76 625 5
279 511 7
483 742 7
122 440 2
562 667 10
614 753 5
402 477 1
446 661 5
520 818 9
804 805 2
301 802 2
601 817 7
592 683 8
338 562 1
53 742 10
505 697 1
370 818 7
605 816 1
216 698 10
201 513 3
749 805 8
23 470 2
103 781 1
149 637 10
405 821 10
82 805 6
698 713 4
177 742 7
557 821 6
457 531 4
451 755 10
617 637 10
603 641 9
622 803 9
380 491 2
48 493 1
203 652 9
269 301 9
265 826 9
407 573 3
416 649 7
187 667 10
625 757 3
163 449 3
119 805 2
772 826 7
154 760 6
292 592 6
202 242 6
3 697 9
492 665 10
155 716 9
28 708 8
185 240 6
496 779 7
781 787 7
372 625 1
86 574 6
526 706 1
16 623 9
342 779 1
1 4 8
469 809 4
237 804 8
243 467 4
340 683 5
771 820 1
200 504 9
634 781 6
733 811 8
461 477 10
240 362 6
201 307 1
207 586 9
76 293 9
590 813 1
586 718 9
362 824 4
496 797 7
562 797 3
524 683 2
240 254 7
175 788 1
816 826 4
229 633 7
163 496 1
325 477 1
453 665 3
554 716 2
286 503 1
53 564 10
592 769 4
358 362 7
389 817 6
149 788 4
164 718 7
461 496 3
409 824 9
720 757 4
387 389 6
489 711 1
556 716 6
642 698 1
36 526 5
120 149 4
201 627 7
357 792 10
238 391 10
127 803 7
733 788 2
327 781 4
526 745 7
569 809 4
50 627 10
269 667 2
563 817 9
382 584 8
317 661 6
134 362 9
727 809 8
347 603 6
321 623 7
552 586 6
399 633 8
440 561 8
254 338 10
307 443 7
574 645 5
792 803 9
467 539 4
370 477 8
539 557 5
49 803 5
74 526 1
200 254 3
319 820 2
427 755 6
68 811 3
258 609 10
528 627 9
787 809 6
145 677 7
557 701 8
293 361 9
408 561 7
258 649 9
513 665 6
307 756 8
343 511 10
483 592 7
523 562 2
136 449 8
257 787 4
126 683 9
219 813 2
274 824 10
168 338 1
391 789 5
320 391 8
269 373 4
253 531 10
200 652 4
600 622 3
238 503 6
215 813 1
183 701 7
338 586 6
237 477 1
527 804 2
265 816 2
306 470 9
394 508 8
394 477 5
470 491 10
25 601 8
260 706 3
143 470 5
204 586 3
57 803 2
123 757 8
127 713 8
28 185 5
200 496 6
140 779 5
242 377 3
165 242 4
542 622 10
189 805 3
746 809 4
380 818 8
764 820 3
105 697 10
210 526 8
409 745 1
223 377 9
379 753 5
608 718 6
397 470 8
288 667 6
226 803 10
620 809 5
22 361 3
454 469 9
482 622 6
707 803 8
449 538 6
97 529 3
107 469 1
238 459 4
340 811 3
492 638 10
110 804 10
511 529 10
338 716 8
197 793 6
662 698 5
48 567 3
316 603 2
740 826 7
527 824 9
584 592 2
439 492 7
622 795 4
529 548 6
332 561 1
539 776 8
592 656 4
50 440 9
176 240 8
89 483 5
254 302 6
242 819 9
303 821 6
153 270 9
459 819 5
122 809 9
443 645 7
619 789 2
209 641 5
463 564 7
119 779 3
103 258 2
479 813 9
642 645 10
518 733 3
184 742 6
652 743 8
457 633 6
590 708 3
371 670 1
233 561 9
118 469 5
656 814 8
386 776 7
656 677 3
531 587 3
654 776 8
167 789 9
201 767 4
725 788 10
307 798 6
1 590 7
381 716 2
465 652 6
201 296 5
163 469 10
531 744 3
234 783 2
467 663 6
152 293 3
338 470 6
357 481 3
108 798 2
321 656 9
379 683 7
353 781 8
737 744 1
155 459 2
602 645 1
149 457 1
416 705 10
143 781 5
188 301 10
123 391 7
66 755 4
496 535 7
126 816 8
572 625 9
655 751 1
158 625 8
300 357 2
227 797 7
387 716 5
377 647 2
93 603 1
330 760 4
9 641 7
197 584 9
367 711 6
349 814 3
529 641 7
529 697 7
441 647 9
433 638 2
193 362 3
662 816 7
561 694 3
265 570 7
660 798 7
744 805 4
434 574 1
101 649 10
328 661 9
381 652 1
302 456 10
602 603 4
439 623 3
606 677 6
437 755 1
457 482 8
636 788 3
195 652 5
8 811 8
103 718 1
550 623 7
238 294 9
545 733 9
241 592 5
185 707 2
649 802 1
304 670 3
242 804 6
709 795 5
661 681 1
182 802 5
493 762 5
570 798 4
529 706 6
391 677 10
185 824 9
438 802 7
4 234 2
721 760 1
33 779 1
433 762 4
768 805 1
21 769 2
400 538 10
791 809 9
347 811 10
243 745 10
313 641 3
531 622 2
38 389 6
627 811 4
281 733 9
79 443 5
678 783 9
164 701 2
421 440 1
346 481 8
442 492 9
470 805 4
797 812 9
615 811 6
687 769 8
390 538 8
496 724 1
20 744 2
88 645 2
396 769 10
217 467 1
61 564 8
207 820 4
196 603 3
707 741 1
240 319 1
29 242 3
293 541 5
357 629 7
258 725 3
321 504 2
511 739 7
203 574 1
116 294 10
26 652 1
743 818 4
641 702 3
361 400 7
145 718 2
492 656 5
97 373 5
305 683 5
334 557 10
496 819 4
491 530 6
742 763 5
396 820 4
112 242 1
312 742 7
391 770 9
359 663 6
567 672 7
174 655 3
526 663 5
247 496 3
561 760 9
293 502 1
584 753 9
603 786 7
73 391 6
755 788 9
699 795 9
149 294 1
242 469 9
186 663 9
53 759 1
8 293 5
642 667 7
781 822 5
404 627 9
121 781 1
587 710 2
290 647 3
373 743 7
366 587 6
236 741 6
547 826 4
72 502 4
12 655 5
504 772 2
570 779 8
163 654 1
519 548 5
311 706 9
240 552 5
279 705 1
4 12 3
261 743 3
185 761 2
17 757 6
503 804 2
200 541 8
166 623 10
238 635 3
270 287 8
624 637 7
165 793 3
394 682 3
373 414 4
29 820 6
679 742 7
562 736 2
256 467 10
491 774 3
279 496 2
587 772 9
482 803 8
270 762 7
498 776 3
251 802 5
151 811 3
273 756 2
24 739 1
201 269 9
123 705 3
217 739 8
713 768 5
265 821 9
557 561 4
10 647 1
673 795 8
491 780 10
512 567 2
789 795 1
99 759 5
285 672 6
238 414 1
124 492 10
570 703 2
449 813 9
302 591 8
511 638 8
672 823 5
117 508 4
504 627 2
539 824 5
311 443 6
682 803 6
385 529 10
408 824 7
244 768 4
176 645 9
261 492 9
332 706 4
592 694 7
234 550 10
492 541 6
301 522 9
105 530 9
177 725 5
418 574 8
559 767 6
93 789 7
240 530 6
311 502 3
572 789 9
477 484 10
652 756 9
473 770 10
95 770 10
341 591 8
50 814 1
306 703 5
574 718 6
508 675 1
151 821 8
400 811 1
501 779 5
411 813 6
254 321 7
508 792 1
529 774 10
675 742 7
429 638 6
584 670 6
287 711 5
520 751 8
357 706 3
502 668 7
491 681 7
592 823 8
496 591 9
440 484 1
711 825 9
426 795 1
210 433 3
143 433 7
20 234 1
58 552 2
228 744 8
373 495 6
414 635 2
457 577 8
449 724 8
329 779 9
790 793 4
515 779 8
564 577 8
522 638 8
8 254 3
13 550 2
54 185 9
301 366 6
481 724 5
321 753 1
538 780 6
153 627 4
12 183 7
42 511 8
373 823 2
557 809 4
727 753 6
20 493 7
548 675 5
48 521 6
292 307 10
683 785 7
821 826 10
433 648 6
436 742 4
97 760 1
263 504 10
531 824 2
504 748 7
125 804 9
596 816 4
304 655 6
96 826 4
779 826 8
573 719 5
137 795 5
736 802 5
28 719 1
242 813 1
35 748 4
683 817 8
135 785 3
487 710 10
503 612 6
574 688 2
508 618 9
693 757 1
248 780 10
2 719 4
77 185 8
61 207 9
318 338 10
126 591 7
128 493 7
53 586 9
97 781 5
703 793 3
375 785 1
109 803 7
254 393 2
210 637 4
468 772 2
399 753 8
488 670 5
26 459 8
354 762 2
174 648 3
713 790 2
810 821 2
499 767 2
511 736 7
638 649 6
299 440 10
274 756 2
210 803 6
234 606 7
201 512 7
184 682 3
392 584 8
638 814 9
28 761 9
647 746 7
539 677 10
321 483 6
394 469 7
187 769 6
238 669 8
414 517 3
104 584 1
717 802 9
338 536 2
467 672 2
652 769 10
551 826 3
274 552 10
538 639 3
305 637 9
111 185 7
443 778 3
687 797 7
382 469 3
357 710 10
550 820 6
531 785 1
393 538 8
530 786 9
19 792 5
123 548 4
539 708 2
18 759 7
229 648 10
294 674 6
386 745 1
295 825 10
746 769 4
529 639 8
270 733 7
659 804 9
296 352 1
489 637 8
87 779 3
410 825 8
449 664 6
291 377 10
233 742 1
153 649 1
217 763 9
557 792 4
541 770 5
697 716 9
563 656 1
401 623 7
41 338 3
436 587 1
718 821 6
641 725 2
596 755 5
577 609 3
244 302 4
97 372 10
378 785 4
660 805 2
366 637 10
559 622 3
350 623 7
6 492 3
541 611 7
300 483 9
522 812 8
449 599 9
759 762 1
527 725 6
5 819 8
661 818 6
756 786 5
437 783 7
655 795 4
452 548 8
594 811 10
372 539 5
201 649 8
759 804 7
236 269 4
388 826 3
29 638 7
286 557 1
167 633 4
165 760 6
270 792 5
293 457 1
155 655 2
19 238 5
459 568 9
720 741 6
622 664 10
239 495 5
686 694 1
530 655 9
318 557 9
82 287 3
240 811 2
753 800 3
396 818 2
625 670 3
504 621 5
158 816 10
468 713 3
306 366 10
110 718 6
459 788 7
492 777 7
762 787 10
216 779 10
403 513 9
70 538 7
698 817 6
420 816 8
224 733 5
526 550 9
539 541 10
698 754 1
169 321 3
577 751 6
119 756 4
81 811 3
98 798 4
36 701 3
321 485 9
214 816 3
490 783 8
559 777 6
803 817 2
680 768 8
726 756 2
530 743 6
195 739 7
93 703 5
543 756 2
534 611 10
477 681 10
270 508 10
40 352 2
521 802 5
419 760 9
394 646 9
663 697 9
492 707 10
481 645 4
574 655 4
436 762 6
177 372 9
459 577 5
1 361 7
317 697 4
482 723 9
320 362 6
491 594 5
429 783 4
200 778 6
103 762 1
591 727 5
258 511 1
20 674 5
53 629 5
301 452 7
590 633 2
542 681 1
570 753 5
391 678 9
633 684 4
222 269 8
541 551 4
567 661 4
788 795 4
411 622 10
633 668 6
415 813 3
298 603 4
267 705 1
143 352 8
186 641 10
