403 1000
506 14
502 29
88 27
33 5
656 46
814 4
549 14
331 29
152 49
365 26
436 3
130 17
339 1
532 19
490 1
76 46
111 2
854 10
590 24
274 39
320 39
68 14
586 29
300 42
99 25
137 3
180 5
356 37
430 12
466 49
905 9
675 3
83 34
733 36
183 1
734 13
384 45
464 22
758 37
144 36
189 11
39 28
305 34
566 7
765 18
780 16
678 12
774 28
810 31
905 13
776 2
983 11
112 7
229 45
879 38
462 34
797 12
221 12
293 46
318 10
363 20
523 40
715 24
540 18
399 21
797 31
877 25
412 47
107 4
47 8
115 45
123 41
670 1
339 22
817 36
559 20
859 11
243 44
241 28
900 1
646 8
242 40
42 49
262 18
418 24
752 37
116 3
676 35
315 39
12 22
672 32
695 11
265 30
382 12
448 38
573 50
601 30
461 38
551 2
272 34
858 31
46 47
869 24
614 21
192 13
378 42
888 14
409 18
737 40
27 9
446 28
752 19
939 9
170 41
669 11
770 21
370 21
578 21
676 38
179 33
930 19
15 49
355 34
652 46
694 11
80 22
662 11
70 24
660 45
554 49
810 24
870 10
836 24
142 49
467 26
910 36
413 35
566 48
205 25
334 3
804 45
703 34
801 26
394 39
311 40
962 28
7 11
161 13
882 23
721 43
449 31
89 4
329 17
589 33
727 32
566 15
908 46
828 20
692 23
707 40
218 27
8 29
625 9
769 17
193 18
19 22
39 16
88 39
482 3
531 16
180 41
945 6
362 1
291 29
862 34
689 27
778 5
252 16
791 39
838 11
647 1
171 35
531 11
261 12
929 43
304 2
531 15
948 16
16 8
178 27
456 20
428 13
890 23
479 41
100 27
851 10
814 3
55 16
643 3
55 35
652 11
426 48
570 9
694 44
535 26
633 19
885 34
66 40
48 26
90 33
949 11
620 20
815 27
212 38
834 31
753 32
589 35
981 36
514 14
763 42
796 23
869 20
437 41
73 43
664 20
888 39
386 37
137 14
15 45
230 32
192 22
605 3
508 37
980 23
923 13
624 12
521 8
745 49
689 40
177 23
881 10
664 25
386 11
30 6
541 31
805 17
360 46
271 2
31 18
920 17
89 5
959 49
990 29
16 45
216 13
462 46
668 4
219 18
276 40
706 32
925 10
489 38
540 10
458 12
303 27
527 35
564 41
5 6
800 8
646 8
273 9
646 9
528 1
316 42
878 39
969 7
43 44
436 23
519 41
260 15
155 46
983 33
163 36
515 42
56 33
436 41
600 6
614 46
729 9
934 25
145 49
169 38
613 10
215 35
940 46
894 20
182 45
419 35
866 9
304 37
916 18
470 28
280 18
905 12
625 13
125 37
711 38
676 19
646 38
866 17
814 3
272 20
376 34
246 10
602 10
248 34
332 38
879 39
874 20
870 2
629 4
211 23
194 2
993 23
759 46
799 10
303 42
258 9
975 35
283 35
419 28
521 9
887 39
557 10
385 44
600 46
815 28
863 21
319 13
106 18
647 8
851 49
618 45
765 37
144 32
790 4
546 33
892 47
87 32
349 36
150 12
10 16
821 41
762 34
702 31
453 21
124 21
507 46
249 49
631 12
1 4
74 8
672 8
940 16
923 45
305 36
915 35
136 35
343 31
534 17
763 6
187 8
484 24
657 27
465 16
875 23
699 38
644 39
298 21
819 22
470 50
229 35
710 42
497 25
426 14
713 23
893 30
586 50
119 36
197 42
190 17
150 38
511 27
755 1
520 1
511 18
502 36
975 2
600 5
890 34
568 46
246 43
10 33
1 84 5
12 84 9
1 96 7
15 84 10
96 128 4
128 242 10
128 358 5
356 358 8
15 96 9
242 293 5
96 200 5
242 265 4
78 96 9
271 293 6
1 24 4
295 358 6
265 382 7
1 160 9
1 51 4
265 335 1
62 382 10
1 135 6
51 96 2
96 135 3
128 236 4
84 265 10
246 382 10
21 236 1
208 358 9
1 385 2
72 335 7
93 358 5
13 160 7
242 249 4
135 173 2
135 304 2
293 317 5
20 128 9
336 385 6
249 266 1
123 236 7
311 335 9
202 236 1
1 213 2
141 265 3
21 173 8
173 252 2
100 242 6
66 96 3
51 187 2
33 135 10
24 40 9
162 200 1
382 387 8
135 399 3
30 213 10
246 249 5
113 200 10
293 399 3
187 351 9
176 213 7
82 385 7
24 249 5
3 358 6
249 396 5
82 200 9
75 293 2
17 399 4
51 56 8
75 385 10
34 358 6
246 358 5
134 351 9
252 263 9
200 345 9
24 259 5
56 206 2
110 213 7
60 345 1
252 308 6
182 265 5
1 293 6
22 40 10
287 335 8
96 402 3
205 206 8
51 224 4
173 183 4
84 334 2
348 385 1
264 266 8
7 308 6
146 236 7
173 241 8
1 216 5
56 69 9
128 265 7
342 385 5
84 247 5
55 160 5
61 335 3
188 249 1
84 166 4
233 402 3
7 40 10
98 241 10
358 396 10
183 207 7
20 252 8
230 259 6
257 387 7
252 354 6
104 213 10
206 259 4
215 382 4
69 226 10
282 351 1
293 386 2
342 399 7
16 382 7
51 391 2
207 403 5
56 61 8
259 293 4
159 402 6
362 403 3
311 351 8
304 385 5
160 178 7
69 171 5
250 293 3
356 386 8
171 371 4
84 179 2
387 391 10
113 304 2
172 216 10
65 266 5
151 391 1
279 387 8
82 178 9
207 370 5
74 135 6
232 403 1
110 259 3
347 382 2
304 393 6
75 160 8
11 51 8
25 358 5
279 396 9
73 207 4
89 213 2
43 241 5
73 391 10
51 353 4
235 293 1
152 241 6
189 236 10
230 241 9
56 89 1
308 362 3
134 200 3
221 391 7
354 400 2
51 83 8
308 333 7
177 371 7
50 224 5
188 358 1
141 242 4
206 215 1
206 364 7
283 400 3
216 266 2
33 362 3
96 323 9
135 299 6
337 353 10
226 295 2
173 344 5
128 394 5
298 364 10
160 202 10
199 387 8
134 206 5
317 335 2
54 83 1
209 382 5
84 183 3
242 386 7
278 335 1
327 353 3
37 51 10
147 200 8
315 334 6
259 357 5
173 267 3
149 399 1
287 334 3
106 216 9
121 160 7
263 268 2
332 382 5
221 358 5
70 187 1
7 357 6
51 302 10
135 354 7
163 215 1
24 351 1
22 179 6
96 248 4
124 354 6
89 336 1
232 353 4
248 364 3
166 289 3
186 333 5
358 403 3
127 226 6
247 399 8
213 305 9
124 399 7
146 334 6
215 399 8
216 324 5
346 382 9
333 355 8
69 299 10
208 324 6
27 334 8
89 354 6
277 308 9
300 336 6
242 334 2
24 111 5
61 202 4
51 108 1
42 351 3
37 135 3
143 166 10
42 402 6
159 370 7
215 305 6
61 223 7
160 346 5
140 206 10
71 96 3
77 399 1
11 69 8
207 346 4
160 197 4
145 224 1
216 401 3
122 200 1
293 355 5
180 213 5
197 213 3
55 247 10
89 237 10
51 333 5
293 310 1
26 289 4
358 373 1
177 324 1
71 310 5
247 252 10
188 263 6
135 356 6
223 229 8
314 394 1
110 293 4
128 175 5
175 368 3
317 342 5
256 305 7
225 386 10
217 249 6
135 161 2
34 324 6
114 336 3
183 348 10
220 387 4
24 345 5
281 371 9
154 362 1
247 357 2
219 237 4
357 396 1
229 278 5
237 368 10
112 128 8
135 403 7
75 342 4
109 364 1
273 310 2
88 401 7
178 384 8
33 323 10
155 333 10
271 357 5
304 355 8
316 364 10
138 334 9
265 381 2
44 278 8
171 349 10
216 302 6
10 216 3
319 342 8
202 277 6
57 179 4
288 371 10
267 358 6
357 359 1
122 304 5
98 399 1
362 364 10
233 324 5
23 308 6
69 392 4
17 207 10
2 161 4
51 154 5
216 403 8
184 368 6
189 277 7
12 353 8
104 373 4
323 349 9
128 157 3
215 281 8
183 370 2
80 84 8
167 215 10
90 359 8
216 370 2
77 202 3
237 385 7
128 318 10
135 351 1
324 371 2
108 255 9
84 232 5
101 396 8
73 353 2
28 381 6
270 392 2
134 293 7
53 391 8
144 359 4
135 294 7
219 323 1
348 394 8
231 373 6
179 365 4
160 267 6
252 266 2
12 236 7
67 391 1
237 321 1
160 356 6
236 387 1
135 187 10
234 242 8
217 252 6
335 362 10
335 379 10
321 353 3
342 352 10
171 252 7
265 344 4
38 365 3
193 295 8
259 330 8
32 351 6
334 338 4
206 288 10
225 336 5
112 353 10
332 358 8
157 321 10
242 282 5
310 315 7
311 394 9
51 160 1
241 304 6
35 200 5
294 333 4
207 362 4
400 403 7
26 236 2
183 349 9
128 158 1
271 358 8
1 136 10
158 293 10
358 362 5
163 345 4
128 221 2
132 357 2
167 268 1
200 399 5
215 233 4
116 161 8
177 308 4
263 302 6
49 396 8
52 111 9
255 402 6
96 267 5
150 255 8
20 318 7
172 178 5
74 335 2
24 370 6
212 310 1
132 346 10
202 266 9
180 249 5
180 387 4
131 386 1
77 173 2
40 101 3
96 379 2
101 252 3
112 365 6
107 241 6
68 268 7
225 359 5
8 40 10
133 321 4
303 336 1
90 242 1
380 396 10
161 350 3
109 393 9
12 318 9
241 338 8
65 252 9
15 345 5
336 380 9
103 394 1
141 305 2
247 323 4
158 206 9
281 321 3
1 290 7
58 202 3
153 295 10
354 360 6
20 266 2
386 393 9
187 239 6
73 242 7
101 358 5
345 402 2
84 173 2
69 136 5
108 249 3
197 256 2
208 277 8
114 289 2
215 222 7
269 396 3
62 222 4
144 381 6
89 157 2
56 187 10
154 401 3
58 236 6
147 393 7
36 263 10
202 290 1
114 399 10
101 223 9
85 288 3
282 317 3
111 213 10
140 157 1
118 304 8
13 259 3
111 228 9
213 258 7
171 305 9
266 377 8
154 324 4
107 111 7
306 396 1
229 268 5
84 138 8
265 338 1
310 363 8
277 401 4
196 278 8
180 256 3
150 222 1
54 69 2
138 207 2
160 245 1
33 229 4
53 385 9
167 293 2
226 358 4
135 160 5
61 351 7
227 247 8
84 368 10
120 215 7
51 103 4
178 330 4
176 377 8
235 363 1
103 175 1
202 390 10
207 344 8
119 305 5
292 393 2
245 373 1
328 354 1
69 366 7
313 401 7
31 157 2
1 221 2
266 380 7
358 360 10
352 403 9
71 160 7
356 366 5
305 333 10
6 179 10
243 363 1
258 366 4
167 228 3
260 385 8
96 394 10
278 339 1
357 376 8
20 69 5
310 378 5
152 242 6
6 108 5
317 384 3
175 334 4
255 393 2
374 391 10
109 255 3
102 247 10
154 301 4
64 371 5
2 368 1
109 371 9
3 390 7
181 401 8
335 401 4
27 233 1
1 379 1
156 299 3
215 365 10
95 301 9
278 298 7
289 358 5
178 205 5
26 282 2
77 315 7
197 324 8
267 344 3
328 336 1
354 403 4
228 247 10
68 387 2
58 334 2
217 360 4
281 393 2
136 255 9
100 368 3
34 302 8
136 233 6
83 335 6
134 308 1
120 370 10
288 392 6
14 360 6
164 166 8
237 399 1
56 315 8
387 402 8
242 372 5
34 360 9
96 157 4
51 246 2
241 345 1
320 364 7
157 387 3
120 290 3
2 345 9
1 17 1
44 101 6
337 376 1
175 182 8
140 308 8
89 163 8
239 305 9
219 228 9
165 315 5
43 315 2
51 281 8
42 229 5
226 299 7
54 315 1
330 382 6
233 332 4
232 360 3
108 400 1
119 215 6
6 224 9
198 321 1
56 309 6
345 346 10
165 293 6
131 354 2
89 366 3
249 264 3
233 357 3
192 315 6
327 387 8
185 321 8
148 342 5
69 221 3
108 225 3
29 380 8
2 385 8
329 332 3
166 246 5
143 197 7
248 281 6
263 378 2
85 101 2
90 171 8
136 215 5
111 331 3
229 243 9
217 264 5
243 349 9
300 304 4
264 359 1
352 374 5
291 315 9
224 275 2
158 313 8
62 308 7
201 396 9
233 264 4
2 310 1
2 380 3
21 366 9
225 343 8
255 403 6
41 324 8
197 315 2
187 307 10
303 357 4
151 339 5
290 373 7
110 154 2
39 317 9
288 394 4
108 317 1
158 336 1
321 349 6
187 401 5
158 335 7
161 275 8
257 392 8
382 400 3
246 266 3
94 247 2
187 223 7
138 261 3
131 275 3
68 305 8
140 386 4
37 157 7
55 368 9
114 243 10
121 353 6
287 362 1
53 298 7
23 353 2
294 357 2
224 366 8
101 146 10
315 393 3
61 215 5
195 229 6
287 305 10
297 321 7
7 293 5
82 158 4
235 331 8
197 212 2
310 343 3
166 326 4
40 114 5
229 348 7
164 370 6
24 142 5
112 241 6
336 399 6
221 258 7
77 281 2
281 329 10
70 224 10
111 248 6
135 163 6
86 351 7
40 369 8
143 394 5
20 160 6
251 338 10
330 400 4
138 384 9
56 146 1
40 376 10
370 384 7
161 203 6
83 238 1
323 385 1
160 191 8
79 310 4
160 370 5
84 199 3
185 364 1
261 336 5
231 394 10
101 377 6
193 223 5
25 199 7
26 301 10
290 376 2
151 301 2
300 352 6
141 396 3
69 355 9
369 381 5
163 200 5
343 371 5
6 281 2
63 197 6
336 361 10
61 379 8
317 326 4
309 341 10
17 61 10
92 355 2
345 352 3
87 369 3
118 203 10
62 372 5
1 401 3
69 310 3
93 360 6
307 385 6
142 163 6
235 372 7
107 373 6
145 171 6
238 269 2
113 329 3
242 279 3
17 144 3
56 67 9
236 300 9
170 299 9
396 403 10
40 111 4
249 340 10
211 248 3
111 114 6
234 259 9
195 226 6
157 359 2
40 320 10
129 342 8
237 294 3
136 272 9
289 334 9
255 359 10
164 355 5
101 350 2
117 362 7
65 233 4
51 399 6
101 191 7
298 399 6
52 264 6
249 281 8
201 282 10
174 362 4
16 17 9
84 340 5
136 243 8
174 187 1
161 164 4
203 361 7
139 259 5
237 378 10
173 185 10
143 362 6
223 387 8
122 329 5
89 342 10
366 390 7
58 338 3
60 207 8
61 172 1
299 307 4
166 278 2
10 346 4
217 310 3
160 190 5
146 281 5
215 366 9
17 74 7
278 343 8
37 205 8
233 365 3
137 294 2
266 391 6
262 318 10
106 157 8
74 261 9
249 300 1
92 339 2
15 390 3
307 401 10
69 302 3
61 206 5
315 338 5
24 195 1
67 104 2
136 342 10
221 274 6
188 246 3
16 144 4
222 239 1
166 339 4
312 339 4
310 364 5
45 207 8
90 368 5
190 228 6
263 354 3
226 261 3
258 277 4
284 366 1
135 360 4
215 368 9
14 160 2
86 255 6
202 371 2
113 282 2
135 251 2
288 294 6
179 308 2
110 307 3
284 301 8
17 99 1
218 239 9
101 218 8
331 347 3
1 71 5
95 385 2
212 248 9
294 382 5
336 369 1
180 391 1
116 362 5
148 346 2
269 305 2
312 334 10
17 335 2
219 317 4
300 356 10
74 176 10
341 403 8
136 163 2
46 335 7
74 288 8
86 179 10
197 376 5
78 290 1
310 370 2
17 261 5
23 138 10
326 396 6
386 388 7
351 361 2
309 362 8
206 354 3
215 224 9
183 222 9
185 334 4
68 274 5
1 261 10
133 352 5
311 372 1
167 341 4
174 279 2
98 330 1
125 295 7
335 368 4
305 381 3
93 205 8
323 375 2
27 295 5
25 298 2
118 374 4
231 237 10
100 233 7
380 389 8
84 289 6
56 382 8
153 366 10
22 357 8
83 387 2
302 336 5
269 272 2
154 306 10
269 346 1
164 365 3
23 237 4
142 335 7
239 400 9
222 388 2
142 243 1
252 370 3
176 256 2
83 318 10
211 222 4
103 331 3
46 387 10
37 350 5
135 381 7
253 340 2
128 226 7
178 262 8
332 394 2
115 142 8
369 402 2
352 387 9
277 375 8
222 232 8
91 182 9
183 308 1
31 358 10
83 293 1
273 399 1
185 343 7
390 398 4
215 403 2
40 138 5
258 379 8
365 400 7
202 385 9
62 203 4
89 195 2
252 388 7
74 232 3
69 323 8
245 400 3
106 390 3
110 353 4
2 288 4
95 300 6
32 83 3
144 246 9
46 245 3
67 206 6
85 183 10
136 291 1
38 135 10
342 396 8
195 400 7
37 203 6
198 305 2
334 382 7
301 370 4
281 392 1
166 272 9
261 334 1
282 321 10
252 305 7
166 302 6
193 255 2
132 176 2
178 187 7
161 321 4
195 360 1
