200 1000
393 23
930 10
834 29
663 17
90 45
440 6
58 4
731 13
721 18
90 32
554 39
787 50
273 23
58 33
229 48
945 11
130 14
643 31
664 46
217 22
769 2
810 25
364 26
667 32
968 3
56 5
951 46
444 37
904 43
31 19
56 27
93 35
518 48
50 40
338 15
546 34
275 31
399 13
234 34
390 48
364 10
947 21
415 1
56 14
574 26
939 20
625 39
26 47
104 34
840 19
3 42
718 31
176 24
47 43
902 24
282 14
164 1
400 6
342 42
264 14
803 2
444 38
743 7
644 4
122 38
360 23
241 39
206 1
471 19
86 17
132 19
58 11
555 7
358 30
504 38
752 37
126 14
326 4
708 3
686 37
678 27
963 46
715 1
411 26
467 5
431 34
918 41
510 50
757 18
316 11
53 40
447 40
619 5
34 16
536 40
61 24
465 39
636 14
908 3
867 39
556 21
43 25
181 28
88 6
388 31
292 42
173 6
247 36
132 15
604 37
324 31
888 45
180 4
242 30
916 11
951 45
165 39
68 2
478 3
547 9
260 35
725 42
410 41
222 30
846 32
478 47
71 26
456 23
727 50
79 8
238 7
711 27
999 29
736 25
577 50
124 17
88 30
171 33
277 6
367 49
853 24
605 15
206 10
316 4
29 14
610 20
421 15
92 45
714 9
64 3
711 28
318 10
612 50
587 19
473 36
918 27
258 31
980 21
408 11
683 24
842 50
400 43
253 28
534 5
173 9
618 27
59 27
844 39
610 42
364 49
549 42
879 32
536 4
412 30
19 39
351 40
454 4
187 13
148 19
243 2
939 27
309 47
519 32
320 26
810 28
312 47
530 19
888 24
935 22
827 42
361 21
285 39
632 30
681 29
132 17
173 27
892 50
898 3
806 27
487 28
1 186 3
1 92 6
91 186 4
1 71 6
146 186 1
61 71 5
92 173 6
92 113 3
170 186 6
1 64 5
37 186 9
164 173 10
71 96 4
71 174 9
96 111 2
138 173 5
96 130 4
40 174 1
59 96 9
64 188 1
47 188 8
92 115 1
174 186 1
96 110 9
115 173 2
151 173 10
71 193 6
1 89 10
46 71 9
20 111 2
7 111 2
64 165 9
27 89 9
98 186 1
46 173 8
71 92 1
16 115 10
17 174 8
76 130 1
98 110 5
128 193 9
53 130 9
130 158 8
1 68 6
68 87 4
48 87 2
136 165 7
71 89 5
111 170 9
96 105 10
108 193 8
133 193 2
130 155 7
92 132 8
113 153 8
111 184 9
32 87 5
81 155 10
64 130 7
97 165 3
43 105 4
153 169 1
10 87 9
73 158 6
92 97 10
130 176 6
124 158 3
64 106 7
97 153 6
180 188 2
89 116 1
65 97 10
6 193 3
89 113 3
156 170 9
113 150 9
158 183 2
102 130 2
141 188 2
22 150 10
84 89 8
173 182 5
41 193 9
96 140 3
131 150 4
110 186 7
124 132 8
96 188 5
124 165 4
65 89 7
109 115 9
42 89 7
138 165 8
72 158 4
95 96 10
97 127 5
149 182 4
65 193 5
158 163 6
87 173 3
107 163 7
55 96 2
68 193 10
40 132 2
29 165 5
19 182 1
64 85 7
32 127 3
9 153 1
70 106 3
58 174 5
110 120 2
27 115 2
76 182 8
87 103 4
151 174 4
91 165 6
155 175 3
92 124 2
120 176 3
66 120 7
23 106 8
1 111 1
162 188 6
68 97 1
79 124 4
47 106 3
137 176 9
89 124 3
168 176 5
100 158 10
136 184 2
84 176 2
158 176 1
72 184 3
68 103 9
127 199 6
85 163 8
120 168 6
152 176 5
79 176 9
71 150 7
54 110 9
130 143 10
106 130 6
1 151 3
73 103 9
48 113 4
101 176 8
87 188 6
17 89 7
111 175 6
43 113 2
184 195 4
74 116 1
124 194 2
89 160 9
110 129 4
50 120 8
168 173 5
130 182 7
10 97 9
178 188 2
176 186 5
114 186 2
106 179 1
89 143 9
102 110 9
129 188 10
21 105 8
10 96 1
165 195 4
85 130 2
113 164 6
128 170 5
121 169 10
89 140 4
86 182 4
171 183 6
82 89 8
39 164 9
39 115 2
129 152 2
80 110 1
39 85 2
162 182 10
21 132 7
113 175 1
120 186 7
98 184 3
122 175 6
97 158 1
18 143 8
1 141 8
31 140 8
118 169 10
105 117 5
143 194 2
104 143 2
78 158 4
127 193 10
51 194 2
123 165 3
68 129 5
68 140 4
1 37 4
110 145 10
147 186 8
13 179 3
64 92 3
132 190 7
58 120 9
110 176 4
80 190 1
150 159 4
111 173 6
47 89 1
81 117 2
113 159 10
164 168 5
92 198 3
89 141 10
32 140 9
147 179 4
98 159 4
74 160 8
89 155 2
44 150 1
168 179 5
13 97 6
10 179 1
109 199 8
92 142 4
32 190 10
16 199 5
96 163 1
124 188 4
92 109 10
142 190 9
114 188 1
119 145 6
59 176 4
110 179 10
20 142 5
166 184 4
115 145 5
188 193 9
71 124 9
37 196 1
56 113 5
31 37 9
123 182 3
96 129 6
68 110 2
31 96 9
71 86 3
125 160 5
87 170 9
78 151 8
110 124 1
109 188 10
40 92 5
89 109 3
121 142 3
25 198 3
85 131 6
128 142 5
13 143 4
34 184 7
167 186 6
179 190 6
94 174 6
27 174 10
76 175 2
132 163 2
116 138 5
121 164 1
41 110 2
71 135 4
27 179 5
37 67 9
72 194 2
105 190 10
27 87 1
5 96 3
153 172 3
47 190 5
32 184 6
153 163 8
42 131 3
131 135 8
96 175 10
119 120 9
9 164 3
62 172 4
115 127 10
5 111 5
61 135 1
56 179 7
116 117 8
109 174 7
76 195 4
86 181 2
91 138 6
26 175 1
60 170 1
52 127 8
97 163 10
145 167 3
176 199 6
57 109 2
111 114 8
113 170 4
103 120 6
26 89 1
143 167 3
7 67 9
35 181 2
182 195 8
56 71 3
73 142 5
8 173 6
86 105 9
167 198 9
87 96 9
135 139 1
165 196 8
67 68 7
105 143 8
3 174 4
55 168 9
83 132 2
89 182 1
127 128 10
83 175 1
66 109 2
11 106 10
138 163 10
69 199 6
72 97 2
6 182 2
105 120 7
132 146 2
69 158 10
87 111 7
160 164 9
141 182 6
105 107 3
151 181 8
9 169 1
135 188 6
97 145 7
35 127 8
9 173 9
159 166 10
89 163 1
117 135 5
113 155 9
56 186 8
143 153 1
52 71 7
42 146 3
99 153 8
119 193 10
130 174 3
133 199 10
105 167 5
44 105 9
103 144 10
97 138 2
98 127 8
77 166 9
19 150 10
52 116 6
19 129 1
106 128 10
135 145 5
143 176 5
63 184 7
30 131 6
49 106 2
77 196 8
89 107 3
54 127 2
137 179 2
118 163 9
86 107 10
159 163 3
105 182 3
66 198 9
86 158 7
67 139 5
135 179 3
78 194 10
82 143 9
44 168 7
2 110 10
96 136 7
113 127 5
44 128 6
47 113 9
111 163 8
181 186 4
37 54 9
111 193 3
38 96 3
86 148 2
68 123 5
5 146 2
106 124 2
171 172 2
164 176 1
130 198 10
77 131 3
30 107 5
45 131 3
11 194 9
100 163 4
61 193 7
48 186 8
85 95 8
129 153 9
142 185 7
37 153 5
68 155 3
1 85 8
26 132 9
148 186 3
128 130 4
74 124 2
39 111 8
163 172 6
18 113 8
53 127 3
44 152 2
97 166 6
10 181 8
86 92 2
111 182 2
59 140 2
57 193 5
17 141 1
159 188 3
76 105 3
101 123 5
97 98 7
103 139 4
159 198 1
61 159 4
81 140 6
176 188 7
1 110 5
156 175 1
83 96 6
111 117 4
160 195 6
113 140 5
158 167 6
129 151 7
38 153 8
109 168 5
37 97 3
30 120 6
51 141 4
155 193 9
136 177 3
169 187 1
83 98 10
62 129 3
67 128 7
125 131 2
106 151 5
163 182 7
82 117 3
97 121 6
26 85 8
120 195 2
86 177 4
85 185 5
110 149 4
103 185 8
85 174 10
125 136 9
126 184 1
101 155 10
144 156 1
82 130 9
25 129 1
54 195 7
48 152 9
138 140 9
129 156 6
21 130 10
89 92 3
62 167 5
39 195 10
77 163 10
54 193 2
140 185 1
172 195 1
28 183 10
37 169 5
4 64 8
190 199 8
52 164 4
173 190 1
79 152 5
88 182 1
44 170 5
69 165 6
187 194 3
58 195 6
118 144 7
23 113 1
24 150 6
160 169 4
134 183 5
115 175 7
40 190 10
89 147 3
6 185 1
114 139 1
57 167 5
138 196 6
34 194 3
67 186 1
130 139 6
50 92 10
13 145 8
30 170 7
78 186 6
132 151 7
101 158 7
82 144 1
151 194 1
109 135 1
98 185 10
92 165 10
97 100 6
141 199 10
95 199 4
84 169 6
22 146 1
64 127 4
95 172 9
23 92 3
69 188 6
1 7 2
103 168 7
93 113 2
175 199 6
150 169 5
87 128 4
153 195 5
4 187 2
44 199 7
133 141 10
52 111 7
155 177 1
55 140 6
64 118 7
167 187 1
65 139 7
142 195 4
97 118 4
49 175 1
37 174 5
52 109 6
153 193 7
72 166 10
109 128 6
89 188 8
14 64 3
127 146 5
90 110 9
126 135 6
67 117 6
75 176 8
27 64 1
85 128 6
187 198 6
71 115 7
132 176 9
86 159 6
29 195 9
52 152 10
80 155 10
100 200 9
3 89 2
95 101 1
83 149 7
103 151 4
24 182 8
17 156 10
48 164 10
45 152 3
142 145 8
8 187 7
115 166 1
106 176 10
107 145 4
9 200 2
29 136 9
110 184 3
120 144 8
132 184 9
22 138 10
35 187 7
6 132 8
165 191 8
153 167 10
169 176 7
15 163 10
63 147 4
10 173 5
67 141 7
77 188 6
150 198 2
79 109 9
68 118 7
38 71 3
52 124 3
96 161 2
50 185 5
9 144 2
47 185 8
67 123 3
72 92 7
7 166 3
113 137 2
6 167 6
145 190 7
51 144 1
125 196 8
116 133 9
62 187 9
3 123 6
59 64 2
35 123 8
132 158 8
125 142 10
85 107 4
126 140 5
140 180 2
156 163 5
133 171 1
109 161 9
27 150 7
49 170 1
135 172 7
142 159 6
37 106 7
84 174 1
136 157 6
56 199 7
47 166 5
111 172 9
71 95 5
173 180 7
181 184 8
135 162 2
130 193 1
98 136 10
103 108 7
169 199 3
125 176 10
1 101 4
68 107 8
34 159 10
26 161 6
151 156 8
135 198 9
67 191 3
67 159 5
126 143 9
26 110 8
24 141 7
72 167 3
113 152 9
9 85 1
116 121 8
120 149 3
75 96 8
54 100 5
120 161 2
31 158 7
61 111 9
153 175 5
140 163 1
63 141 10
61 194 4
86 167 2
1 104 5
32 153 2
46 196 6
63 160 3
173 199 8
96 114 6
53 190 6
101 180 4
59 146 10
128 179 7
120 162 7
17 129 6
33 85 1
71 191 1
109 141 2
90 97 4
60 129 9
105 175 9
49 156 1
158 186 9
64 87 4
26 95 10
3 137 2
175 191 6
167 176 5
115 164 5
111 169 1
145 187 3
110 163 2
131 140 8
118 156 1
53 96 1
156 169 3
118 146 3
148 155 5
32 86 3
76 133 8
162 171 6
46 150 8
37 128 10
155 198 3
38 141 4
11 191 2
70 128 1
18 175 6
191 197 5
41 169 9
115 131 8
5 148 3
132 136 3
15 140 8
147 174 8
54 138 8
101 109 1
89 158 3
72 87 5
178 200 2
89 198 10
57 197 3
156 192 9
41 195 7
104 150 2
96 197 7
8 123 4
74 156 7
160 172 10
6 168 7
24 161 5
2 164 4
22 161 7
96 135 9
137 163 1
189 197 7
155 186 1
7 92 9
91 129 9
170 181 1
22 129 6
150 158 3
53 183 10
109 162 2
66 147 4
64 98 4
24 113 9
10 166 7
54 114 8
46 158 4
104 111 9
151 176 8
123 148 8
118 191 3
146 149 8
184 191 10
88 121 7
43 156 8
181 188 6
87 148 1
36 116 8
112 136 8
178 186 3
53 194 6
36 150 1
181 190 4
89 164 5
97 114 4
12 137 5
1 177 2
49 191 10
12 156 2
62 107 1
37 144 5
136 138 4
118 136 5
81 158 4
11 187 9
69 123 6
127 170 8
33 162 9
112 191 6
113 186 9
67 88 9
67 87 5
71 136 4
136 141 9
74 152 8
67 184 5
172 179 2
57 130 10
37 168 6
97 99 6
113 173 9
17 192 3
141 161 5
141 145 4
35 175 8
6 101 7
16 111 3
61 160 7
37 98 7
12 168 3
38 161 5
33 169 9
63 183 6
109 163 2
17 182 10
53 105 2
124 142 7
130 183 5
15 195 5
85 94 4
37 95 5
118 182 6
153 171 5
143 195 7
7 83 1
102 157 2
167 172 5
93 98 1
129 150 7
7 141 2
106 171 3
106 121 5
86 161 6
61 196 9
58 99 6
166 196 9
1 190 7
94 155 4
22 196 7
11 124 8
86 168 10
71 79 3
71 140 6
5 199 4
90 143 2
2 194 10
151 167 3
98 189 7
127 175 1
152 188 3
32 152 7
5 118 5
111 142 9
103 169 6
146 162 3
30 118 10
128 133 8
86 97 2
1 70 4
74 104 8
47 109 5
59 147 8
65 129 9
25 155 3
87 105 3
98 190 10
54 79 1
89 103 9
120 153 5
106 181 2
99 124 9
104 109 7
41 117 4
90 132 7
121 139 2
54 136 10
124 186 5
93 164 8
41 105 9
85 195 8
71 198 2
96 113 4
96 143 7
75 86 9
75 121 5
168 174 4
132 171 4
107 136 10
183 195 4
109 172 3
116 159 1
83 141 9
109 158 8
131 142 7
30 115 3
50 79 1
123 159 7
8 151 6
153 176 8
41 107 6
123 176 8
20 143 7
42 128 4
191 193 7
16 140 2
132 155 2
39 94 10
26 103 4
43 89 6
47 156 10
142 179 9
70 174 1
94 173 3
111 157 7
34 99 2
77 159 3
104 151 3
62 184 6
68 200 8
135 176 9
114 131 8
147 161 4
135 195 7
162 179 8
99 162 10
10 141 8
105 171 9
84 135 7
109 110 6
90 116 4
49 64 10
151 171 7
3 79 4
177 195 4
72 124 10
64 142 7
115 190 5
111 145 9
105 159 10
34 152 2
44 139 3
121 123 1
27 130 7
7 187 10
73 155 10
92 106 3
90 165 1
142 184 2
33 145 4
139 164 4
115 189 9
138 149 4
137 190 1
119 162 7
22 85 10
118 133 1
116 178 3
137 181 6
99 194 10
78 169 7
144 159 8
7 89 3
143 191 3
73 193 2
35 109 8
140 177 10
1 129 8
109 157 2
21 171 6
16 113 3
33 97 3
146 163 9
97 123 9
67 164 8
174 196 1
79 200 6
128 139 3
117 174 8
