938 1000
146 6
94 10
368 17
644 11
403 42
889 17
212 3
8 38
813 26
732 13
81 36
936 13
381 30
51 46
421 34
163 49
637 20
348 42
644 35
897 6
450 40
564 4
144 15
162 48
576 4
68 14
37 5
40 42
896 45
335 30
35 10
898 19
155 40
457 40
787 19
223 32
111 19
60 39
877 31
940 9
921 1
773 19
379 18
346 23
682 38
848 33
734 32
594 21
762 44
376 29
603 7
914 42
155 2
395 18
157 50
685 19
655 41
221 5
484 14
433 5
604 1
598 38
840 23
104 50
905 14
180 47
634 17
586 32
293 41
884 5
857 1
793 38
174 39
87 45
713 8
255 45
898 3
961 45
204 5
650 34
282 15
300 38
320 1
590 37
796 25
79 28
511 37
144 42
638 18
979 33
455 48
126 39
903 46
931 28
853 15
519 16
483 39
895 11
344 28
554 42
926 14
397 43
576 50
80 47
303 37
291 3
270 42
396 34
382 35
577 32
339 49
815 23
161 25
121 10
954 24
791 9
496 28
154 13
702 7
948 35
375 16
18 18
34 28
615 17
574 2
763 44
757 46
522 46
962 29
180 28
257 20
534 36
208 36
446 28
393 9
328 21
157 25
346 28
787 11
997 45
197 13
882 30
364 24
553 8
165 11
451 45
304 41
824 26
369 29
414 35
891 25
375 31
768 35
914 39
418 21
970 31
574 32
324 15
839 45
314 6
466 25
595 21
291 6
50 42
153 16
758 32
266 36
512 48
130 44
324 16
147 18
695 20
302 11
307 35
142 32
247 21
834 15
274 14
700 6
281 49
176 4
196 12
496 4
904 23
551 35
593 10
618 37
83 32
821 17
645 26
560 47
611 45
752 46
356 11
733 38
209 7
637 3
844 22
64 15
437 16
820 32
928 13
618 6
952 35
424 27
51 1
732 34
479 30
868 42
80 13
355 9
918 13
251 2
385 43
894 4
671 13
479 11
430 32
219 20
947 10
287 35
487 22
32 28
28 24
671 39
707 14
652 13
488 7
1 32
164 45
646 31
832 15
992 21
591 36
609 42
680 20
887 26
757 40
303 5
149 38
640 24
632 24
71 48
244 50
438 49
54 18
204 40
666 21
521 9
272 46
877 28
340 30
785 9
688 36
350 37
358 12
583 19
882 30
180 27
641 18
866 7
106 3
112 26
369 30
39 50
226 37
373 23
190 14
744 37
209 14
225 24
422 17
512 1
796 4
42 8
969 4
507 34
463 46
549 33
769 35
304 14
938 40
122 37
42 46
593 36
329 37
708 50
791 21
235 25
122 32
260 49
843 21
423 27
5 7
333 10
389 8
166 15
188 34
642 48
414 5
892 34
1000 41
184 25
836 15
883 39
270 43
150 10
989 10
704 29
641 29
312 22
32 25
865 15
825 17
641 15
18 12
605 17
549 26
775 40
687 10
477 6
706 50
253 32
581 23
127 25
387 7
812 28
267 21
468 14
197 42
453 24
416 32
724 25
55 33
684 11
651 44
831 2
771 10
306 28
543 42
304 33
714 33
373 26
421 36
52 2
786 47
903 36
969 16
853 44
741 10
870 38
482 39
298 22
951 47
173 28
801 40
994 14
117 41
188 14
554 26
711 14
67 50
272 46
136 8
609 1
381 35
848 12
859 14
514 20
102 29
446 2
571 16
505 48
45 16
535 48
18 21
669 9
476 16
563 44
785 12
101 35
747 22
956 2
217 29
229 16
651 39
207 47
992 42
345 6
100 50
713 9
829 50
844 13
98 19
591 5
77 3
352 8
218 17
854 17
850 42
223 34
20 10
58 10
151 25
415 6
525 41
856 14
970 33
2 22
420 13
705 39
771 9
615 37
538 1
58 34
312 30
60 19
673 18
779 23
81 44
564 48
804 27
369 30
24 12
53 30
987 21
87 14
96 26
608 38
926 39
81 28
514 28
810 2
375 22
420 24
428 7
846 38
494 26
861 38
561 36
710 28
389 45
316 16
467 4
33 24
757 27
546 32
140 12
378 17
192 30
858 25
783 26
437 49
87 8
585 24
744 47
240 9
48 26
14 9
721 48
761 49
825 37
549 5
93 49
793 23
639 1
709 12
786 6
777 37
74 20
126 14
679 21
362 31
184 15
909 48
56 23
857 6
978 39
84 45
703 16
301 20
852 23
148 11
546 15
443 49
924 47
207 45
514 10
581 29
304 49
312 46
448 6
436 12
365 18
590 21
148 27
316 31
135 14
718 4
511 15
61 9
666 46
471 44
268 21
808 33
876 47
11 38
969 42
137 49
47 29
94 16
684 46
469 15
656 14
209 14
195 45
268 42
275 29
233 36
457 5
50 27
71 45
344 27
827 47
783 38
220 26
414 18
952 16
527 5
318 24
308 9
651 49
436 5
460 24
864 47
291 22
545 3
183 13
422 45
631 43
541 14
443 1
623 15
571 43
117 19
635 14
927 11
460 2
816 20
382 41
420 24
27 19
288 12
330 34
245 33
934 12
452 30
403 49
395 28
717 41
176 27
921 8
825 14
468 36
557 14
941 32
7 33
40 15
56 33
18 19
824 28
758 40
377 23
225 33
157 50
228 1
772 19
288 28
784 22
854 28
985 7
73 5
625 25
6 34
265 45
947 12
58 40
680 7
277 32
258 8
373 47
799 5
692 42
521 28
934 36
812 26
373 44
512 5
509 46
106 8
697 46
288 40
387 16
119 30
885 27
284 44
100 50
863 29
130 39
67 26
104 2
79 35
245 38
275 25
190 6
43 37
873 16
787 7
555 18
70 13
447 36
244 24
541 24
938 21
849 14
859 29
625 29
401 47
302 28
911 25
586 18
349 22
179 39
458 8
397 28
299 26
86 27
65 37
775 46
731 18
347 23
6 29
767 2
511 11
86 4
767 12
955 23
527 3
397 10
443 49
876 33
428 28
557 20
627 26
974 40
396 30
495 25
568 49
470 4
105 17
954 24
226 27
392 43
488 42
410 50
803 17
607 25
421 41
198 21
532 13
605 5
237 17
911 33
924 1
943 4
190 3
146 18
68 16
356 25
847 4
108 40
6 37
891 20
276 15
316 20
524 6
868 47
652 5
186 2
785 47
608 43
883 7
858 15
604 17
543 21
930 25
384 27
226 30
794 6
119 50
372 28
921 41
972 39
681 41
673 33
875 10
990 18
728 47
465 13
503 42
789 3
834 2
669 23
782 36
988 17
882 10
378 40
8 3
446 13
734 40
791 11
623 1
450 7
500 22
850 29
992 29
671 20
719 12
835 26
379 8
950 38
410 40
410 42
275 34
914 39
349 42
948 28
675 32
389 46
261 19
218 38
980 38
297 29
784 11
304 44
816 19
220 35
75 1
127 43
558 43
404 40
337 13
926 45
712 20
537 14
635 15
81 2
735 24
130 12
706 22
620 43
555 41
321 32
888 5
392 34
932 9
383 44
998 38
824 7
644 39
746 27
12 46
663 3
395 39
909 30
216 24
110 20
72 38
797 26
734 28
949 42
864 49
440 46
192 28
506 10
391 21
515 46
349 24
43 46
650 16
5 49
168 34
200 7
435 39
794 35
873 7
501 25
954 28
546 16
17 6
182 31
546 10
805 24
20 9
340 39
305 7
149 2
18 26
382 35
513 31
129 47
760 12
379 44
943 6
100 50
284 26
831 19
517 11
958 47
418 14
418 11
355 42
629 42
424 35
631 29
664 44
655 38
78 22
232 25
144 31
602 5
654 24
79 39
700 10
63 32
971 2
174 16
292 36
548 4
857 24
593 35
861 30
397 30
853 20
366 48
400 50
802 25
58 37
754 34
43 19
498 25
284 8
494 23
678 43
194 42
142 47
810 4
618 28
650 30
600 50
575 8
224 12
785 23
148 36
834 43
779 28
927 29
977 43
298 14
289 14
589 9
699 35
508 7
494 8
587 26
190 1
510 24
892 28
773 35
788 30
295 30
808 14
550 18
627 2
495 1
244 45
618 27
859 7
221 32
12 26
974 6
113 35
58 22
141 6
423 41
396 15
119 33
686 9
175 44
149 13
236 40
209 45
944 8
406 40
879 8
679 30
561 23
751 31
614 24
513 29
345 29
378 1
902 7
956 28
820 29
845 29
678 34
970 35
689 28
68 42
757 8
719 37
864 50
404 45
48 3
299 30
261 14
326 40
499 49
115 30
349 20
221 30
717 28
108 5
390 45
334 21
364 45
184 14
1 892 9
652 892 5
1 149 1
149 508 4
1 611 5
398 508 10
602 611 1
149 909 3
254 611 7
1 764 5
209 508 3
1 356 5
142 764 1
318 909 8
108 149 1
508 883 6
297 356 9
83 508 1
149 745 2
250 764 8
356 871 2
764 864 5
373 892 10
148 508 8
1 451 6
841 883 7
325 745 3
209 764 1
424 864 10
626 909 7
502 909 4
744 892 4
764 845 5
149 175 10
232 508 1
151 611 6
638 909 2
325 883 8
149 679 7
541 871 3
150 892 5
745 845 2
20 845 4
148 745 10
280 871 2
550 745 8
408 909 3
175 604 1
679 910 10
175 756 10
532 845 6
477 679 10
115 845 9
412 764 4
59 910 7
350 508 7
356 535 2
782 845 8
344 909 10
149 762 9
508 802 9
569 864 3
862 892 7
435 909 4
1 586 1
539 892 7
611 696 2
181 871 5
718 892 8
905 910 10
33 845 6
289 451 8
83 883 4
1 127 10
81 845 1
130 764 10
365 696 5
23 127 1
162 508 2
216 871 5
127 850 8
792 909 10
258 864 5
547 883 2
276 850 5
1 480 1
710 871 4
356 680 7
184 910 8
611 709 8
762 916 4
184 802 9
1 781 8
871 885 3
612 892 1
147 451 7
536 611 3
97 127 10
850 908 10
248 802 4
680 870 6
141 764 7
1 432 2
842 892 2
356 636 7
443 756 2
127 525 9
406 909 8
127 777 9
140 636 6
175 204 8
535 851 4
204 346 6
525 778 7
839 883 4
257 762 1
175 305 1
570 777 2
860 864 1
679 734 5
885 912 8
83 762 9
305 307 9
750 764 5
175 904 9
127 874 3
249 764 1
745 761 4
719 761 10
570 904 9
175 328 2
525 869 6
503 869 5
173 679 10
46 480 9
405 883 7
841 885 2
463 874 9
26 871 5
484 802 5
679 720 10
213 850 2
533 679 8
612 845 4
149 484 10
284 851 1
261 307 10
63 845 8
33 869 2
558 864 7
799 850 4
553 764 9
300 904 9
349 679 9
75 871 9
326 892 1
377 845 5
132 535 9
137 778 7
29 764 2
68 864 4
306 484 6
250 909 3
636 812 6
874 913 3
680 767 1
175 282 9
305 459 1
185 874 4
282 913 4
5 328 10
336 459 10
680 790 1
250 680 9
802 898 8
175 287 7
271 904 4
356 868 2
204 930 3
386 761 6
287 801 6
427 802 2
110 432 5
811 845 1
636 650 8
1 623 2
856 892 9
346 853 10
142 680 10
590 898 1
362 909 9
680 827 2
762 807 5
604 867 1
777 779 10
315 868 7
306 761 2
67 305 4
11 650 4
218 356 2
611 787 1
272 801 4
120 535 3
305 457 9
189 790 3
245 802 6
275 827 9
768 853 5
717 745 10
549 812 4
265 885 4
175 610 1
287 427 10
408 525 8
533 696 10
459 467 9
427 638 8
67 801 2
432 871 7
403 680 3
475 802 3
204 778 4
109 457 10
762 820 5
295 827 10
451 691 2
369 720 3
870 913 2
348 790 5
132 586 4
175 511 1
511 612 4
305 826 8
138 282 9
325 913 6
527 812 4
566 612 4
40 307 6
692 867 9
636 775 10
437 586 3
233 790 5
310 457 7
346 733 2
328 460 6
277 801 5
312 356 1
32 745 4
790 937 5
221 756 10
802 826 1
694 787 6
204 207 8
638 713 4
851 869 10
765 777 1
207 543 10
444 451 2
321 457 5
35 457 8
457 765 1
351 636 5
703 778 8
67 356 2
305 617 4
812 833 9
358 709 7
398 868 10
512 812 8
680 786 5
282 683 7
532 910 5
181 777 8
525 804 5
224 851 5
15 804 10
228 467 6
302 511 3
508 764 8
507 777 9
650 711 3
92 801 10
650 816 5
636 777 7
331 525 6
80 680 8
683 886 9
271 480 10
114 845 7
180 909 8
47 851 1
808 874 2
762 775 10
70 904 4
561 868 5
804 929 9
747 826 3
282 700 4
254 898 6
446 604 1
868 919 6
459 532 10
356 610 5
611 830 7
94 812 5
391 767 5
444 779 4
586 602 1
1 125 7
683 837 4
33 696 10
599 775 9
91 816 9
566 610 9
767 772 7
550 898 5
417 457 2
480 661 9
89 790 6
204 623 1
636 928 1
5 765 6
459 469 1
346 870 7
553 870 10
395 820 6
11 467 7
432 438 1
850 880 9
880 910 8
343 764 7
553 734 7
109 467 6
649 734 4
146 469 6
650 677 8
262 617 3
82 356 6
342 680 6
307 865 10
469 896 1
288 525 1
813 851 3
433 480 1
197 767 10
117 772 3
622 929 10
459 544 4
398 937 3
171 885 2
604 707 7
689 867 2
563 765 2
564 851 7
736 804 9
679 700 8
308 880 10
485 787 3
71 864 2
419 804 7
801 803 3
777 796 5
233 765 3
11 356 8
786 926 10
594 772 4
509 787 5
279 700 1
108 865 10
435 820 6
33 602 8
586 777 3
309 346 2
128 885 5
737 864 1
638 700 8
779 927 4
733 817 4
459 839 6
311 908 7
611 712 8
93 928 5
264 779 4
539 778 3
456 786 3
779 865 3
90 892 2
1 183 4
802 847 1
247 847 8
257 898 7
44 767 4
694 772 8
638 710 5
368 898 2
712 880 10
652 833 6
356 661 5
508 742 10
333 636 4
73 287 7
207 681 9
622 807 7
228 525 3
886 930 3
305 786 3
802 916 10
381 826 9
290 610 8
586 930 3
836 885 5
204 472 6
311 696 10
55 612 2
701 845 8
82 867 2
207 439 7
661 713 8
525 859 2
204 350 1
8 696 2
279 508 10
376 778 7
254 909 6
35 709 10
792 817 2
562 710 1
501 638 8
524 868 10
305 800 2
116 282 3
342 544 10
438 589 1
630 839 7
756 837 10
127 506 7
16 868 2
328 402 3
163 871 3
175 790 5
104 870 2
670 912 9
194 439 4
461 762 7
70 898 5
241 927 3
398 532 3
851 863 4
650 872 6
24 868 9
626 910 10
501 927 4
823 904 8
457 610 6
712 901 9
611 652 8
535 583 7
500 617 10
787 800 2
453 864 3
400 837 3
464 928 1
360 767 1
173 826 6
472 804 9
733 767 5
490 937 2
777 868 5
220 777 8
308 833 3
697 772 5
677 913 6
147 863 3
213 830 6
328 529 8
562 851 5
638 835 5
440 796 9
222 307 10
636 919 3
250 661 2
543 710 4
87 484 10
265 796 1
584 880 7
253 839 7
908 929 5
612 836 1
583 868 7
397 871 4
614 733 3
711 761 3
349 652 8
197 638 3
748 765 7
271 683 8
506 634 5
517 696 4
141 207 8
8 910 2
127 450 10
306 912 7
125 347 5
298 460 4
70 916 5
581 777 8
321 880 8
502 820 4
287 299 6
344 650 1
78 713 7
70 847 2
586 605 4
460 505 8
238 638 9
396 508 10
634 822 2
529 671 5
840 930 7
4 880 6
27 586 5
523 847 5
652 898 10
801 908 3
205 853 8
611 798 7
728 937 9
713 852 6
410 638 2
555 898 4
610 927 1
94 602 2
733 772 8
99 910 2
701 772 5
614 892 5
777 811 6
661 687 8
760 926 9
249 681 7
711 777 1
741 807 4
161 712 5
264 720 1
655 863 10
63 929 7
292 742 4
12 712 4
699 896 6
511 800 8
827 836 3
508 733 3
125 574 1
157 529 7
460 702 9
847 896 7
204 683 7
817 834 3
384 798 2
60 733 9
519 681 4
437 869 9
520 777 2
45 480 6
147 787 1
314 928 10
739 863 8
184 867 2
667 817 2
19 928 3
465 820 6
851 858 10
198 356 5
20 850 1
505 869 9
14 910 4
460 612 1
177 779 10
194 807 10
736 742 3
307 611 10
365 928 6
865 918 2
638 728 2
743 870 10
199 713 7
650 814 6
242 683 5
568 883 8
504 937 7
267 535 6
902 937 9
287 885 10
596 859 2
97 830 2
324 836 10
712 741 7
521 583 10
356 699 6
816 901 5
779 802 5
2 699 2
151 661 1
373 816 7
814 929 6
346 444 9
62 149 4
13 910 1
525 527 4
125 308 9
110 916 6
505 541 7
127 589 7
204 500 6
677 928 2
476 767 6
536 918 2
413 634 10
247 671 5
677 833 2
236 802 1
36 127 10
636 817 8
178 505 4
271 451 3
329 679 5
419 913 6
75 532 10
676 892 5
400 892 8
356 770 3
174 781 9
677 696 10
427 786 8
552 586 8
617 839 2
2 845 1
181 892 4
171 175 6
242 508 1
307 473 4
403 870 8
225 834 6
625 827 3
406 713 2
524 713 5
701 733 6
665 745 1
156 696 8
775 822 8
395 908 1
209 472 3
674 796 10
101 467 5
679 933 10
645 790 4
115 859 7
763 850 8
671 870 9
543 781 9
410 814 4
345 870 8
702 738 1
569 779 3
398 830 7
275 680 9
832 850 2
215 612 10
528 745 3
574 722 2
450 552 4
280 541 3
728 926 7
290 467 3
761 770 4
96 847 1
652 679 1
638 886 5
98 650 9
687 882 2
820 921 2
137 916 8
211 511 5
628 742 6
77 543 4
698 852 2
540 696 8
688 863 7
529 637 5
875 928 8
618 847 6
538 851 5
287 877 5
107 800 2
68 733 8
388 762 6
635 835 3
686 798 7
12 525 2
77 637 10
422 918 10
701 756 9
307 714 5
173 786 4
496 869 1
315 432 2
195 885 6
801 869 1
480 803 7
110 634 7
511 775 10
467 743 6
14 589 9
313 867 6
86 867 9
640 901 6
184 851 1
1 916 3
712 758 6
552 777 5
576 764 8
425 457 4
281 459 6
680 929 5
43 529 1
772 927 10
79 347 7
288 460 10
438 833 3
487 910 5
43 722 9
207 262 5
183 934 5
153 812 5
595 617 10
276 714 10
175 259 2
652 702 7
19 402 4
459 655 7
474 807 4
220 728 1
300 847 10
312 707 5
624 796 9
2 652 8
745 877 4
468 532 8
679 828 1
140 868 9
380 677 5
700 851 3
552 660 3
438 816 10
36 720 7
24 778 2
511 598 10
871 884 8
17 505 7
686 710 10
687 937 6
648 772 10
252 837 3
149 592 1
350 363 8
567 852 10
329 865 1
589 729 2
253 574 10
688 835 7
305 639 8
55 816 3
117 811 9
833 913 6
692 850 10
282 428 2
607 742 5
689 811 10
258 916 8
642 767 9
252 937 9
866 910 4
178 937 1
354 779 3
634 681 6
46 457 7
363 866 8
738 913 9
47 702 3
506 514 2
379 506 7
407 460 4
517 637 8
69 871 1
511 926 8
375 467 1
193 709 10
844 896 7
864 885 7
485 871 7
710 742 6
113 886 6
623 789 2
148 866 4
434 696 5
684 919 10
257 592 9
192 636 7
645 652 6
628 733 4
701 882 4
742 761 4
369 820 6
455 500 8
611 854 9
220 529 4
1 909 4
244 652 3
402 802 3
661 924 8
615 845 9
682 729 5
681 899 3
91 125 8
432 543 7
527 933 6
428 739 1
244 789 4
27 450 7
391 864 4
207 760 3
206 910 4
141 770 8
738 850 9
645 836 6
58 681 4
441 480 2
63 650 8
429 691 8
415 683 10
631 871 7
500 814 3
779 800 3
264 858 6
840 901 4
204 905 9
328 886 5
655 835 9
402 480 4
252 833 4
305 923 5
259 885 3
696 884 2
308 663 5
114 149 7
166 511 9
688 714 7
641 767 9
427 732 1
342 663 2
434 872 6
33 183 4
324 734 10
253 713 9
750 908 7
518 761 4
541 702 3
556 803 4
308 712 8
506 533 4
522 870 1
219 839 4
334 912 3
591 660 6
432 600 6
597 871 9
581 760 3
305 525 1
102 822 5
147 610 3
132 505 7
170 346 3
526 541 5
356 552 5
207 913 9
683 761 7
527 882 2
214 761 6
78 851 3
270 786 7
448 745 1
127 433 4
469 761 10
834 852 3
367 822 3
87 720 9
327 836 4
450 503 1
610 785 10
586 869 3
440 924 1
482 786 6
617 777 7
204 393 3
600 938 8
146 761 3
804 910 8
626 853 1
679 764 7
810 851 6
428 817 6
134 634 1
545 677 4
693 885 8
637 721 9
637 856 4
34 927 4
363 870 8
639 762 8
697 756 6
290 634 2
592 900 7
425 604 9
656 816 2
761 898 5
480 866 1
84 764 4
237 438 1
239 927 1
187 299 10
201 636 2
737 863 9
743 808 10
48 814 3
2 683 7
634 777 6
63 532 6
569 827 7
249 899 1
267 532 10
66 872 4
294 661 8
410 871 6
34 307 6
795 870 5
142 711 3
156 589 2
870 930 2
532 554 4
65 775 5
177 938 7
685 934 5
127 218 4
330 714 1
104 308 5
407 758 7
439 533 9
476 711 10
263 305 3
328 893 3
535 854 10
185 305 3
478 742 8
238 910 4
685 816 3
65 589 4
778 881 3
500 576 4
247 800 3
592 736 4
230 858 4
160 872 4
577 775 1
126 259 1
402 471 1
677 861 3
356 880 8
450 843 9
661 702 2
523 600 5
274 305 5
474 661 5
208 858 3
756 904 1
398 535 6
778 926 6
428 897 5
573 928 8
587 822 2
532 761 4
634 914 10
262 933 4
195 837 3
408 702 3
429 552 1
260 896 2
696 785 4
382 605 3
566 592 4
594 796 7
