84 1000
5 1
45 16
57 6
39 11
5 2
37 18
78 22
86 4
57 20
88 26
32 8
28 2
69 33
56 17
76 23
64 3
10 4
21 3
67 21
48 7
9 4
82 17
76 5
39 4
15 3
17 7
13 5
97 12
63 5
22 8
97 8
65 17
39 4
89 4
6 2
51 11
41 14
65 4
62 27
68 14
52 17
39 3
3 1
89 40
46 15
16 4
95 4
6 1
63 19
5 2
17 4
16 2
13 5
19 6
32 8
82 33
22 5
34 9
40 17
4 1
93 11
87 9
81 20
60 7
31 13
62 1
60 29
59 5
22 9
53 22
80 30
71 33
17 3
85 37
7 2
50 5
13 4
70 22
52 23
81 2
95 32
99 47
38 12
14 4
1 42 1
1 83 3
1 56 2
1 34 9
56 59 10
15 56 7
40 83 10
36 83 8
11 42 3
44 59 6
1 32 9
34 44 4
23 44 6
7 59 1
44 68 2
44 78 4
7 34 8
42 52 3
44 48 5
2 56 2
29 83 4
7 68 8
27 83 7
56 69 3
1 82 9
1 78 3
1 81 5
57 83 1
19 48 2
8 52 1
11 32 2
32 44 1
20 52 7
8 83 9
34 38 3
27 68 1
72 78 5
48 67 4
51 68 3
20 68 6
13 69 1
43 83 6
1 73 9
25 69 8
38 69 3
19 82 10
39 44 7
14 42 9
56 66 1
42 54 1
4 73 3
34 64 2
33 54 9
44 51 4
51 54 1
32 41 7
26 66 7
33 66 6
41 59 9
1 45 6
81 82 10
9 69 9
4 48 5
34 55 3
11 83 2
21 67 3
34 60 2
34 58 6
40 73 1
45 73 7
59 68 7
4 56 6
45 57 7
20 82 4
41 83 7
1 67 6
13 56 10
57 64 2
14 69 4
30 69 9
16 78 6
37 52 4
32 62 4
28 38 7
40 44 4
5 81 4
52 64 9
44 55 9
58 84 9
34 61 2
32 78 2
1 55 4
62 69 6
49 59 4
45 60 7
64 67 7
58 67 1
35 82 3
23 57 7
47 51 5
48 66 10
59 81 3
46 83 3
38 39 2
29 59 9
23 68 7
31 84 5
8 61 9
16 57 3
39 70 10
63 78 8
57 70 5
23 61 3
44 49 7
3 84 4
44 50 4
49 76 7
47 49 9
38 66 8
2 62 4
66 80 5
14 60 9
44 56 3
16 62 5
53 55 10
20 50 7
22 76 10
1 22 7
3 32 3
22 59 5
44 74 7
27 61 2
25 32 3
40 84 7
30 52 4
48 73 10
73 83 10
1 77 3
38 42 5
41 51 2
20 78 1
31 44 10
8 81 8
75 84 10
52 73 3
2 74 3
57 62 6
20 77 2
45 51 4
17 69 8
11 48 4
41 54 5
60 82 8
9 76 8
58 79 10
9 66 3
12 79 10
52 59 2
55 74 9
23 32 8
7 50 7
56 79 9
37 73 9
37 54 7
69 78 2
46 58 3
59 76 4
25 67 2
34 54 7
31 39 6
11 41 2
13 49 4
57 60 7
13 67 4
40 81 1
4 66 6
1 49 1
38 74 3
21 52 3
38 44 5
54 80 2
61 84 1
52 60 6
9 32 8
29 74 2
53 66 5
62 81 8
1 19 6
64 84 6
13 64 9
1 25 3
45 82 7
11 80 2
4 61 2
28 61 8
66 72 3
21 69 8
39 50 2
32 39 9
28 58 9
18 74 8
6 62 2
55 61 10
11 56 10
57 67 6
12 48 10
25 47 5
1 16 7
55 59 3
25 38 1
31 64 5
4 58 1
61 78 7
28 70 10
27 47 4
45 50 10
60 62 2
46 70 3
11 55 2
38 52 4
17 44 3
56 68 6
51 52 10
49 79 4
60 83 3
38 55 8
1 38 9
16 45 7
42 84 7
19 70 5
19 84 7
58 82 8
26 81 4
47 62 3
40 82 6
27 77 3
55 81 10
62 72 5
58 68 10
23 52 9
48 82 4
51 69 9
10 41 7
58 80 10
63 64 9
19 56 4
51 81 6
32 55 8
49 68 9
75 81 9
59 77 4
45 58 4
49 56 3
66 71 6
67 69 9
17 34 9
26 48 9
1 62 1
58 60 8
34 73 2
36 80 10
73 77 10
76 82 4
17 84 6
43 74 8
55 71 10
28 57 3
67 84 5
43 78 1
37 56 10
30 47 10
50 55 1
69 73 1
25 55 3
31 50 3
7 19 9
4 72 7
19 32 9
47 80 1
27 73 7
60 78 3
38 77 3
49 75 4
29 58 9
35 52 6
38 67 10
55 76 8
22 83 5
75 83 7
70 73 2
13 59 10
45 55 6
25 57 1
1 58 5
71 75 9
60 76 1
70 83 5
36 38 1
16 66 2
30 50 9
42 70 10
28 60 3
2 42 3
67 83 10
16 49 2
51 59 2
40 68 4
47 68 5
26 55 2
26 84 4
22 80 3
35 69 8
16 53 6
64 74 6
45 52 5
13 38 1
38 58 10
47 82 3
7 83 2
27 69 4
16 34 10
32 37 9
37 53 5
6 66 6
5 80 4
24 50 2
24 79 9
30 81 3
10 81 7
59 73 1
16 81 6
15 52 7
24 45 7
61 82 4
47 71 2
49 54 1
22 63 1
1 59 8
39 69 6
61 73 2
21 48 4
68 70 2
14 39 7
36 73 10
8 69 6
32 73 5
16 44 9
60 71 4
75 78 4
33 79 5
56 67 8
42 72 5
25 49 4
34 50 1
1 57 8
78 83 1
9 38 2
45 81 7
34 59 1
8 75 6
28 45 6
38 79 2
43 71 6
3 63 8
4 68 4
50 83 3
16 76 10
32 34 4
20 81 3
19 54 5
52 72 8
15 78 7
44 66 6
44 82 5
34 82 3
52 66 3
1 53 6
41 77 9
62 73 8
32 71 6
6 69 10
25 34 2
54 59 5
72 77 2
50 51 2
47 63 8
59 80 2
42 48 7
23 53 6
13 84 6
41 42 7
60 81 6
21 68 7
20 74 1
37 50 3
22 64 6
28 37 5
25 48 1
53 81 9
55 68 3
17 47 1
60 74 7
70 81 6
23 72 6
28 41 5
17 42 10
54 57 9
51 76 8
26 60 1
13 45 1
63 66 8
37 45 4
64 73 6
23 55 4
41 72 4
44 45 3
60 66 3
20 61 4
26 82 5
31 47 8
43 54 7
44 84 1
41 74 8
32 79 8
61 68 2
66 70 4
43 49 7
37 82 7
49 61 3
68 82 5
32 48 6
31 55 4
5 37 3
75 82 9
76 84 10
61 62 1
45 77 3
45 80 3
35 57 7
50 76 4
73 80 7
48 75 1
57 68 2
51 53 1
31 34 5
44 71 7
17 77 7
62 78 7
38 76 1
47 54 1
68 83 3
42 75 4
4 34 8
59 62 10
67 82 3
6 19 3
53 56 2
16 59 10
16 28 5
46 66 1
31 60 5
34 39 3
38 73 5
51 62 2
8 16 1
19 34 7
14 53 2
7 47 1
74 77 2
44 63 10
37 38 3
28 52 6
50 78 10
53 63 8
25 72 7
1 66 10
57 69 9
22 27 8
23 37 6
19 62 4
39 59 2
68 74 10
19 83 8
29 57 3
41 82 2
14 45 4
30 49 10
16 56 10
1 13 8
59 74 3
4 16 4
16 19 9
42 55 10
59 78 4
28 76 9
51 57 10
4 45 2
8 22 3
10 82 6
2 51 8
45 71 4
19 47 8
7 22 9
28 51 4
51 82 4
31 72 8
65 81 4
69 74 3
19 31 3
41 45 1
60 80 1
60 75 7
52 81 6
27 28 9
64 71 3
67 79 10
13 78 8
50 70 10
5 68 3
9 74 5
63 83 5
3 67 9
3 81 3
44 81 3
74 75 9
27 58 5
27 65 9
22 81 3
80 83 1
36 47 3
51 61 10
31 68 4
55 73 3
26 72 2
25 37 7
52 83 10
19 64 8
72 73 2
4 41 1
79 84 4
61 83 10
51 71 6
57 72 4
63 76 10
44 80 4
45 59 10
5 70 8
74 84 3
2 47 6
35 42 6
31 67 9
28 82 3
27 62 6
64 81 4
68 72 9
43 76 10
2 25 7
28 71 10
37 70 4
2 63 4
11 54 4
43 75 3
1 72 4
41 48 2
61 74 5
62 70 6
14 37 3
27 34 5
48 58 6
39 74 7
59 70 10
45 54 2
19 52 6
11 66 5
8 62 7
42 61 6
45 76 3
51 63 2
78 80 4
35 54 9
34 74 1
31 33 1
14 22 2
54 83 8
64 78 7
11 19 8
65 69 2
25 83 9
52 84 10
28 83 1
19 44 4
33 67 1
48 61 1
4 37 2
7 54 8
63 65 9
37 59 7
77 79 7
15 74 9
29 81 7
27 84 1
28 68 7
48 72 3
39 53 5
33 84 1
50 66 2
83 84 4
65 83 5
12 80 3
58 77 5
30 73 7
60 73 10
27 39 10
50 59 9
59 72 6
28 49 4
21 49 8
34 47 1
7 84 3
47 67 9
13 71 2
25 59 5
4 76 3
15 33 9
58 59 4
36 41 5
27 45 5
4 54 6
9 44 10
23 81 9
60 61 3
50 62 6
1 39 4
40 63 3
38 49 3
48 84 9
25 82 10
7 56 5
13 33 4
42 43 2
65 66 9
77 78 8
14 78 2
1 54 5
42 56 10
57 65 3
37 62 5
54 64 7
24 65 1
48 68 1
15 54 4
74 76 3
21 79 9
26 78 6
9 39 9
56 64 2
43 67 7
53 65 6
21 51 6
34 37 5
31 66 9
6 58 9
27 33 8
9 71 2
67 77 3
28 73 3
48 59 7
22 43 8
33 82 7
45 53 6
33 72 8
20 69 5
40 45 6
11 74 5
54 58 7
39 67 6
27 75 2
32 54 4
25 54 7
48 62 6
9 79 1
52 75 8
26 77 3
33 64 9
24 37 7
29 31 2
32 42 8
10 49 9
20 59 7
29 82 10
58 76 2
55 75 4
27 66 1
58 69 8
7 67 6
67 72 10
3 78 6
30 34 9
41 69 5
37 43 9
22 32 7
36 74 6
6 75 5
71 76 2
22 68 6
5 63 9
28 54 7
14 54 6
37 80 1
40 74 10
43 45 3
74 78 6
1 30 5
20 53 5
11 16 2
33 69 2
77 82 1
35 50 5
44 46 1
22 60 10
27 76 4
6 79 7
18 30 4
15 57 3
21 42 6
15 61 8
22 34 2
33 76 8
6 33 2
24 42 4
22 78 3
29 63 7
54 78 4
53 68 1
74 83 3
15 70 9
21 50 7
27 32 3
11 28 2
30 38 6
46 69 10
60 67 5
8 38 10
61 76 5
17 58 3
12 58 8
13 42 7
6 22 8
2 28 2
32 43 10
76 79 9
12 78 7
21 57 8
24 75 8
28 46 10
62 71 9
48 77 3
49 55 10
24 55 6
1 15 9
61 72 9
51 75 4
1 75 9
18 53 3
25 41 5
69 76 5
43 72 1
25 43 7
56 75 1
49 62 9
3 19 1
53 70 9
22 36 3
40 67 4
8 78 4
28 29 10
50 74 8
16 35 7
25 62 1
67 76 10
32 59 8
22 84 7
47 74 1
22 70 8
31 45 8
15 19 4
52 57 1
29 79 7
18 69 4
46 72 3
63 75 8
72 75 10
21 29 7
22 33 6
22 52 10
6 52 2
47 60 5
58 78 7
30 62 2
22 41 4
66 74 2
41 63 1
50 80 1
42 60 1
43 61 2
8 44 3
23 84 3
69 71 9
71 74 10
9 62 4
22 66 1
60 68 8
30 58 2
33 61 2
48 57 5
18 61 9
3 44 5
10 32 6
7 76 10
46 59 9
9 65 3
12 71 5
48 56 10
54 75 3
45 69 1
4 49 2
19 60 2
62 84 8
31 76 6
32 56 4
45 67 4
20 67 9
55 58 8
69 70 5
12 13 8
39 73 10
18 80 10
63 70 3
28 48 10
5 50 9
28 55 3
18 65 5
13 63 3
16 42 2
25 46 4
19 65 8
10 38 9
55 60 9
77 81 4
19 23 7
71 79 10
48 80 10
50 64 7
7 28 6
13 17 8
49 80 1
42 77 1
27 54 7
13 65 6
27 31 4
71 77 2
48 79 1
66 77 7
17 49 6
41 81 7
48 50 9
25 51 3
65 70 4
69 77 9
35 79 8
33 63 2
10 78 6
1 76 1
12 34 5
71 83 3
19 43 3
10 83 10
33 68 1
40 56 1
37 41 5
17 57 9
35 56 10
22 48 2
25 30 6
17 68 2
13 53 9
17 45 8
43 77 4
53 54 8
43 84 10
31 56 1
32 68 10
68 79 3
55 83 5
16 65 9
44 83 8
34 41 5
24 32 3
1 48 2
63 68 8
38 75 7
41 43 5
51 78 9
10 44 2
72 80 8
12 68 2
15 79 5
16 25 8
28 53 7
14 23 9
24 44 3
71 82 10
8 77 1
49 82 1
37 58 7
71 80 8
28 40 4
61 64 6
16 50 9
46 64 5
51 60 3
42 46 1
40 78 5
39 77 9
60 69 9
51 84 9
10 62 7
25 78 9
70 78 4
44 54 6
36 60 3
53 71 9
39 66 5
37 40 9
15 53 8
15 48 2
23 47 1
31 79 5
16 33 2
34 40 6
32 60 7
37 61 10
32 53 7
14 40 8
25 36 2
33 48 5
48 55 7
59 82 6
16 40 2
24 39 9
58 64 7
41 75 8
36 70 1
8 40 4
26 70 4
16 41 7
32 51 1
54 84 5
30 83 10
2 13 2
20 38 4
18 47 9
6 63 7
26 30 1
63 69 8
40 79 2
26 39 9
16 31 3
19 68 10
27 78 5
57 74 5
50 72 8
13 70 10
69 81 6
23 45 4
18 66 9
46 78 6
19 76 7
16 73 5
64 83 1
39 81 10
79 82 2
18 62 9
41 58 3
79 81 9
25 73 9
29 72 10
41 71 5
18 29 8
19 42 6
12 45 3
52 54 8
29 56 2
30 65 1
22 37 6
6 36 6
66 78 10
2 54 1
22 40 5
11 27 5
