650 1000
46 13
89 17
92 37
20 3
22 5
66 1
44 11
27 6
34 15
7 3
4 1
42 20
63 11
100 17
47 17
34 16
22 6
99 29
79 29
76 23
29 5
29 12
38 5
32 13
1 1
11 5
91 44
57 2
47 10
91 8
37 12
63 16
47 21
56 1
43 15
63 26
100 12
76 23
19 9
73 6
9 3
55 20
36 6
26 4
30 14
79 1
98 19
60 25
27 1
19 1
56 22
24 6
19 1
91 33
85 12
29 6
19 3
10 2
32 6
2 1
41 11
53 3
75 18
32 13
69 4
8 3
85 29
82 15
1 1
45 19
32 1
25 12
57 6
47 18
97 45
97 9
28 5
61 23
51 7
20 5
77 30
59 8
64 1
4 2
61 19
46 20
30 9
61 2
30 10
7 2
83 32
38 5
85 16
85 15
3 1
18 8
37 8
29 5
8 2
30 3
71 35
19 9
38 15
84 3
92 32
67 24
81 2
55 18
53 17
63 6
51 20
76 3
91 8
68 8
46 11
61 25
74 7
9 3
23 11
78 27
15 2
84 38
9 4
28 9
10 3
99 22
95 36
99 4
11 3
96 12
67 12
41 11
75 19
100 5
24 5
38 5
30 3
7 3
84 27
15 5
83 9
69 11
83 28
6 2
54 24
64 22
55 5
59 14
13 5
29 4
91 28
50 18
58 28
8 2
83 16
63 25
100 12
89 23
61 13
11 4
78 4
57 18
74 12
87 10
88 32
84 39
13 5
7 3
88 33
84 21
19 8
17 6
74 29
8 1
83 33
22 2
36 17
82 25
83 26
54 22
41 10
92 16
55 19
70 29
63 10
93 14
65 6
17 6
64 5
26 10
44 3
61 26
79 25
35 14
24 6
41 20
82 34
65 3
72 3
73 24
10 2
31 5
15 3
51 24
49 17
74 23
95 45
11 1
52 24
53 21
70 6
36 10
85 41
61 1
37 8
95 28
74 24
52 8
73 34
60 15
81 31
71 4
12 6
43 5
74 36
39 3
37 14
56 5
11 3
15 5
99 8
17 4
76 10
29 5
97 26
19 5
82 27
6 3
58 20
67 4
96 31
50 23
10 5
89 16
35 15
29 12
69 17
34 14
1 1
2 1
29 9
82 13
83 39
24 12
37 6
9 4
73 8
20 3
10 3
80 27
21 4
46 5
1 1
15 7
96 26
95 12
93 10
89 19
94 13
33 15
1 1
29 13
45 4
50 22
29 1
89 17
75 28
79 14
38 9
59 20
24 12
8 3
21 10
72 26
21 3
14 3
71 14
11 5
4 2
29 13
49 14
53 25
1 1
36 13
85 32
55 3
65 6
30 10
16 5
16 2
8 3
36 4
61 11
96 15
96 37
89 26
79 9
66 31
70 32
64 11
26 5
5 2
94 46
31 15
16 6
69 1
99 26
51 25
64 32
11 5
67 6
25 3
43 10
27 1
60 30
31 5
76 23
73 32
96 24
39 5
39 8
7 2
77 21
90 35
42 9
6 1
68 19
38 13
32 2
78 30
70 8
80 23
42 11
80 37
9 1
77 36
98 30
91 30
86 2
17 6
90 4
41 13
10 3
35 13
40 14
9 1
12 4
93 40
52 12
21 9
86 4
89 35
21 8
36 10
5 2
59 14
24 5
91 28
4 1
4 2
7 1
7 3
2 1
86 9
74 15
23 10
88 36
53 23
62 16
97 8
86 20
20 1
28 9
22 8
77 38
68 33
53 8
61 4
9 1
1 1
88 12
54 2
33 15
79 27
30 9
39 1
91 25
23 8
22 6
84 13
6 1
100 48
46 9
45 9
42 6
95 4
12 6
85 24
27 2
20 6
98 21
76 20
36 1
88 26
58 6
81 3
24 3
80 28
38 4
12 5
54 12
98 46
33 5
30 6
15 2
71 6
15 5
82 28
52 13
1 1
75 28
99 38
45 20
56 16
100 17
3 1
43 10
2 1
17 6
71 26
69 16
53 18
7 1
14 3
79 15
9 3
40 16
44 6
90 30
88 16
47 4
50 22
28 6
11 1
19 3
40 10
49 20
69 34
6 2
81 37
69 17
92 3
24 11
16 8
52 22
31 3
68 28
92 36
45 12
6 2
34 14
10 4
78 3
55 23
47 10
79 14
69 20
25 9
64 25
49 14
56 7
90 27
23 7
31 1
42 16
78 38
45 22
27 12
25 11
5 1
51 11
99 20
75 10
37 17
11 5
54 22
56 12
43 21
53 12
54 8
89 31
52 7
41 11
63 9
60 20
57 3
33 5
4 1
71 1
42 8
79 36
1 1
64 26
22 10
32 5
46 12
67 30
72 27
87 34
2 1
81 39
41 1
31 12
9 1
44 17
7 1
86 19
22 10
74 28
28 11
75 28
23 8
43 16
78 34
77 8
95 4
3 1
52 20
98 1
36 9
32 10
22 2
78 36
92 34
89 37
6 1
26 5
70 22
77 26
76 23
85 22
39 15
96 47
86 11
8 3
71 24
14 5
50 24
2 1
16 7
72 30
69 9
83 15
64 25
95 23
32 1
68 7
71 15
38 2
57 5
57 15
79 7
68 16
33 8
69 16
10 1
62 23
91 37
52 25
2 1
3 1
97 25
13 2
91 43
12 4
66 23
95 20
45 9
22 4
8 4
69 18
85 20
93 5
1 1
34 17
42 1
26 4
50 24
68 6
91 33
12 6
53 2
39 2
68 6
35 1
26 8
84 41
55 18
56 4
95 21
14 7
15 7
1 1
76 35
12 5
64 19
2 1
35 16
61 3
49 23
61 20
24 9
8 1
53 17
34 13
52 11
39 2
92 20
89 2
16 1
9 1
63 26
14 3
50 14
80 23
72 28
18 3
83 10
68 21
1 1
54 17
85 3
52 25
24 8
72 34
64 19
48 24
77 35
21 5
10 3
1 420 6
420 472 7
258 472 9
1 212 10
1 462 8
1 514 9
273 514 7
336 472 9
1 468 7
464 514 5
310 472 9
220 420 3
462 482 10
165 420 5
310 462 8
1 405 1
299 514 3
472 486 5
1 276 1
224 462 2
55 486 7
462 539 3
196 539 3
98 212 9
1 100 7
274 468 2
1 600 4
27 514 5
420 625 10
468 550 1
52 420 2
374 550 9
22 405 1
327 514 4
442 625 2
70 212 4
420 637 4
233 637 7
451 637 2
486 545 9
230 514 7
85 637 2
482 544 6
600 607 2
323 637 7
468 650 4
187 539 3
108 550 1
36 462 6
179 472 2
202 212 1
60 486 4
257 514 8
130 544 6
387 544 1
548 600 10
461 472 3
12 637 10
420 447 5
198 405 9
102 600 6
248 607 5
402 550 9
244 545 10
534 539 8
276 443 4
354 545 2
117 420 8
141 486 9
420 468 5
90 514 9
400 514 9
246 462 1
203 650 4
299 420 6
448 544 3
27 600 5
34 550 3
239 447 3
89 650 10
353 468 9
451 650 5
345 539 9
426 514 4
32 276 1
1 150 10
151 443 6
293 600 1
415 625 4
293 637 1
466 468 5
276 319 3
429 625 4
518 544 8
1 12 5
276 504 10
275 539 6
379 514 6
405 616 2
238 462 5
75 600 4
486 541 9
524 550 3
152 468 8
582 637 3
352 514 10
403 539 10
217 625 6
410 607 1
12 123 7
79 472 6
435 600 10
463 541 9
486 600 5
47 637 1
386 625 6
238 541 5
206 550 3
268 545 1
58 550 3
212 603 5
495 539 1
319 334 9
334 561 8
58 405 9
253 482 10
259 616 6
334 615 7
93 468 9
541 631 10
301 468 3
504 646 2
112 462 8
12 240 7
333 472 6
140 468 3
123 465 10
447 642 5
330 482 10
319 632 5
447 601 9
435 539 9
418 550 3
522 625 6
267 550 2
204 514 7
18 632 10
283 631 6
112 544 5
417 615 7
299 607 8
323 405 1
324 539 7
393 443 5
315 642 4
456 545 2
443 615 6
305 607 4
554 632 2
508 632 3
111 603 4
1 542 7
120 561 7
137 650 6
125 420 8
462 511 1
109 240 1
128 637 9
12 36 4
31 405 10
518 603 1
142 600 3
119 472 7
212 619 2
100 370 7
375 544 7
93 603 10
12 235 7
89 561 10
533 642 1
443 632 4
143 550 2
203 619 6
472 595 10
443 595 9
491 600 7
62 595 7
90 542 4
443 446 10
345 545 6
339 631 10
240 283 1
400 637 10
495 600 5
359 511 6
36 453 2
87 212 5
542 603 6
452 650 10
44 319 8
309 370 4
1 344 1
109 542 10
444 468 4
446 562 3
168 550 2
504 525 4
395 607 8
521 632 7
54 511 9
283 352 7
263 600 1
151 545 2
540 646 8
511 630 8
240 352 5
176 603 4
283 368 10
36 622 2
472 584 4
38 542 9
420 642 1
525 558 10
542 617 6
562 597 8
274 370 10
359 370 1
321 542 9
409 597 8
601 605 9
81 544 4
516 607 9
405 511 3
237 420 5
283 492 7
334 452 3
512 607 2
248 637 1
368 532 10
381 504 8
335 622 9
26 584 2
607 611 9
543 544 4
170 541 7
236 468 6
525 642 4
28 616 10
395 443 3
420 605 10
257 544 2
561 622 10
41 615 5
359 600 5
334 379 10
91 611 1
214 600 1
239 453 8
194 539 5
176 637 8
49 650 5
472 533 3
119 240 10
123 206 6
558 634 7
20 601 8
209 482 8
110 550 6
23 443 7
319 495 9
269 642 4
208 495 3
457 616 10
1 85 6
12 469 6
42 539 6
44 642 4
276 334 8
91 206 4
458 642 4
420 640 8
437 514 7
455 616 7
150 465 7
141 642 10
162 368 5
479 607 7
504 615 9
290 532 5
212 548 2
591 642 8
36 150 1
165 642 8
149 607 8
598 611 1
232 634 2
273 370 2
344 573 6
366 601 10
293 465 9
482 580 9
150 392 5
322 452 3
263 595 9
352 586 10
46 319 2
293 405 6
150 531 10
447 603 6
147 482 9
150 537 2
180 392 8
373 642 1
124 240 5
131 640 1
548 585 3
192 603 6
170 619 5
40 646 2
241 545 6
206 646 2
215 334 8
149 605 5
212 454 10
368 490 10
290 545 5
1 562 8
213 586 2
388 454 7
38 344 10
8 542 7
312 472 9
23 240 5
472 630 6
155 542 8
206 284 10
453 522 3
308 642 7
252 504 6
212 258 3
344 550 1
319 521 1
284 538 6
492 648 5
467 630 10
26 284 1
388 622 3
42 486 3
263 486 10
382 482 10
160 486 7
289 584 9
537 613 2
469 637 6
36 510 5
216 486 3
235 252 2
621 634 7
15 603 6
548 605 10
133 240 4
404 510 4
205 392 3
247 573 10
77 541 1
56 562 10
392 476 1
240 498 3
400 550 3
334 466 5
347 532 10
374 498 5
38 584 9
596 622 5
462 500 10
625 650 5
98 584 5
100 475 5
370 456 8
498 512 4
248 475 3
194 616 10
362 646 2
301 544 5
438 525 2
236 542 5
179 510 1
101 558 8
443 498 3
283 601 6
234 637 5
221 344 5
294 533 8
307 490 4
572 637 1
57 521 5
57 492 5
297 622 4
203 379 5
302 482 1
541 586 7
137 611 2
482 643 8
482 578 6
405 408 6
98 511 9
349 615 7
319 597 7
76 490 5
365 533 6
145 512 10
368 617 2
356 562 10
468 485 7
23 352 7
421 512 8
104 150 10
327 453 5
543 617 7
101 597 6
526 545 7
284 455 8
398 462 4
32 370 4
256 600 10
55 634 8
526 630 9
283 629 4
236 283 10
456 521 4
476 501 10
138 646 9
530 541 4
450 468 7
500 537 2
113 510 2
150 166 5
226 446 3
420 570 1
203 531 4
196 405 7
150 270 2
224 558 2
315 573 3
99 514 10
17 392 1
127 642 10
313 352 1
265 637 1
91 625 4
263 632 7
278 533 10
360 548 1
277 573 2
505 648 7
325 453 7
100 604 10
574 622 3
63 631 4
415 613 5
43 510 10
586 619 9
30 558 6
493 613 1
564 611 10
212 580 6
459 476 10
349 533 7
202 270 2
458 616 3
531 639 2
275 561 6
622 629 6
286 600 4
324 615 2
447 586 10
172 578 9
370 439 4
392 446 10
408 605 4
565 611 3
207 585 10
532 539 8
122 447 5
320 597 6
309 379 9
510 632 4
31 36 9
112 585 10
486 578 8
148 603 10
50 586 9
276 389 5
168 619 9
461 532 7
75 550 3
299 601 1
569 637 2
404 601 4
206 380 5
521 578 6
91 370 2
302 619 9
532 596 4
118 501 5
123 346 8
330 472 9
334 455 10
98 240 3
435 447 1
105 504 10
319 650 4
140 548 7
12 631 7
43 379 1
539 600 8
234 525 10
539 554 5
420 585 8
1 507 10
118 472 9
284 614 6
252 418 8
480 537 5
480 617 6
514 639 9
180 630 10
401 420 6
370 607 7
275 492 10
314 466 3
410 532 9
235 622 4
166 531 4
352 403 2
64 617 6
462 522 8
208 492 1
228 580 6
42 500 7
55 604 4
252 512 3
252 562 8
521 529 9
431 495 3
270 469 6
128 611 4
276 372 10
525 529 10
240 500 7
55 344 9
259 521 5
218 284 6
267 611 3
615 623 5
454 501 1
176 617 10
574 639 6
486 648 7
469 552 10
166 214 5
150 469 8
23 646 3
86 418 2
540 630 2
604 614 3
344 411 8
494 539 7
30 596 1
489 613 1
585 602 3
270 529 6
419 573 10
18 352 3
105 235 3
573 645 8
240 351 3
441 475 4
180 284 4
338 455 10
586 622 2
166 435 7
287 586 10
580 641 9
182 539 9
537 640 6
456 541 7
510 642 8
171 490 8
446 519 7
156 466 5
363 519 5
36 563 10
405 509 3
346 436 7
283 434 3
244 542 10
65 469 2
1 155 2
531 602 10
346 445 4
397 637 7
254 544 7
81 619 10
283 563 4
329 514 2
325 625 4
468 584 7
18 434 4
428 504 7
350 372 2
363 544 9
377 455 3
150 420 5
459 510 9
253 372 7
114 447 10
180 214 1
261 646 6
486 619 5
442 622 3
206 540 4
455 646 3
492 546 9
469 482 4
82 504 1
30 492 5
44 284 4
128 456 6
399 561 3
113 550 2
284 495 6
188 270 5
452 460 8
1 36 7
405 641 9
202 472 1
525 622 4
86 454 8
502 637 8
88 629 9
283 466 4
457 486 3
509 538 5
540 582 3
168 455 6
249 447 7
540 589 9
325 403 6
617 630 6
173 522 7
366 611 1
531 595 3
214 435 8
150 529 10
128 585 3
63 270 2
330 456 3
547 570 6
424 454 10
259 538 6
446 584 9
434 650 2
77 258 3
215 370 4
418 645 8
225 634 3
100 645 9
125 630 9
438 540 3
315 392 8
480 504 7
166 647 7
387 607 9
235 495 4
580 586 7
235 268 6
267 586 6
280 456 9
203 436 7
212 638 2
132 615 4
15 456 1
76 492 1
1 576 1
87 645 10
372 536 10
6 368 2
155 290 4
503 645 10
168 495 5
177 584 1
3 645 1
558 598 8
44 623 6
58 630 3
539 628 8
507 619 2
462 601 3
395 561 2
452 614 2
460 524 4
447 632 1
45 580 10
308 544 10
206 619 1
36 339 1
79 475 8
60 576 5
70 268 8
180 602 7
509 531 9
309 586 8
24 625 10
240 597 4
472 580 4
37 541 6
223 617 5
150 542 5
214 526 2
12 646 4
380 641 5
466 560 2
85 173 2
46 540 8
100 293 10
435 597 5
173 584 7
389 552 3
80 509 3
258 300 2
591 622 10
327 466 4
510 540 6
514 541 4
404 552 10
379 584 3
545 573 6
302 645 2
141 252 2
558 650 6
120 150 1
188 372 9
330 542 7
421 605 7
256 576 7
105 379 7
212 539 3
358 468 6
174 539 8
124 650 9
109 439 9
253 631 4
28 548 10
165 166 6
85 487 5
235 345 9
381 485 6
245 380 5
541 591 10
16 123 4
346 446 10
255 585 3
138 585 4
130 252 2
183 643 5
530 552 2
18 490 1
284 436 2
408 580 2
574 617 8
20 631 3
316 453 3
443 592 7
193 290 6
205 524 10
100 629 10
239 258 6
218 546 10
100 170 8
538 580 3
225 270 8
382 476 8
12 308 9
95 640 10
11 498 1
276 487 10
422 650 3
173 345 8
286 372 9
538 557 5
373 541 9
5 443 6
1 82 8
401 639 6
300 569 2
469 500 7
306 418 8
36 469 3
1 131 4
404 546 7
331 617 8
1 619 6
148 563 3
199 615 4
208 619 6
559 641 4
569 575 5
62 589 3
361 533 1
468 589 8
368 465 8
235 464 1
27 435 2
166 232 1
536 537 7
498 606 9
379 401 5
310 634 10
164 469 9
5 640 5
435 639 3
168 519 2
336 643 3
251 558 5
70 536 6
22 308 3
13 212 6
492 605 1
580 633 6
54 379 4
446 522 6
91 569 9
408 542 8
90 563 10
119 270 6
195 647 2
1 123 9
158 642 1
411 536 5
293 564 1
228 472 10
223 453 5
613 614 3
45 514 5
131 243 8
64 495 1
418 531 3
345 646 10
523 601 1
59 561 1
490 641 8
346 497 3
269 616 6
335 611 5
495 559 10
252 603 9
607 636 4
328 436 2
361 524 8
64 592 3
330 564 8
539 623 5
573 574 8
562 604 8
235 352 9
571 582 5
203 574 10
128 507 6
117 589 9
240 300 7
428 525 3
408 425 7
344 583 9
52 293 7
286 439 8
275 632 3
411 508 8
455 587 9
32 392 5
16 643 1
393 569 2
550 604 2
384 607 10
85 103 9
228 533 1
339 367 1
313 498 7
71 647 8
179 637 7
18 619 1
171 379 4
442 643 1
376 557 3
384 460 2
404 564 7
427 446 4
308 599 6
203 284 10
113 435 5
564 580 9
380 568 10
525 612 9
148 476 2
100 268 9
58 370 7
208 344 10
416 548 3
141 512 6
460 519 8
71 563 10
98 639 7
418 634 6
371 542 4
344 553 2
243 511 4
68 344 3
363 411 8
182 639 6
205 550 7
276 324 7
319 555 4
198 482 10
289 466 8
343 538 5
416 570 6
243 623 7
277 552 6
611 612 6
598 641 3
185 589 1
213 568 3
324 490 6
592 648 2
187 570 2
368 451 1
154 290 6
131 555 7
362 562 8
562 611 7
479 636 3
8 642 4
333 539 4
56 538 4
410 640 3
89 270 2
21 492 7
146 418 2
375 456 5
161 443 7
381 648 7
108 634 8
212 650 1
528 570 9
6 611 4
378 455 4
76 601 6
560 634 4
314 464 3
243 322 5
37 636 2
491 615 4
75 339 2
562 626 8
71 346 7
454 482 10
452 639 2
100 341 1
468 625 1
70 525 10
443 535 9
374 529 7
84 560 10
505 558 10
188 434 4
324 441 9
262 535 9
515 599 2
173 625 8
241 563 10
398 501 3
335 641 1
150 584 1
117 524 1
423 544 8
272 334 9
79 636 5
442 637 3
531 619 9
504 576 3
212 472 8
441 539 8
85 632 1
352 420 7
334 461 3
230 639 3
555 581 8
182 472 5
23 598 10
8 625 3
