259 1000
309 41
258 5
511 15
916 45
907 17
40 3
490 18
878 8
754 2
281 9
950 50
760 44
667 34
726 46
768 7
947 29
59 3
691 29
583 11
364 12
299 14
511 24
7 5
273 44
621 27
724 50
582 20
677 38
631 24
58 27
274 9
109 29
955 32
929 27
182 44
67 13
56 31
209 5
72 48
993 6
916 6
54 9
386 3
381 28
401 1
759 4
649 27
91 34
406 8
269 49
598 30
394 3
778 37
432 22
746 3
529 15
698 48
486 15
688 4
105 26
720 35
58 28
418 15
31 7
530 23
919 8
136 22
779 25
275 1
742 15
846 49
154 25
253 37
537 27
944 26
132 45
750 37
663 18
863 25
581 34
188 13
731 20
334 10
938 4
197 25
528 9
13 35
991 24
87 27
77 10
98 1
966 11
916 29
874 11
743 4
553 32
785 12
71 29
494 28
927 27
525 41
170 38
898 45
753 41
449 44
615 11
636 47
214 10
553 17
228 36
905 23
531 14
11 2
779 22
260 44
174 37
753 17
739 5
173 38
620 25
941 16
476 19
32 28
620 43
844 3
869 8
898 24
683 50
374 33
5 20
442 24
504 43
551 10
873 31
158 38
329 50
116 32
689 30
410 14
882 4
739 11
922 37
929 43
374 46
689 17
19 9
723 13
733 33
453 11
127 18
213 5
543 29
59 40
687 2
280 25
436 38
852 35
332 14
151 23
20 22
300 2
353 28
136 40
481 17
864 13
421 22
409 12
877 38
706 25
296 44
887 48
98 48
985 26
819 20
613 12
850 50
276 33
523 7
104 1
514 1
524 10
10 39
94 7
390 16
571 39
785 18
738 48
96 29
225 2
169 42
730 21
245 27
258 39
809 38
363 12
47 4
433 50
202 5
394 50
655 50
842 39
915 20
132 6
501 22
177 10
675 11
113 48
649 47
181 41
805 46
741 10
705 14
431 11
537 15
240 45
451 10
569 12
8 5
598 35
368 13
622 5
205 39
127 26
915 49
573 8
849 6
17 40
893 9
204 34
178 16
709 21
438 8
613 17
227 32
330 13
758 27
557 28
204 26
126 17
25 20
269 44
895 36
734 6
529 12
220 24
167 29
59 26
778 46
301 21
316 45
793 1
454 4
653 7
649 29
665 1
465 44
279 49
340 49
541 16
1 143 4
143 209 1
47 143 2
209 226 7
143 172 10
1 173 5
46 173 3
31 209 7
135 226 2
52 226 9
226 249 3
64 209 2
1 36 5
114 249 3
130 249 8
172 192 8
173 180 3
36 78 8
193 249 9
1 68 8
1 91 1
113 226 7
1 105 1
36 124 10
91 213 5
172 195 8
195 249 10
133 180 10
43 209 2
17 195 5
143 161 8
158 209 4
65 172 3
123 172 6
190 213 9
122 249 4
78 119 6
47 209 5
83 172 5
209 259 7
70 172 2
119 210 5
143 247 9
141 192 10
36 144 1
144 158 5
4 213 9
116 119 1
95 143 7
28 172 5
249 250 5
173 254 4
10 210 3
65 195 8
1 235 5
79 209 7
126 180 9
65 249 4
186 226 10
36 137 10
180 226 1
171 213 9
7 235 5
100 180 4
36 42 3
173 194 7
113 194 6
105 227 7
68 174 10
237 254 8
213 238 6
108 259 5
119 142 7
205 209 6
213 232 3
44 247 9
174 194 9
78 104 9
164 254 5
39 173 4
136 143 6
172 241 10
161 232 1
104 177 4
194 202 1
99 235 5
48 177 3
26 42 5
146 213 7
116 124 10
1 230 6
228 250 1
1 13 8
172 173 3
4 259 7
13 139 8
36 239 9
147 173 6
91 100 7
13 229 4
36 218 10
105 124 10
100 227 6
119 224 4
158 250 1
4 177 9
59 226 2
42 179 8
4 202 10
44 226 2
25 210 6
55 241 7
206 218 8
142 147 6
153 229 7
207 235 5
39 230 9
232 235 1
117 194 1
137 142 8
124 173 9
232 236 6
104 192 6
36 61 4
144 194 10
161 181 9
19 181 6
63 249 2
233 235 3
59 247 4
143 225 1
107 137 8
132 143 2
180 209 1
137 258 5
185 213 7
137 210 7
233 241 10
239 259 6
27 224 3
139 144 10
94 192 6
132 209 5
68 210 2
137 254 6
48 218 1
116 179 10
91 105 3
144 209 9
75 174 3
8 226 9
78 173 4
104 129 10
77 226 9
72 91 3
20 258 6
14 129 9
144 163 7
124 160 10
10 179 3
152 258 6
125 249 7
78 184 3
142 240 3
68 181 4
119 183 3
13 169 3
147 248 6
135 240 7
50 249 10
31 173 10
242 258 5
68 106 8
10 139 10
13 203 4
35 183 6
202 250 3
2 203 4
148 241 2
162 183 5
130 258 9
245 250 6
240 252 2
35 143 7
34 210 8
179 240 6
66 249 10
113 249 7
146 226 9
147 176 9
163 218 8
78 96 3
95 173 9
130 250 4
12 181 10
169 176 3
10 232 5
181 225 6
189 192 4
13 233 7
190 209 9
117 158 1
106 213 7
185 235 4
127 258 7
236 252 6
205 249 9
123 161 10
142 166 7
102 179 10
145 236 1
10 173 8
96 134 5
1 35 7
131 240 3
195 253 5
70 203 9
71 179 7
68 124 1
139 183 10
124 239 7
143 210 9
60 105 4
177 257 8
24 236 6
36 176 10
133 195 7
166 199 5
42 67 4
177 225 4
70 230 2
106 203 7
234 241 4
33 172 4
145 240 10
204 240 3
173 193 3
41 224 10
31 100 1
68 118 2
80 253 5
63 247 2
145 194 3
195 243 7
114 194 10
3 172 3
13 151 10
177 234 9
36 63 2
78 252 5
28 194 1
43 234 2
27 118 4
215 233 7
45 181 8
104 112 2
2 213 3
177 207 10
183 218 3
229 254 9
78 233 5
104 193 6
218 240 5
104 163 6
96 234 9
121 174 1
112 254 6
68 167 8
193 232 5
8 243 3
8 236 7
39 248 3
137 143 10
72 202 10
117 207 8
1 161 1
93 224 10
53 167 3
181 194 4
67 157 8
234 255 3
210 212 2
99 184 5
173 244 10
198 202 9
209 258 7
33 36 1
202 247 4
211 229 2
144 176 8
158 194 1
4 232 6
50 209 10
134 158 1
35 202 10
52 236 1
194 210 4
148 180 8
152 213 1
36 230 4
68 137 9
9 218 5
8 257 4
13 85 6
183 194 6
115 176 5
42 195 5
81 248 4
101 258 1
106 182 7
78 207 4
212 236 3
40 176 1
199 239 9
211 226 3
16 167 5
159 179 5
13 126 7
44 253 3
138 253 10
142 152 1
155 174 7
157 243 4
9 129 8
143 216 3
1 112 2
79 199 9
163 242 10
167 243 4
63 163 4
1 64 10
67 163 6
22 238 6
110 242 3
198 213 2
253 254 8
67 244 10
87 243 1
42 103 3
160 210 1
166 220 2
141 213 8
129 199 7
149 250 8
99 254 3
127 142 8
166 248 4
160 223 3
85 171 6
232 252 1
118 202 4
160 220 10
168 212 10
151 232 7
56 183 5
105 223 5
192 215 6
67 235 10
128 139 8
61 237 5
81 194 9
95 106 7
81 210 4
5 233 1
137 201 5
25 63 9
14 243 4
78 218 8
150 215 8
13 137 2
42 124 9
207 236 10
67 194 10
69 229 8
89 142 6
37 237 9
212 240 10
147 208 5
107 173 3
212 226 8
42 94 7
57 255 5
106 250 6
142 233 7
2 241 2
151 247 4
68 177 9
57 243 7
209 227 7
151 168 5
94 167 6
115 160 4
176 253 9
114 180 9
71 129 1
210 250 6
54 118 3
153 158 6
85 175 5
64 159 3
96 105 6
64 259 9
90 226 5
193 256 9
157 215 2
230 236 3
29 96 1
98 193 4
120 168 10
179 259 2
12 248 9
116 174 3
100 196 8
129 160 7
35 169 5
118 178 3
144 198 5
60 91 10
75 203 3
134 257 5
36 150 3
137 157 1
218 237 5
71 257 4
224 245 9
106 254 10
60 184 2
166 193 3
63 178 7
162 218 6
234 258 5
141 230 8
140 181 6
46 244 6
150 216 7
145 199 4
170 175 1
36 50 3
42 114 9
147 245 1
134 224 3
109 209 5
249 256 7
14 203 2
47 124 3
68 232 4
224 244 10
42 144 7
234 257 1
99 215 10
145 209 1
142 159 10
106 173 4
169 213 8
139 216 6
43 174 9
192 225 7
71 255 5
227 243 10
83 243 6
91 258 8
61 94 9
106 178 9
208 242 4
124 205 10
177 187 8
78 180 8
85 100 4
113 209 9
142 220 8
177 227 4
144 220 4
241 256 2
6 207 10
48 258 8
97 157 3
126 171 1
100 127 5
67 136 6
189 250 8
168 246 6
91 245 9
72 207 3
187 218 5
196 237 7
19 147 6
4 94 10
112 210 10
10 244 10
163 232 10
210 240 6
6 96 4
187 190 4
14 167 1
35 49 7
51 150 6
100 155 3
97 181 9
183 247 1
197 207 3
92 124 8
41 61 3
227 230 1
144 255 5
23 36 9
147 202 8
20 169 3
45 171 9
106 234 2
19 184 3
103 229 9
229 256 3
99 220 4
50 248 5
79 124 1
230 233 8
63 136 6
49 247 5
11 177 7
7 137 5
160 232 1
112 230 10
84 208 10
58 177 1
112 219 3
167 207 4
161 183 9
127 137 6
235 238 1
149 243 3
120 157 3
3 194 4
46 195 5
128 241 7
155 166 4
50 75 6
142 192 6
50 145 4
152 198 7
100 208 7
78 193 9
54 236 1
50 208 3
25 201 9
72 150 1
181 256 6
24 143 4
60 253 8
54 174 5
18 159 6
160 190 9
34 112 4
39 114 5
104 199 1
64 141 6
98 114 10
49 170 1
105 259 6
205 251 9
145 223 10
77 216 1
64 155 5
105 241 3
45 256 9
151 239 1
213 217 3
208 248 3
41 254 5
27 232 3
12 190 9
113 239 9
77 196 9
76 172 3
129 249 2
49 102 4
114 163 9
35 56 8
201 238 7
71 244 4
196 201 7
92 171 7
171 249 4
154 174 7
67 246 1
27 177 9
56 208 7
157 233 3
178 236 8
44 114 3
64 91 3
196 252 5
153 254 2
137 253 1
22 91 5
207 231 10
54 102 4
155 245 5
99 142 6
78 117 9
19 217 2
150 174 7
25 118 5
89 159 3
61 64 3
68 201 1
209 249 1
115 147 8
78 243 1
30 195 3
66 244 3
60 100 8
139 155 5
66 208 6
45 175 3
137 183 4
66 152 9
52 245 3
105 198 5
103 114 8
63 208 3
56 204 10
64 71 4
171 242 3
114 139 1
84 256 1
110 176 1
139 221 2
88 204 3
157 213 6
129 153 2
25 254 3
6 105 10
91 244 2
63 78 7
204 235 6
111 257 7
17 217 4
227 244 3
204 234 7
157 172 9
21 184 7
4 252 2
170 251 10
105 111 1
71 218 9
208 244 4
184 217 9
211 249 6
134 219 8
87 230 9
51 203 1
33 126 10
160 185 1
203 237 2
83 199 7
35 254 2
145 160 1
111 166 7
31 181 9
39 227 2
51 124 8
51 174 1
1 216 7
155 208 4
214 241 10
174 208 5
102 146 2
210 238 1
41 124 2
158 224 7
110 185 1
59 134 3
43 230 10
73 237 4
142 253 2
146 245 4
70 183 1
234 252 3
215 253 10
136 176 5
30 176 5
42 161 2
89 237 3
144 203 10
194 212 6
22 151 3
5 137 2
182 185 7
117 157 6
121 253 9
190 256 10
4 159 6
67 176 4
22 190 1
139 253 3
185 224 8
49 231 9
163 183 1
71 193 5
42 239 6
15 230 2
41 68 9
83 166 5
26 245 9
167 174 1
1 57 9
30 114 9
106 238 7
68 138 10
145 213 10
180 195 6
61 227 6
111 176 9
190 218 2
191 236 5
50 232 5
75 225 2
134 228 9
242 249 7
91 232 1
63 130 8
74 129 4
17 254 4
142 160 10
220 249 1
111 143 6
166 244 7
61 210 6
134 246 3
157 245 10
112 208 9
78 102 5
151 259 7
13 160 5
240 258 8
171 220 9
164 242 1
146 228 6
118 186 1
199 230 9
170 177 8
91 224 1
174 212 10
96 221 4
204 236 4
125 259 4
53 243 9
81 233 3
217 246 2
17 237 7
106 199 8
177 242 6
96 213 2
130 153 9
11 153 9
213 218 9
216 255 5
42 50 5
57 249 3
33 163 9
54 161 8
244 249 8
93 213 9
183 258 8
121 227 4
23 233 3
112 166 5
34 146 10
217 226 4
111 122 1
59 137 1
242 251 10
54 127 6
68 219 1
47 102 2
28 223 3
104 220 7
74 254 4
90 104 3
48 142 1
251 253 3
97 171 1
7 236 5
172 219 7
179 245 3
175 202 4
182 234 9
160 254 4
115 187 2
59 215 10
54 146 8
75 223 9
130 194 10
141 252 4
168 254 8
241 248 2
182 202 10
117 186 2
111 224 1
158 173 2
105 218 8
127 138 2
153 161 6
136 194 3
150 173 6
225 231 1
64 178 4
35 95 3
167 171 2
138 231 3
2 143 3
25 215 2
190 259 2
187 213 8
18 112 7
134 194 5
134 234 3
114 211 10
110 208 7
32 248 7
95 227 5
53 227 9
61 159 7
163 256 4
157 166 3
61 119 4
93 174 2
231 251 4
110 211 3
201 225 8
70 238 5
160 225 9
185 207 6
95 212 5
128 177 5
54 187 9
224 232 1
63 171 7
129 173 5
21 158 4
35 124 8
56 230 2
122 202 6
227 240 4
57 202 4
91 180 5
137 229 1
120 249 9
71 161 7
72 190 7
179 231 4
150 151 3
118 175 10
86 252 2
159 250 9
209 240 7
193 207 5
76 127 9
67 213 4
195 236 3
64 175 4
136 212 9
94 243 9
127 150 1
1 47 7
35 102 5
174 199 1
47 214 10
20 231 8
117 146 10
145 187 1
182 184 9
153 231 1
21 124 5
225 237 2
100 252 5
6 249 2
7 152 7
185 192 9
47 95 9
52 159 8
247 248 8
42 185 6
118 206 4
52 230 10
121 245 1
56 72 9
55 64 9
53 91 3
210 215 2
88 106 3
32 218 9
79 141 6
57 144 10
190 236 1
105 192 4
134 196 5
131 187 10
139 242 6
178 200 3
64 227 9
20 177 2
56 82 4
142 158 3
93 136 2
87 192 8
24 255 1
63 106 5
119 141 7
28 85 7
72 109 10
159 182 3
20 141 8
126 187 5
173 199 1
127 226 8
136 226 3
91 247 5
95 144 4
90 234 4
42 136 10
144 225 6
193 226 6
157 211 2
157 232 1
76 111 6
180 206 10
35 157 9
16 85 4
70 181 3
124 237 9
206 250 5
92 223 6
44 112 5
109 254 3
139 166 6
228 237 9
146 174 3
42 204 2
66 182 10
112 220 9
175 214 4
201 210 10
32 173 6
128 134 1
21 56 7
57 254 9
64 220 9
174 195 7
88 207 9
209 219 4
34 161 4
36 247 8
6 180 2
137 233 2
82 209 10
56 254 8
4 85 7
47 111 3
139 150 6
222 254 9
190 207 8
111 255 7
111 199 9
228 236 3
40 71 3
152 157 1
163 176 3
211 259 7
65 176 10
5 168 7
109 137 6
71 243 9
157 174 9
102 166 2
241 251 4
75 204 1
177 212 9
206 248 1
13 106 10
24 201 3
208 210 4
91 175 9
136 234 9
209 216 10
177 253 2
237 243 7
145 259 6
90 134 3
95 167 6
126 159 3
119 217 7
24 134 1
154 187 2
227 252 8
126 182 9
161 226 8
229 247 3
119 144 10
58 224 5
