73 1000
8 3
73 25
62 24
41 11
30 13
81 22
14 4
77 5
10 2
95 36
30 15
27 2
89 13
13 4
13 6
51 8
3 1
7 2
32 2
22 10
27 1
88 22
36 13
91 44
14 4
63 16
92 36
89 20
84 31
78 37
72 29
90 39
86 32
98 43
50 11
29 14
44 10
47 18
14 1
88 43
25 11
40 5
92 19
13 2
23 2
17 1
89 41
65 11
91 2
41 14
26 3
71 21
85 25
69 33
81 32
17 3
30 7
21 5
6 1
97 24
77 19
1 1
7 3
90 45
90 16
20 6
10 3
20 4
18 1
59 29
60 27
74 2
61 28
1 67 9
61 67 1
1 72 5
19 67 5
1 29 10
65 67 10
29 46 4
13 46 5
46 47 6
1 13 8
38 67 1
9 47 4
60 67 5
3 67 4
26 29 9
66 67 1
13 69 5
46 69 7
13 17 5
8 29 4
50 72 1
23 29 5
9 46 3
17 71 8
24 72 5
26 71 6
1 70 9
29 34 5
47 69 8
17 32 3
25 71 3
17 58 5
46 64 8
48 58 5
13 51 10
17 61 1
19 46 8
14 67 3
63 69 3
33 70 7
26 72 1
5 70 4
39 67 7
71 72 9
1 10 9
1 40 8
66 71 2
69 71 8
29 60 6
58 63 1
3 71 4
9 32 6
3 47 2
47 63 2
13 14 10
44 71 10
21 29 10
62 72 8
47 60 8
22 32 4
3 29 9
62 63 6
28 40 6
27 61 6
10 30 2
43 71 6
8 72 1
29 30 5
31 34 3
38 63 7
9 69 7
30 69 8
21 34 5
14 45 4
12 72 6
44 61 7
51 52 7
51 69 4
45 71 7
6 34 1
32 36 10
30 43 6
29 39 4
45 65 2
19 63 3
17 43 3
47 72 2
16 45 10
36 46 2
27 36 6
30 36 2
31 67 3
30 35 4
40 60 9
40 50 7
4 46 4
1 39 5
2 17 10
50 64 6
17 56 3
8 65 7
34 42 1
14 49 2
1 42 1
10 16 9
56 62 6
28 47 7
1 43 7
10 56 4
14 51 7
37 63 2
39 66 10
40 47 5
63 70 7
22 70 6
43 69 9
9 45 8
3 34 7
28 42 4
43 73 4
40 63 9
25 62 4
25 43 9
59 71 10
19 56 3
40 62 1
40 48 5
7 49 1
4 29 2
1 32 7
27 70 4
10 13 3
60 61 10
56 61 9
10 40 2
51 57 7
45 57 8
17 27 8
49 67 7
27 30 3
52 57 1
39 59 4
49 50 8
57 64 2
23 57 6
5 50 3
35 47 4
52 63 4
13 58 8
64 72 5
7 46 5
36 65 3
7 69 2
2 43 4
24 30 7
10 33 3
2 69 1
67 73 9
20 42 6
51 70 3
16 71 10
11 48 1
1 16 5
34 62 4
21 64 10
29 51 1
13 73 1
40 57 7
31 43 10
48 61 4
56 67 3
24 57 10
14 27 10
17 48 4
48 50 7
70 72 3
10 12 6
12 63 1
18 36 5
7 71 5
17 68 8
15 43 8
30 65 5
46 59 8
12 25 3
51 72 4
16 32 4
67 70 3
65 70 4
12 66 6
13 43 6
17 30 3
33 69 4
63 73 7
37 39 9
5 27 10
25 60 4
47 73 7
37 64 3
20 27 2
33 47 6
14 24 4
30 60 8
26 39 7
42 71 10
41 73 7
34 57 6
26 60 1
47 52 10
16 30 5
28 39 5
42 58 10
14 46 4
28 64 3
9 51 6
50 73 2
62 73 1
17 42 1
42 61 4
35 61 3
23 62 6
24 51 1
14 64 2
30 59 5
42 64 6
12 60 5
45 63 5
13 53 6
13 68 8
60 68 10
68 71 8
58 59 10
25 27 6
40 53 10
66 70 1
14 72 4
13 61 1
34 70 7
29 59 2
10 15 8
50 53 5
26 35 8
64 67 8
14 59 4
29 53 6
48 69 4
1 73 9
15 16 10
54 69 3
6 65 3
1 58 4
37 57 8
25 70 8
10 64 9
26 34 2
16 43 5
23 42 4
32 42 7
16 48 5
53 72 10
10 51 9
30 49 6
22 72 2
56 69 9
34 60 9
33 58 6
42 46 2
55 71 5
11 59 5
40 70 1
6 45 3
57 72 5
31 61 3
39 63 8
2 58 3
31 53 6
24 53 7
20 52 4
1 61 6
57 61 8
43 52 4
12 69 9
16 42 3
42 44 6
7 30 7
40 72 7
13 34 10
32 50 6
6 35 5
33 53 2
33 64 7
34 39 6
30 66 6
33 57 3
47 66 7
20 65 4
60 71 6
42 56 7
36 64 7
27 71 9
53 62 9
33 44 3
35 48 2
40 69 8
45 48 10
52 65 10
16 51 9
30 70 7
23 43 3
34 40 2
1 69 10
25 40 1
35 72 2
32 62 5
17 70 8
41 62 7
25 49 1
16 64 8
14 58 6
34 46 1
13 40 2
16 26 8
13 16 9
48 52 10
10 32 2
19 43 6
44 66 1
3 32 4
10 65 7
26 28 5
10 27 1
37 68 7
22 52 10
4 68 8
59 73 6
29 41 10
26 51 2
23 68 8
18 70 5
30 41 4
57 59 9
65 66 4
7 12 8
55 65 7
33 36 3
17 21 3
17 72 2
12 52 10
52 56 1
13 63 4
2 14 6
63 66 9
41 70 10
67 68 1
5 29 7
39 43 4
41 59 4
11 12 3
28 52 5
65 71 8
25 56 6
40 54 6
44 58 6
28 58 4
9 17 5
26 36 7
11 39 10
39 40 7
17 50 10
16 57 3
21 41 6
13 31 6
12 58 3
55 63 6
19 45 7
39 73 2
4 24 9
38 57 7
14 71 6
30 31 5
13 19 8
31 65 9
14 31 9
24 52 10
38 72 9
41 51 7
51 67 10
5 28 6
11 19 5
35 69 10
30 64 1
60 70 3
32 41 9
55 67 4
15 41 4
18 51 3
49 72 5
29 68 1
29 54 1
12 27 9
27 59 9
19 33 9
17 73 10
18 40 3
45 51 5
14 50 7
14 43 6
50 61 1
10 17 4
2 29 7
16 63 3
24 71 2
16 39 10
3 15 10
21 32 1
51 73 4
40 68 4
31 44 2
28 57 2
50 58 5
3 17 9
47 62 3
54 60 2
13 30 1
15 45 2
42 49 9
25 72 4
23 64 10
4 27 6
41 52 6
10 19 4
27 40 3
13 27 9
41 44 5
45 54 2
43 61 9
2 31 1
17 64 9
38 47 6
4 15 4
48 53 6
10 53 5
29 36 10
12 51 10
27 51 1
5 51 5
3 33 10
27 34 3
10 43 1
62 69 8
44 60 4
40 65 7
12 31 8
47 70 2
12 41 2
19 42 7
21 68 9
24 70 8
42 47 3
39 57 3
13 70 9
32 33 9
66 72 5
18 44 3
12 20 10
11 52 6
7 15 7
25 44 1
16 31 4
14 41 5
35 49 3
43 48 3
37 40 4
49 73 1
12 49 8
15 64 7
56 72 7
6 58 4
68 72 5
33 68 8
33 72 10
64 71 9
32 49 6
17 49 6
33 66 9
30 53 3
31 73 8
39 49 4
43 44 4
31 51 7
31 69 8
41 46 4
45 56 9
41 67 2
54 71 10
61 64 4
23 28 4
15 47 8
25 52 8
33 54 5
6 60 7
16 47 5
31 48 9
51 59 10
30 71 5
15 24 9
13 62 9
41 63 2
25 28 4
43 70 10
31 36 1
41 47 2
34 67 1
50 59 5
15 57 9
16 33 3
24 26 6
62 71 6
9 63 10
40 66 8
23 71 9
16 40 3
15 28 8
8 42 7
51 71 3
22 64 4
26 49 5
61 70 1
21 24 4
34 48 4
59 69 1
17 54 10
47 49 4
26 48 10
45 68 1
16 27 6
27 45 1
8 67 2
25 54 10
34 41 7
32 55 1
17 39 8
28 59 2
41 71 6
12 48 2
1 53 3
48 49 10
14 62 4
28 45 4
27 67 9
2 68 3
60 66 8
5 33 4
3 69 7
56 66 8
1 41 8
19 35 4
7 20 9
51 56 2
27 50 6
9 15 7
23 24 2
6 40 2
36 60 4
24 32 5
7 45 9
45 67 2
19 57 9
4 16 1
15 54 4
16 61 9
17 19 4
41 55 2
2 73 10
24 35 3
24 25 2
24 60 9
18 66 9
23 50 7
45 64 2
47 58 10
54 68 9
31 60 1
33 56 1
25 50 8
6 48 9
21 36 2
19 71 3
42 45 9
37 71 6
39 58 7
1 14 8
32 54 7
1 21 5
4 14 10
1 3 7
31 52 4
22 30 7
20 45 1
15 27 1
50 65 7
33 71 4
19 41 9
32 72 3
51 62 8
58 72 2
1 66 9
16 60 6
41 48 5
23 60 1
3 50 1
29 73 5
36 42 6
55 61 10
12 42 9
26 70 8
43 67 5
33 40 2
35 56 9
45 47 3
37 72 9
31 68 8
17 36 5
24 34 8
34 69 5
30 46 8
4 56 9
40 73 1
10 25 5
63 71 4
13 32 10
14 32 5
24 48 2
27 68 3
20 62 5
32 56 7
60 65 2
3 58 3
62 64 6
45 70 2
55 62 7
6 24 3
15 49 8
66 69 5
2 51 5
32 70 2
6 54 6
3 54 2
48 51 2
15 51 9
30 67 1
38 50 6
8 21 3
15 26 4
64 69 6
53 71 3
22 56 7
25 30 2
36 73 4
51 63 9
44 55 3
21 61 10
36 66 1
4 25 1
21 49 7
11 26 3
33 50 10
26 54 7
7 55 6
24 64 10
39 53 9
32 46 3
43 66 2
21 58 1
51 61 10
50 71 3
12 47 10
11 13 9
12 13 10
4 33 2
14 68 6
15 44 9
32 73 5
31 58 7
30 48 1
30 33 6
18 67 2
44 65 5
46 53 5
35 44 2
2 61 5
24 47 1
20 59 10
44 51 8
61 71 2
15 40 8
49 71 1
6 57 8
4 55 2
32 53 9
5 40 8
35 43 7
10 34 8
20 23 9
1 30 5
22 66 9
10 47 5
27 42 3
70 71 4
13 50 4
40 58 1
31 66 4
48 71 9
16 24 5
29 62 5
20 28 9
51 66 1
34 50 6
35 68 6
20 55 3
46 52 8
40 67 5
59 67 9
50 66 10
27 41 2
25 67 3
45 62 3
50 55 9
63 67 5
34 43 6
20 21 5
1 45 1
22 50 4
20 51 1
35 64 7
13 42 2
16 44 3
13 28 6
10 44 2
32 65 2
58 67 8
50 67 9
25 42 6
59 64 7
14 19 10
30 72 7
34 61 10
26 43 2
32 48 8
2 54 9
31 64 4
4 71 3
30 32 4
41 50 10
33 61 2
16 59 4
7 72 6
21 33 8
34 55 8
41 58 5
19 70 4
38 71 6
33 38 9
35 53 7
11 53 7
6 20 4
22 39 6
65 69 2
17 46 6
42 70 5
36 44 10
56 71 8
3 10 6
18 45 9
62 65 3
38 40 8
4 67 5
62 70 9
5 34 10
21 26 8
44 70 9
32 67 1
69 73 7
26 68 6
1 28 4
29 48 10
23 35 4
10 23 5
8 16 6
53 58 10
22 69 3
67 69 7
33 43 3
55 60 2
17 57 8
3 16 1
28 30 2
46 49 9
43 49 10
43 72 1
33 48 3
27 44 5
20 66 6
15 33 10
45 59 3
13 60 9
52 61 10
61 62 7
38 53 9
34 71 1
29 31 8
23 69 1
34 49 3
8 53 3
15 63 6
15 67 5
5 57 8
5 65 2
15 53 4
17 67 3
63 65 2
43 64 5
21 40 5
19 39 3
27 57 9
14 54 4
28 36 9
48 56 5
39 44 3
23 40 3
27 28 4
49 56 8
8 60 2
10 59 8
49 70 9
18 59 9
11 23 4
32 59 1
16 29 3
14 48 5
20 22 4
34 44 1
55 57 8
1 18 1
2 23 10
3 44 6
5 69 8
38 60 8
35 62 3
3 24 6
36 48 7
15 73 10
16 35 2
56 59 8
28 51 1
30 52 10
38 45 9
27 29 6
20 37 1
26 56 3
11 14 6
29 55 6
40 52 2
20 71 6
35 39 1
32 35 3
28 73 3
5 41 8
37 58 5
10 58 9
17 62 6
33 35 10
48 55 5
12 68 5
3 56 9
36 68 4
4 39 1
25 65 3
27 60 8
15 29 2
35 55 7
34 72 9
31 54 1
22 28 1
12 19 6
13 33 8
36 62 3
8 35 1
17 65 9
66 68 8
40 42 9
23 54 10
33 51 5
19 61 7
46 58 4
28 53 2
6 39 2
1 57 2
11 45 10
16 72 9
44 63 6
12 71 5
34 47 6
1 9 5
6 22 1
30 57 10
11 24 6
11 54 1
46 70 6
21 45 4
16 73 9
16 36 2
4 37 8
23 56 7
5 72 8
55 64 9
56 70 5
10 46 2
23 70 1
60 64 8
22 36 2
21 52 4
16 18 1
12 61 2
1 6 10
42 66 6
43 57 10
14 56 2
9 18 6
21 48 4
25 55 4
3 62 6
20 38 6
49 64 10
19 34 10
55 72 7
22 55 3
18 62 1
3 19 6
38 65 9
50 57 1
18 25 8
29 49 4
19 26 9
25 61 1
11 18 10
23 47 4
46 68 4
7 14 7
29 35 5
23 72 1
16 67 1
18 53 7
6 26 7
20 40 5
59 62 8
19 60 8
19 23 6
12 46 1
47 64 1
21 51 7
23 58 8
21 66 3
6 38 6
10 49 7
33 62 2
34 66 1
27 33 3
12 16 2
23 33 6
10 20 10
28 61 10
15 70 4
12 70 9
10 67 10
1 44 2
44 62 9
68 69 8
38 44 6
26 65 6
19 64 8
36 69 5
2 72 3
29 52 5
22 61 8
1 5 6
12 59 4
29 71 8
10 14 1
24 39 6
5 30 1
37 54 3
5 32 9
1 65 6
7 40 2
39 48 5
65 72 1
45 69 8
38 41 5
12 26 8
