843 1000
134 39
776 33
977 14
399 33
524 18
565 42
996 20
374 48
312 49
416 15
325 48
594 11
527 47
203 6
943 9
259 49
510 49
523 39
597 25
394 41
88 9
490 49
670 19
147 4
174 31
73 21
201 14
142 39
595 38
431 31
586 6
886 32
490 21
551 4
422 6
763 29
807 50
410 31
370 1
727 5
38 17
477 23
241 31
84 36
932 21
615 11
208 1
833 8
664 2
116 21
502 9
871 32
104 12
430 3
810 4
202 24
975 32
75 13
896 6
614 16
408 39
371 37
59 6
710 28
750 25
400 18
983 27
844 3
726 1
775 26
206 18
386 20
140 13
51 46
34 45
526 27
427 46
355 47
854 43
966 50
516 36
825 9
523 35
308 28
231 17
752 6
772 32
757 42
408 45
865 21
323 34
323 25
313 49
854 16
427 35
735 49
390 28
369 35
983 24
340 17
722 30
108 48
607 20
705 23
273 45
923 3
639 14
969 23
967 22
384 7
14 39
143 21
574 38
214 30
708 31
249 40
71 36
723 32
955 32
724 29
327 30
181 18
932 23
833 3
268 29
858 43
260 25
340 49
528 41
236 5
13 46
315 2
227 35
465 12
801 11
761 34
496 38
21 47
47 20
725 38
944 18
12 18
789 42
176 45
91 6
572 37
852 44
492 38
901 23
287 49
237 21
941 45
425 15
931 48
294 19
183 36
889 34
472 48
219 18
154 21
374 31
510 44
798 34
418 33
301 6
333 45
645 26
980 39
612 6
496 19
693 40
632 19
455 19
702 14
330 5
659 41
668 17
834 37
919 28
783 20
43 5
624 50
736 47
34 46
188 34
773 31
675 22
27 43
438 13
483 12
95 35
594 48
755 4
845 31
172 18
750 43
393 41
803 44
568 4
830 45
811 36
928 48
827 46
62 41
540 13
739 38
291 10
463 22
815 37
711 18
656 13
525 42
983 16
112 49
687 10
406 49
917 8
632 39
572 36
500 49
810 24
296 17
868 5
556 37
121 21
341 45
225 5
556 41
744 2
202 12
289 47
832 25
914 15
489 3
379 38
653 16
159 49
564 22
727 50
463 47
190 6
805 19
574 18
874 27
797 27
428 3
573 1
875 28
532 30
568 15
603 6
11 28
647 13
200 11
691 11
957 44
781 27
143 27
678 34
351 33
32 29
329 9
281 1
422 42
18 33
154 43
692 34
356 8
238 4
359 3
310 48
52 1
353 35
740 40
323 22
221 34
702 38
707 12
703 11
441 42
897 42
558 37
1 25
115 2
986 23
833 28
960 37
676 30
533 33
542 24
905 22
61 42
444 3
333 42
147 41
633 12
617 22
725 49
951 18
281 47
846 12
879 30
532 11
268 5
413 13
277 31
867 46
825 34
622 4
425 36
407 18
228 37
765 3
265 46
1000 46
592 14
458 36
787 35
678 41
520 47
16 3
500 34
375 15
405 24
123 10
338 17
571 5
647 49
717 8
370 1
597 6
968 49
99 45
908 24
926 11
657 12
167 46
492 32
174 36
264 3
844 17
642 34
798 33
544 23
575 46
406 44
14 42
745 12
568 42
266 28
177 2
241 3
642 1
649 39
715 17
992 28
554 17
436 2
171 36
410 3
490 40
680 21
687 5
725 15
266 4
279 2
785 11
355 19
440 32
236 18
748 24
932 25
298 47
487 16
992 39
157 24
132 36
681 36
604 50
862 26
966 41
964 45
577 4
910 35
976 20
218 32
13 49
171 29
816 46
418 10
914 24
398 38
145 1
17 11
504 32
618 35
735 3
465 5
831 18
255 26
294 17
310 14
88 40
524 47
377 36
766 30
436 33
188 19
177 19
513 48
581 4
741 50
912 5
864 23
652 11
548 33
279 40
874 31
18 19
969 8
144 32
811 41
535 32
636 30
61 35
198 49
844 23
350 32
80 10
685 4
966 6
500 5
691 33
170 38
119 42
406 16
862 28
435 36
894 3
849 38
157 22
419 50
989 14
862 2
505 17
593 9
472 15
847 27
686 21
102 32
304 24
682 23
462 23
948 50
270 43
730 39
784 15
299 45
866 22
349 36
567 11
444 43
227 10
978 30
18 5
964 43
268 13
907 42
913 47
342 45
185 50
595 4
902 21
418 2
970 10
259 43
143 27
829 22
464 26
555 8
343 30
712 32
176 45
16 39
257 23
23 9
356 40
789 5
741 22
393 7
126 27
856 9
909 29
493 5
924 30
416 32
533 18
96 30
240 16
202 6
646 6
590 38
234 38
143 23
195 49
894 45
614 7
778 48
44 22
262 24
525 31
379 50
579 23
842 15
12 4
704 30
374 20
58 20
60 16
48 48
40 25
204 32
929 50
147 8
346 37
673 36
650 25
115 43
525 10
672 30
292 48
912 25
385 49
656 18
702 10
77 49
118 37
210 43
726 35
325 28
556 44
847 14
211 8
722 7
486 17
595 16
440 10
860 33
341 16
766 28
601 16
384 47
171 37
566 9
210 45
593 31
395 49
823 41
388 38
581 14
741 18
765 29
580 35
431 21
342 10
423 19
984 9
941 31
613 13
359 29
3 17
656 4
981 36
402 6
474 23
565 37
209 17
19 36
655 11
421 13
609 40
552 46
541 35
33 6
58 6
856 14
184 45
144 17
552 25
531 43
215 33
622 50
623 32
532 36
49 48
364 28
906 22
765 5
653 15
320 43
244 44
953 34
307 5
461 15
241 29
191 39
726 49
463 6
827 5
976 15
98 36
546 33
407 30
26 40
696 24
295 42
20 26
626 17
677 36
306 9
476 11
621 22
554 33
379 1
767 2
1 7
546 50
828 13
176 35
296 27
712 22
467 31
438 24
427 5
993 43
758 7
905 38
757 50
904 3
797 3
457 16
414 28
834 43
607 4
297 42
697 15
190 41
908 36
422 42
959 25
965 25
255 16
192 32
286 18
26 29
863 33
687 43
770 49
885 8
364 37
305 29
953 2
161 32
570 18
360 47
710 27
966 5
378 2
990 41
796 3
354 19
442 24
517 42
957 13
565 8
860 40
595 20
656 10
358 44
739 7
698 34
146 50
860 33
964 14
729 10
156 6
747 28
967 6
584 21
686 50
249 3
142 39
61 21
15 25
277 47
719 2
29 3
629 36
950 47
806 50
879 7
601 5
338 37
805 32
707 28
21 17
113 19
588 8
682 23
416 9
494 43
272 42
253 44
195 24
173 28
166 24
457 27
883 39
749 18
910 41
219 42
106 41
306 1
342 27
456 31
515 47
709 49
431 12
332 40
292 22
107 24
275 43
832 44
240 47
395 18
57 1
358 49
343 43
360 1
312 27
227 26
682 36
264 19
74 17
350 43
616 39
852 32
884 50
963 44
92 33
452 34
327 39
225 45
40 4
154 26
809 42
420 19
426 18
375 6
221 50
744 44
259 21
507 1
612 43
566 17
446 23
96 4
736 48
517 41
737 47
501 43
545 35
37 17
82 42
47 28
303 9
153 48
682 19
347 36
175 47
556 18
574 32
595 30
868 33
404 34
155 46
274 26
858 17
622 21
278 25
909 34
539 5
656 24
250 9
709 40
758 21
222 40
973 4
957 49
657 36
345 50
308 35
222 5
618 44
462 26
981 17
113 21
832 40
699 38
448 17
938 50
98 12
736 11
34 43
40 18
131 31
833 27
631 3
533 2
973 16
502 26
426 9
30 20
836 29
243 10
628 27
664 6
830 13
851 49
262 39
72 28
943 21
956 45
686 35
866 20
668 18
488 21
330 39
3 7
699 43
661 25
91 38
922 3
1 393 9
1 821 3
1 378 2
375 378 5
288 393 6
1 756 2
393 551 3
378 393 5
471 551 6
393 700 3
1 386 5
393 714 9
325 756 3
700 767 4
237 821 10
448 821 1
678 767 3
714 802 8
1 272 3
395 767 4
82 393 2
23 767 4
222 272 10
29 386 7
167 802 8
157 378 9
378 475 4
230 393 10
299 756 5
393 818 7
133 818 6
120 272 6
209 821 7
209 475 1
413 818 2
625 756 2
559 767 2
220 393 6
378 757 4
378 699 3
335 393 6
96 714 6
1 256 8
343 802 8
256 701 9
370 378 10
68 714 3
102 802 5
10 256 3
344 821 10
790 821 8
272 640 10
533 701 9
342 386 10
676 701 3
676 821 7
625 818 8
1 471 5
475 728 10
551 564 9
336 757 4
136 475 4
1 640 9
699 759 6
51 378 10
75 821 6
802 813 1
590 821 9
604 767 10
818 820 2
608 700 9
393 792 7
285 386 9
400 802 7
393 520 6
97 378 4
393 757 6
1 594 9
757 777 7
387 520 3
55 728 8
454 821 9
702 820 1
1 181 10
447 818 5
725 728 7
59 792 5
272 835 4
1 736 3
48 640 10
157 700 4
386 515 6
634 802 7
22 594 10
223 792 9
183 714 2
268 777 1
40 386 6
566 759 1
659 767 6
564 740 1
48 594 9
515 756 6
366 756 7
40 475 9
394 594 8
121 564 10
393 745 8
515 521 10
1 516 6
314 835 1
1 4 3
501 835 8
560 777 10
164 740 9
640 705 7
181 790 10
242 714 1
649 700 3
348 757 3
672 802 7
216 475 9
798 818 1
1 86 7
256 729 5
226 705 10
520 586 10
443 520 9
1 705 10
256 660 9
348 699 8
256 525 5
107 757 4
88 759 6
386 422 3
238 700 9
356 790 4
93 818 9
674 835 5
1 28 5
298 475 10
420 701 10
543 564 10
308 378 3
598 757 1
36 564 8
225 813 6
714 717 8
385 640 9
113 767 2
28 717 4
95 714 3
249 393 7
36 756 8
228 386 2
212 475 4
199 386 8
58 740 8
7 256 5
28 566 8
188 564 2
247 564 7
201 728 7
712 740 4
52 564 8
736 792 10
354 757 6
256 616 6
516 781 6
384 521 10
700 813 7
272 365 6
286 777 5
146 471 3
28 433 3
160 256 8
195 835 5
145 781 6
1 558 1
160 516 6
20 594 6
272 529 10
161 640 8
445 700 10
433 715 1
28 331 8
616 785 2
98 525 2
418 515 9
62 422 5
167 525 4
599 616 3
253 386 7
365 656 8
532 705 6
361 386 3
86 214 4
3 736 9
302 757 5
403 717 7
435 729 2
616 621 9
433 572 2
506 594 3
214 784 9
735 792 8
76 586 6
86 120 2
296 700 8
3 4 10
46 705 7
395 757 8
393 687 9
802 835 10
393 723 8
621 696 8
81 835 9
157 705 4
4 277 8
293 515 7
435 660 3
604 705 10
658 785 10
149 594 4
768 777 1
181 627 4
641 818 9
702 785 3
412 777 8
523 756 9
365 695 10
171 700 4
307 723 10
214 569 8
319 729 8
558 730 4
374 820 10
463 820 5
602 627 1
378 515 5
111 277 9
566 840 10
537 728 5
730 811 10
135 740 4
516 801 5
715 717 2
232 569 3
92 181 1
730 819 7
86 767 1
181 478 7
413 767 4
558 659 6
463 640 9
616 821 9
727 781 4
125 699 1
668 687 10
520 561 8
658 781 5
607 701 9
551 795 9
99 820 4
315 378 5
616 733 2
640 802 10
24 272 10
507 730 10
35 478 8
23 811 10
234 516 3
561 804 2
298 821 7
561 791 2
556 781 8
181 496 3
192 785 4
405 521 3
386 742 9
146 516 9
341 659 2
713 781 10
791 794 8
433 526 5
804 836 6
659 660 1
608 756 3
627 777 1
364 818 4
342 790 4
282 656 7
1 596 9
348 777 8
384 723 8
433 801 7
86 166 3
670 687 10
4 272 2
464 728 1
310 777 9
503 791 2
23 526 1
337 365 3
256 792 2
86 276 5
255 821 4
471 829 1
347 525 4
304 596 5
66 521 6
186 714 10
637 717 4
28 685 3
600 745 4
633 656 5
55 566 5
651 742 2
746 777 5
478 715 1
191 729 6
525 566 3
8 616 1
733 811 4
104 656 9
585 801 8
798 840 9
615 659 6
566 642 7
178 717 4
494 572 10
318 331 4
53 840 7
701 843 4
372 478 3
170 736 6
68 813 3
259 422 7
137 756 9
433 678 6
228 791 10
550 616 7
471 620 7
20 745 2
475 747 8
661 714 8
342 596 3
181 604 2
299 792 4
155 331 2
783 792 2
622 687 2
86 285 3
256 742 1
328 678 3
79 717 7
112 695 2
520 782 2
624 795 5
254 843 6
53 616 2
269 620 9
397 736 3
629 840 1
569 811 9
362 740 2
358 804 5
511 791 10
96 572 1
471 730 8
12 820 8
276 790 10
381 627 9
652 656 3
520 630 3
104 277 9
256 294 3
660 759 10
257 717 3
99 701 9
193 630 4
715 767 8
520 683 5
217 586 7
182 723 4
143 804 4
50 740 1
433 602 8
621 782 8
86 713 8
193 740 7
229 695 6
775 790 6
551 745 10
49 660 4
371 733 3
763 795 7
273 572 10
306 685 2
301 784 6
170 478 4
153 699 2
564 569 7
257 785 9
620 796 3
525 738 6
482 564 2
639 685 1
587 616 1
687 738 7
366 620 10
126 685 4
6 757 5
570 792 1
205 802 8
636 701 3
654 733 3
160 564 5
419 723 1
376 621 10
660 678 1
202 471 6
127 696 4
22 784 6
97 627 9
143 558 2
753 790 7
202 795 3
714 740 2
163 715 1
365 583 7
107 214 8
320 516 6
53 551 3
130 730 6
697 767 2
523 583 1
708 818 9
388 596 9
302 829 2
790 840 5
2 386 8
508 836 6
89 843 1
294 363 4
542 767 8
318 386 5
49 496 7
115 277 6
678 740 3
398 759 5
38 811 2
824 835 1
704 784 9
234 729 6
613 678 1
128 640 8
714 784 10
85 331 7
200 331 9
680 835 9
254 642 6
71 699 8
33 687 1
120 591 9
287 496 9
212 820 3
490 802 8
382 526 1
728 745 9
331 378 6
586 590 1
417 558 6
347 802 3
65 285 9
660 807 6
301 781 6
4 777 6
331 834 4
361 742 4
591 793 2
656 684 1
621 831 6
375 393 1
520 626 2
229 811 7
471 841 5
166 566 9
516 796 2
63 627 3
39 515 10
511 736 5
61 745 1
110 701 4
120 335 6
9 717 5
600 723 8
543 821 10
388 804 5
640 745 6
347 683 10
294 348 2
725 804 8
135 793 9
685 717 1
417 586 7
627 751 7
225 747 3
375 795 5
496 796 7
381 714 5
88 285 9
277 341 1
106 422 8
56 642 8
213 386 10
276 794 2
145 294 7
86 583 10
586 820 1
162 811 6
353 475 5
630 674 7
475 813 6
207 818 4
341 471 3
637 745 9
558 779 1
471 509 4
422 424 9
333 471 7
478 646 7
630 717 10
272 567 4
380 640 5
378 764 1
176 393 6
572 730 6
588 767 5
363 423 5
179 285 5
256 436 5
20 386 5
435 566 6
341 776 10
203 642 3
506 835 4
274 781 8
177 627 9
60 120 2
225 596 6
487 738 7
151 699 1
409 740 1
602 814 9
602 657 7
382 767 1
516 742 7
214 341 9
343 751 1
566 635 7
261 705 3
243 742 10
34 779 6
2 784 10
736 808 5
84 819 9
510 796 3
378 518 5
276 395 5
383 620 8
659 729 7
710 802 2
699 737 6
426 802 3
32 520 1
166 707 4
186 526 7
306 814 3
112 529 3
144 640 6
470 736 7
357 707 8
120 482 6
308 742 10
181 302 1
4 322 3
42 594 3
331 731 7
483 674 7
167 829 8
465 829 10
696 733 9
265 363 2
533 790 2
680 701 2
329 841 6
103 181 2
703 813 7
324 808 4
181 387 6
234 475 4
396 834 4
228 684 8
56 620 5
376 707 2
476 714 2
125 564 6
282 567 5
239 341 1
515 561 3
579 630 4
50 738 10
104 699 8
607 834 6
206 802 1
446 594 1
442 767 5
516 782 1
441 756 4
395 773 3
395 626 3
380 630 1
143 365 9
86 124 9
341 525 10
8 422 1
65 808 1
695 700 2
180 730 10
184 695 5
515 718 6
166 296 9
285 677 2
124 766 8
221 496 6
529 720 1
44 272 1
336 685 1
154 738 9
52 808 1
409 525 2
569 604 8
525 651 6
36 424 9
243 687 1
211 808 5
751 843 3
2 635 8
397 818 5
424 756 9
201 433 1
75 621 10
472 496 10
260 821 6
637 807 7
259 736 7
534 594 10
558 581 2
6 695 10
568 586 10
67 86 6
277 656 6
726 802 5
394 436 4
405 482 8
375 395 9
323 747 7
108 745 2
474 841 5
363 613 8
168 387 10
322 596 3
335 338 2
272 809 4
177 695 8
627 713 6
257 627 3
713 795 10
146 387 10
277 484 10
427 581 4
95 729 8
477 829 1
263 674 10
579 733 6
715 732 5
604 641 9
51 685 1
156 393 9
294 475 9
635 786 7
781 792 5
621 693 4
583 842 1
371 723 5
386 745 5
730 751 7
683 821 1
358 729 10
502 696 3
348 540 6
272 658 7
681 751 6
524 808 9
793 808 4
280 732 6
604 613 2
657 791 10
346 717 8
270 804 5
386 807 8
43 335 10
1 646 2
384 840 3
532 751 8
604 840 6
725 842 4
432 740 4
322 568 5
671 834 7
283 714 3
444 813 9
105 820 9
761 808 4
214 547 8
69 700 9
292 567 9
58 766 5
108 835 10
646 653 10
363 814 3
192 677 10
650 653 7
503 581 4
525 669 1
540 747 2
521 544 6
544 838 6
343 626 4
496 577 6
413 740 2
328 518 5
648 781 7
563 790 4
640 774 2
214 544 9
4 528 3
483 594 2
294 590 10
651 693 6
620 792 9
198 840 1
15 621 1
49 363 4
439 795 7
130 256 4
500 699 3
74 613 5
123 731 10
387 567 2
738 774 7
215 256 8
770 776 9
47 520 3
672 723 3
159 818 7
454 836 1
456 701 8
717 740 1
516 680 2
28 182 9
804 811 10
4 644 9
458 699 9
247 644 3
6 784 10
4 683 10
608 717 1
642 755 8
225 581 5
484 712 8
552 583 8
583 703 3
55 422 9
600 732 5
474 678 8
594 809 10
191 820 6
159 214 7
707 717 5
700 747 7
566 596 7
331 831 5
596 831 7
109 723 5
362 515 1
219 529 2
594 678 9
365 795 7
698 790 2
469 695 7
120 410 9
488 678 3
398 484 7
50 831 7
516 776 5
657 702 4
130 410 6
657 765 2
373 482 7
422 649 4
558 641 3
277 338 3
272 622 6
81 790 5
580 818 4
387 718 7
238 696 3
46 166 8
665 809 8
302 792 7
1 617 1
751 816 7
342 387 7
296 602 10
424 705 5
120 712 5
387 672 4
69 840 1
518 689 7
256 699 8
669 816 1
782 805 3
557 811 5
683 699 6
452 766 3
239 718 6
169 516 8
685 786 5
751 778 10
679 759 3
565 656 2
17 424 5
442 836 2
143 475 10
521 545 9
615 736 2
32 277 5
677 813 6
424 692 10
302 685 1
331 664 10
470 764 4
450 687 8
28 271 10
678 832 3
166 181 9
226 635 8
612 684 5
302 651 5
546 702 3
620 809 5
137 677 4
58 613 2
249 808 10
758 781 1
672 740 9
737 782 9
254 779 5
363 577 6
166 699 2
331 590 8
270 723 6
478 732 3
594 668 7
356 705 3
272 390 9
301 551 5
120 606 7
365 372 1
571 781 1
67 363 7
355 759 2
195 660 5
714 729 4
166 594 1
22 804 10
352 745 7
485 684 1
196 766 5
227 518 4
58 794 7
144 566 3
322 609 2
687 829 7
644 815 3
4 196 9
360 701 6
597 792 10
196 761 3
265 779 8
313 566 8
15 796 8
234 365 3
294 586 6
347 843 5
225 271 9
166 308 8
258 649 4
646 674 6
343 689 5
630 802 4
695 782 8
211 594 4
313 674 7
552 693 2
479 484 7
594 836 2
642 728 3
629 831 5
428 834 5
515 590 1
226 811 6
298 685 3
717 733 7
544 821 9
733 786 8
354 674 1
21 736 8
338 842 10
346 656 8
288 365 4
586 722 2
447 689 8
340 529 6
78 583 3
567 696 9
271 687 2
221 613 1
387 702 4
722 763 8
206 718 4
546 700 4
147 656 3
436 811 2
618 685 1
660 750 9
281 695 1
272 277 6
86 766 5
272 718 7
471 699 7
325 816 3
608 729 9
358 820 7
402 657 5
387 450 6
715 811 9
579 786 2
701 781 3
161 831 10
595 790 3
56 276 10
128 656 1
616 742 1
740 750 3
113 757 7
747 770 7
233 627 8
655 717 4
44 378 9
235 773 7
88 545 6
181 832 10
520 765 9
44 733 2
209 764 7
227 747 9
627 780 4
422 432 6
352 751 4
514 705 4
306 813 9
9 784 3
88 641 6
492 540 9
285 669 9
200 712 4
4 39 3
102 120 6
39 831 5
622 691 7
168 778 8
298 841 2
568 702 6
57 272 8
190 782 9
411 766 6
213 478 2
